xof 0303txt 0032

Frame Root {
  FrameTransformMatrix {
     1.000000, 0.000000, 0.000000, 0.000000,
     0.000000,-0.000000,-1.000000, 0.000000,
     0.000000, 1.000000,-0.000000, 0.000000,
     0.000000, 0.000000, 0.000000, 1.000000;;
  }
  Frame Armature {
    FrameTransformMatrix {
       0.010000, 0.000000, 0.000000, 0.000000,
       0.000000,-0.000000, 0.010000, 0.000000,
       0.000000,-0.010000,-0.000000, 0.000000,
       0.000000, 0.000000, 0.000000, 1.000000;;
    }
    Frame Armature_mixamorig_Hips {
      FrameTransformMatrix {
         0.932430,-0.047501, 0.358215, 0.000000,
        -0.032820, 0.976092, 0.214863, 0.000000,
        -0.359857,-0.212101, 0.908579, 0.000000,
         0.643711,93.945068,-1.129310, 1.000000;;
      }
      Frame Armature_mixamorig_LeftUpLeg {
        FrameTransformMatrix {
          -0.928301,-0.221841, 0.298066, 0.000000,
           0.371079,-0.603682, 0.704844, 0.000000,
           0.023610, 0.765738, 0.641992, 0.000000,
          11.569599,-8.174100, 1.166996, 1.000000;;
        }
        Frame Armature_mixamorig_LeftLeg {
          FrameTransformMatrix {
             0.990342,-0.043513,-0.131639, 0.000000,
            -0.067147, 0.680160,-0.729982, 0.000000,
             0.121299, 0.731771, 0.670669, 0.000000,
            -0.000001,41.253307,-0.000003, 1.000000;;
          }
          Frame Armature_mixamorig_LeftFoot {
            FrameTransformMatrix {
               0.958219,-0.286026, 0.002269, 0.000000,
               0.181177, 0.613064, 0.768978, 0.000000,
              -0.221338,-0.736438, 0.639272, 0.000000,
              -0.000002,41.475227,-0.000001, 1.000000;;
            }
            Frame Armature_mixamorig_LeftToeBase {
              FrameTransformMatrix {
                 0.991092, 0.080891, 0.105798, 0.000000,
                -0.132764, 0.662719, 0.737006, 0.000000,
                -0.010497,-0.744487, 0.667554, 0.000000,
                -0.000004,17.308474,-0.000000, 1.000000;;
              }
              Frame Armature_mixamorig_LeftToe_End {
                FrameTransformMatrix {
                   1.000000, 0.000000, 0.000002, 0.000000,
                  -0.000000, 1.000000, 0.000000, 0.000000,
                  -0.000002,-0.000000, 1.000000, 0.000000,
                   0.000002,14.774347,-0.000000, 1.000000;;
                }
              } // End of Armature_mixamorig_LeftToe_End
            } // End of Armature_mixamorig_LeftToeBase
          } // End of Armature_mixamorig_LeftFoot
        } // End of Armature_mixamorig_LeftLeg
      } // End of Armature_mixamorig_LeftUpLeg
      Frame Armature_mixamorig_RightUpLeg {
        FrameTransformMatrix {
          -0.947011, 0.172856,-0.270632, 0.000000,
          -0.303142,-0.759613, 0.575221, 0.000000,
          -0.106181, 0.626984, 0.771498, 0.000000,
          -11.569599,-8.174097, 1.166998, 1.000000;;
        }
        Frame Armature_mixamorig_RightLeg {
          FrameTransformMatrix {
             0.993002,-0.020644, 0.116278, 0.000000,
             0.101418, 0.653542,-0.750064, 0.000000,
            -0.060509, 0.756608, 0.651062, 0.000000,
            -0.000003,41.253204,-0.000001, 1.000000;;
          }
          Frame Armature_mixamorig_RightFoot {
            FrameTransformMatrix {
               0.961809, 0.272671, 0.023951, 0.000000,
              -0.149249, 0.449076, 0.880940, 0.000000,
               0.229452,-0.850871, 0.472622, 0.000000,
               0.000004,41.475105, 0.000001, 1.000000;;
            }
            Frame Armature_mixamorig_RightToeBase {
              FrameTransformMatrix {
                 0.991097,-0.082244,-0.104707, 0.000000,
                 0.132746, 0.671158, 0.729332, 0.000000,
                 0.010292,-0.736738, 0.676099, 0.000000,
                -0.000001,17.302580, 0.000000, 1.000000;;
              }
              Frame Armature_mixamorig_RightToe_End {
                FrameTransformMatrix {
                   1.000000,-0.000000,-0.000001, 0.000000,
                   0.000000, 1.000000,-0.000000, 0.000000,
                   0.000001, 0.000000, 1.000000, 0.000000,
                  -0.000001,14.762835,-0.000000, 1.000000;;
                }
              } // End of Armature_mixamorig_RightToe_End
            } // End of Armature_mixamorig_RightToeBase
          } // End of Armature_mixamorig_RightFoot
        } // End of Armature_mixamorig_RightLeg
      } // End of Armature_mixamorig_RightUpLeg
      Frame Armature_mixamorig_Spine {
        FrameTransformMatrix {
           0.999528,-0.026285,-0.015885, 0.000000,
           0.028700, 0.983548, 0.178351, 0.000000,
           0.010935,-0.178723, 0.983839, 0.000000,
          -0.000000,11.384809,-0.357602, 1.000000;;
        }
        Frame Armature_mixamorig_Spine1 {
          FrameTransformMatrix {
             0.999633,-0.025154,-0.010042, 0.000000,
             0.025572, 0.998708, 0.043919, 0.000000,
             0.008925,-0.044160, 0.998985, 0.000000,
            -0.000000,11.001202,-0.000000, 1.000000;;
          }
          Frame Armature_mixamorig_Spine2 {
            FrameTransformMatrix {
               0.999606,-0.024404,-0.013855, 0.000000,
               0.026789, 0.976879, 0.212108, 0.000000,
               0.008358,-0.212396, 0.977148, 0.000000,
               0.000001,11.833405,-0.000003, 1.000000;;
            }
            Frame Armature_mixamorig_BackRope1 {
              FrameTransformMatrix {
                -1.000000,-0.000000, 0.000001, 0.000000,
                 0.000000,-0.992635, 0.121143, 0.000000,
                 0.000001, 0.121148, 0.992652, 0.000000,
                -19.003601,11.019896,-21.992504, 1.000000;;
              }
              Frame Armature_mixamorig_BackRope2 {
                FrameTransformMatrix {
                   1.000000,-0.000000, 0.000000, 0.000000,
                  -0.000000, 1.000000, 0.000000, 0.000000,
                  -0.000000,-0.000000, 1.000000, 0.000000,
                  -0.000000,14.875120, 0.000004, 1.000000;;
                }
                Frame Armature_mixamorig_BackRope3 {
                  FrameTransformMatrix {
                     1.000000,-0.000000,-0.000000, 0.000000,
                     0.000000, 1.000000,-0.000000, 0.000000,
                     0.000000, 0.000000, 1.000000, 0.000000,
                    -0.000002,13.950481, 0.000008, 1.000000;;
                  }
                } // End of Armature_mixamorig_BackRope3
              } // End of Armature_mixamorig_BackRope2
            } // End of Armature_mixamorig_BackRope1
            Frame Armature_mixamorig_FrontRope1 {
              FrameTransformMatrix {
                 1.000000, 0.000000,-0.000000, 0.000000,
                 0.000000,-1.000000,-0.000000, 0.000000,
                -0.000000,-0.000000,-1.000000, 0.000000,
                -1.300000, 6.593892,16.769011, 1.000000;;
              }
              Frame Armature_mixamorig_FrontRope2 {
                FrameTransformMatrix {
                   1.000000,-0.000000,-0.000000, 0.000000,
                  -0.000000, 1.000000, 0.000000, 0.000000,
                   0.000000,-0.000000, 1.000000, 0.000000,
                   0.000001,11.583996, 0.000008, 1.000000;;
                }
              } // End of Armature_mixamorig_FrontRope2
            } // End of Armature_mixamorig_FrontRope1
            Frame Armature_mixamorig_LeftShoulder {
              FrameTransformMatrix {
                 0.075314, 0.071722,-0.994577, 0.000000,
                 0.851216,-0.524138, 0.026661, 0.000000,
                -0.519383,-0.848608,-0.100526, 0.000000,
                 7.841202,26.217997,-8.222701, 1.000000;;
              }
              Frame Armature_mixamorig_LeftArm {
                FrameTransformMatrix {
                   0.903989, 0.318046, 0.285746, 0.000000,
                  -0.415752, 0.809841, 0.413893, 0.000000,
                  -0.099772,-0.492954, 0.864316, 0.000000,
                  -0.000008,17.075203,-0.000005, 1.000000;;
                }
                Frame Armature_mixamorig_LeftForeArm {
                  FrameTransformMatrix {
                    -0.017146, 0.999853,-0.000001, 0.000000,
                    -0.999853,-0.017146, 0.000000, 0.000000,
                    -0.000000, 0.000001, 1.000000, 0.000000,
                     0.000001,22.159306, 0.000001, 1.000000;;
                  }
                  Frame Armature_mixamorig_LeftHand {
                    FrameTransformMatrix {
                       0.783407,-0.326075,-0.529102, 0.000000,
                       0.152667, 0.926196,-0.344753, 0.000000,
                       0.602467, 0.189305, 0.775369, 0.000000,
                       0.000001,28.150312,-0.000012, 1.000000;;
                    }
                    Frame Armature_mixamorig_LeftHandIndex1 {
                      FrameTransformMatrix {
                         0.999363,-0.035191,-0.006000, 0.000000,
                         0.035296, 0.948812, 0.313864, 0.000000,
                        -0.005352,-0.313875, 0.949449, 0.000000,
                        -3.147197,14.950502, 0.251399, 1.000000;;
                      }
                      Frame Armature_mixamorig_LeftHandIndex2 {
                        FrameTransformMatrix {
                           0.998975,-0.044436,-0.008622, 0.000000,
                           0.044436, 0.926452, 0.373780, 0.000000,
                          -0.008622,-0.373780, 0.927477, 0.000000,
                           0.000004, 3.058405, 0.000006, 1.000000;;
                        }
                        Frame Armature_mixamorig_LeftHandIndex3 {
                          FrameTransformMatrix {
                             0.999741,-0.022638,-0.002176, 0.000000,
                             0.022638, 0.981441, 0.190424, 0.000000,
                            -0.002176,-0.190424, 0.981700, 0.000000,
                            -0.000002, 3.360127,-0.000002, 1.000000;;
                          }
                          Frame Armature_mixamorig_LeftHandIndex4 {
                            FrameTransformMatrix {
                               1.000000,-0.000000,-0.000000, 0.000000,
                               0.000000, 1.000000, 0.000000, 0.000000,
                              -0.000000,-0.000000, 1.000000, 0.000000,
                               0.000003, 2.824000, 0.000005, 1.000000;;
                            }
                          } // End of Armature_mixamorig_LeftHandIndex4
                        } // End of Armature_mixamorig_LeftHandIndex3
                      } // End of Armature_mixamorig_LeftHandIndex2
                    } // End of Armature_mixamorig_LeftHandIndex1
                    Frame Armature_mixamorig_LeftHandMiddle1 {
                      FrameTransformMatrix {
                         0.999364,-0.035160,-0.005990, 0.000000,
                         0.035264, 0.948901, 0.313599, 0.000000,
                        -0.005343,-0.313611, 0.949537, 0.000000,
                        -0.016195,14.948504, 0.130707, 1.000000;;
                      }
                      Frame Armature_mixamorig_LeftHandMiddle2 {
                        FrameTransformMatrix {
                           0.998974,-0.044467,-0.008634, 0.000000,
                           0.044467, 0.926347, 0.374038, 0.000000,
                          -0.008634,-0.374038, 0.927373, 0.000000,
                          -0.000001, 4.533203, 0.000001, 1.000000;;
                        }
                        Frame Armature_mixamorig_LeftHandMiddle3 {
                          FrameTransformMatrix {
                             0.999741,-0.022638,-0.002176, 0.000000,
                             0.022638, 0.981441, 0.190424, 0.000000,
                            -0.002176,-0.190424, 0.981700, 0.000000,
                             0.000002, 2.187899, 0.000002, 1.000000;;
                          }
                          Frame Armature_mixamorig_LeftHandMiddle4 {
                            FrameTransformMatrix {
                               1.000000, 0.000000, 0.000000, 0.000000,
                              -0.000000, 1.000000, 0.000000, 0.000000,
                               0.000000,-0.000000, 1.000000, 0.000000,
                               0.000001, 3.387807,-0.000011, 1.000000;;
                            }
                          } // End of Armature_mixamorig_LeftHandMiddle4
                        } // End of Armature_mixamorig_LeftHandMiddle3
                      } // End of Armature_mixamorig_LeftHandMiddle2
                    } // End of Armature_mixamorig_LeftHandMiddle1
                    Frame Armature_mixamorig_LeftHandPinky1 {
                      FrameTransformMatrix {
                         0.994363,-0.102298,-0.027886, 0.000000,
                         0.105925, 0.946665, 0.304313, 0.000000,
                        -0.004732,-0.305551, 0.952164, 0.000000,
                         5.517904,12.748604, 0.325004, 1.000000;;
                      }
                      Frame Armature_mixamorig_LeftHandPinky2 {
                        FrameTransformMatrix {
                           0.999614, 0.026397,-0.008701, 0.000000,
                          -0.021075, 0.923961, 0.381906, 0.000000,
                           0.018121,-0.381575, 0.924160, 0.000000,
                          -0.000006, 2.238595,-0.000020, 1.000000;;
                        }
                        Frame Armature_mixamorig_LeftHandPinky3 {
                          FrameTransformMatrix {
                             0.999741,-0.022638,-0.002176, 0.000000,
                             0.022638, 0.981441, 0.190424, 0.000000,
                            -0.002176,-0.190424, 0.981699, 0.000000,
                            -0.000003, 3.233310,-0.000010, 1.000000;;
                          }
                          Frame Armature_mixamorig_LeftHandPinky4 {
                            FrameTransformMatrix {
                               1.000000,-0.000000, 0.000000, 0.000000,
                               0.000000, 1.000000,-0.000000, 0.000000,
                               0.000000,-0.000000, 1.000000, 0.000000,
                              -0.000003, 1.875382, 0.000010, 1.000000;;
                            }
                          } // End of Armature_mixamorig_LeftHandPinky4
                        } // End of Armature_mixamorig_LeftHandPinky3
                      } // End of Armature_mixamorig_LeftHandPinky2
                    } // End of Armature_mixamorig_LeftHandPinky1
                    Frame Armature_mixamorig_LeftHandRing1 {
                      FrameTransformMatrix {
                         0.999363,-0.035191,-0.006000, 0.000000,
                         0.035295, 0.948812, 0.313864, 0.000000,
                        -0.005352,-0.313875, 0.949449, 0.000000,
                         3.504804,15.108305,-0.011799, 1.000000;;
                      }
                      Frame Armature_mixamorig_LeftHandRing2 {
                        FrameTransformMatrix {
                           0.998975,-0.044436,-0.008622, 0.000000,
                           0.044436, 0.926452, 0.373780, 0.000000,
                          -0.008622,-0.373779, 0.927477, 0.000000,
                           0.000002, 3.190000, 0.000008, 1.000000;;
                        }
                        Frame Armature_mixamorig_LeftHandRing3 {
                          FrameTransformMatrix {
                             0.999741,-0.022638,-0.002176, 0.000000,
                             0.022638, 0.981441, 0.190424, 0.000000,
                            -0.002176,-0.190424, 0.981699, 0.000000,
                            -0.000001, 3.464004,-0.000001, 1.000000;;
                          }
                          Frame Armature_mixamorig_LeftHandRing4 {
                            FrameTransformMatrix {
                               1.000000, 0.000000,-0.000000, 0.000000,
                              -0.000000, 1.000000,-0.000000, 0.000000,
                               0.000000, 0.000000, 1.000000, 0.000000,
                               0.000000, 2.167991, 0.000015, 1.000000;;
                            }
                          } // End of Armature_mixamorig_LeftHandRing4
                        } // End of Armature_mixamorig_LeftHandRing3
                      } // End of Armature_mixamorig_LeftHandRing2
                    } // End of Armature_mixamorig_LeftHandRing1
                    Frame Armature_mixamorig_LeftHandThumb1 {
                      FrameTransformMatrix {
                         0.950651, 0.279808,-0.134051, 0.000000,
                        -0.146541, 0.785764, 0.600916, 0.000000,
                         0.273474,-0.551618, 0.787991, 0.000000,
                        -5.326798, 8.902700, 2.392906, 1.000000;;
                      }
                      Frame Armature_mixamorig_LeftHandThumb2 {
                        FrameTransformMatrix {
                           0.926986,-0.300826, 0.224057, 0.000000,
                           0.318225, 0.946937,-0.045195, 0.000000,
                          -0.198572, 0.113196, 0.973528, 0.000000,
                           0.000000, 4.102992, 0.000002, 1.000000;;
                        }
                        Frame Armature_mixamorig_LeftHandThumb3 {
                          FrameTransformMatrix {
                             0.987088,-0.112247, 0.114269, 0.000000,
                             0.121947, 0.989163,-0.081759, 0.000000,
                            -0.103853, 0.094638, 0.990080, 0.000000,
                            -0.000004, 3.058311, 0.000014, 1.000000;;
                          }
                          Frame Armature_mixamorig_LeftHandThumb4 {
                            FrameTransformMatrix {
                               1.000000, 0.000001,-0.000001, 0.000000,
                              -0.000001, 1.000000, 0.000006, 0.000000,
                               0.000001,-0.000006, 1.000000, 0.000000,
                               0.000002, 2.166993, 0.000006, 1.000000;;
                            }
                          } // End of Armature_mixamorig_LeftHandThumb4
                        } // End of Armature_mixamorig_LeftHandThumb3
                      } // End of Armature_mixamorig_LeftHandThumb2
                    } // End of Armature_mixamorig_LeftHandThumb1
                  } // End of Armature_mixamorig_LeftHand
                } // End of Armature_mixamorig_LeftForeArm
              } // End of Armature_mixamorig_LeftArm
            } // End of Armature_mixamorig_LeftShoulder
            Frame Armature_mixamorig_Neck {
              FrameTransformMatrix {
                 0.998287,-0.036652,-0.045614, 0.000000,
                 0.028988, 0.986919,-0.158590, 0.000000,
                 0.050830, 0.156996, 0.986290, 0.000000,
                 0.000001,31.653790,-6.283097, 1.000000;;
              }
              Frame Armature_mixamorig_Head {
                FrameTransformMatrix {
                   0.978039,-0.061132,-0.199255, 0.000000,
                  -0.002227, 0.952898,-0.303283, 0.000000,
                   0.208410, 0.297066, 0.931835, 0.000000,
                   0.000001,15.916029, 3.311097, 1.000000;;
                }
                Frame Armature_mixamorig_HeadTop_End {
                  FrameTransformMatrix {
                     1.000000, 0.000000, 0.000000, 0.000000,
                    -0.000000, 1.000000, 0.000000, 0.000000,
                     0.000000, 0.000000, 1.000000, 0.000000,
                    -0.000000,18.714504, 7.508610, 1.000000;;
                  }
                } // End of Armature_mixamorig_HeadTop_End
                Frame Armature_mixamorig_LeftEye {
                  FrameTransformMatrix {
                     1.000000, 0.000000, 0.000000, 0.000000,
                     0.000000, 0.999950,-0.009966, 0.000000,
                     0.000000, 0.009966, 0.999950, 0.000000,
                     3.684999, 2.966212, 9.193804, 1.000000;;
                  }
                } // End of Armature_mixamorig_LeftEye
                Frame Armature_mixamorig_RightEye {
                  FrameTransformMatrix {
                     1.000000, 0.000000, 0.000000, 0.000000,
                     0.000000, 0.928086, 0.372367, 0.000000,
                    -0.000000,-0.372367, 0.928085, 0.000000,
                    -3.685001, 2.966009, 9.193806, 1.000000;;
                  }
                } // End of Armature_mixamorig_RightEye
              } // End of Armature_mixamorig_Head
            } // End of Armature_mixamorig_Neck
            Frame Armature_mixamorig_RightShoulder {
              FrameTransformMatrix {
                 0.264179,-0.155680, 0.951826, 0.000000,
                -0.834890,-0.531010, 0.144872, 0.000000,
                 0.482876,-0.832942,-0.270258, 0.000000,
                -7.841199,26.217791,-8.222697, 1.000000;;
              }
              Frame Armature_mixamorig_RightArm {
                FrameTransformMatrix {
                   0.779063,-0.589558,-0.213263, 0.000000,
                   0.624536, 0.759585, 0.181622, 0.000000,
                   0.054915,-0.274685, 0.959965, 0.000000,
                  -0.000005,17.075191,-0.000005, 1.000000;;
                }
                Frame Armature_mixamorig_RightForeArm {
                  FrameTransformMatrix {
                    -0.047543,-0.998869, 0.000003, 0.000000,
                     0.998869,-0.047543,-0.000000, 0.000000,
                     0.000000, 0.000003, 1.000000, 0.000000,
                     0.000000,22.159285, 0.000006, 1.000000;;
                  }
                  Frame Armature_mixamorig_RightHand {
                    FrameTransformMatrix {
                       0.819605, 0.314807, 0.478690, 0.000000,
                      -0.066159, 0.881928,-0.466717, 0.000000,
                      -0.569097, 0.350854, 0.743660, 0.000000,
                       0.000001,28.150284, 0.000005, 1.000000;;
                    }
                    Frame Armature_mixamorig_RightHandIndex1 {
                      FrameTransformMatrix {
                         0.998047, 0.060015, 0.017350, 0.000000,
                        -0.060319, 0.853445, 0.517681, 0.000000,
                         0.016262,-0.517716, 0.855398, 0.000000,
                         3.147203,14.950492, 0.251004, 1.000000;;
                      }
                      Frame Armature_mixamorig_RightHandIndex2 {
                        FrameTransformMatrix {
                           0.999628, 0.027102, 0.003100, 0.000000,
                          -0.027102, 0.973807, 0.225756, 0.000000,
                           0.003100,-0.225756, 0.974179, 0.000000,
                           0.000003, 3.058394, 0.000001, 1.000000;;
                        }
                        Frame Armature_mixamorig_RightHandIndex3 {
                          FrameTransformMatrix {
                             0.999907, 0.013640, 0.000778, 0.000000,
                            -0.013640, 0.993430, 0.113625, 0.000000,
                             0.000777,-0.113625, 0.993523, 0.000000,
                             0.000001, 3.360111, 0.000006, 1.000000;;
                          }
                          Frame Armature_mixamorig_RightHandIndex4 {
                            FrameTransformMatrix {
                               1.000000,-0.000000,-0.000000, 0.000000,
                               0.000000, 1.000000, 0.000000, 0.000000,
                               0.000000, 0.000000, 1.000000, 0.000000,
                               0.000005, 2.823987,-0.000003, 1.000000;;
                            }
                          } // End of Armature_mixamorig_RightHandIndex4
                        } // End of Armature_mixamorig_RightHandIndex3
                      } // End of Armature_mixamorig_RightHandIndex2
                    } // End of Armature_mixamorig_RightHandIndex1
                    Frame Armature_mixamorig_RightHandMiddle1 {
                      FrameTransformMatrix {
                         0.998047, 0.060015, 0.017350, 0.000000,
                        -0.060319, 0.853445, 0.517681, 0.000000,
                         0.016262,-0.517716, 0.855398, 0.000000,
                         0.016201,14.948495, 0.131003, 1.000000;;
                      }
                      Frame Armature_mixamorig_RightHandMiddle2 {
                        FrameTransformMatrix {
                           0.999628, 0.027102, 0.003100, 0.000000,
                          -0.027102, 0.973807, 0.225756, 0.000000,
                           0.003100,-0.225756, 0.974179, 0.000000,
                          -0.000003, 4.533201,-0.000010, 1.000000;;
                        }
                        Frame Armature_mixamorig_RightHandMiddle3 {
                          FrameTransformMatrix {
                             0.999907, 0.013640, 0.000778, 0.000000,
                            -0.013640, 0.993430, 0.113625, 0.000000,
                             0.000777,-0.113624, 0.993524, 0.000000,
                             0.000010, 2.188000, 0.000005, 1.000000;;
                          }
                          Frame Armature_mixamorig_RightHandMiddle4 {
                            FrameTransformMatrix {
                               1.000000, 0.000000, 0.000000, 0.000000,
                               0.000000, 1.000000,-0.000000, 0.000000,
                               0.000000,-0.000000, 1.000000, 0.000000,
                              -0.000002, 3.387698, 0.000009, 1.000000;;
                            }
                          } // End of Armature_mixamorig_RightHandMiddle4
                        } // End of Armature_mixamorig_RightHandMiddle3
                      } // End of Armature_mixamorig_RightHandMiddle2
                    } // End of Armature_mixamorig_RightHandMiddle1
                    Frame Armature_mixamorig_RightHandPinky1 {
                      FrameTransformMatrix {
                         0.998047, 0.060016, 0.017350, 0.000000,
                        -0.060319, 0.853445, 0.517681, 0.000000,
                         0.016262,-0.517716, 0.855398, 0.000000,
                        -5.517891,12.748596, 0.325001, 1.000000;;
                      }
                      Frame Armature_mixamorig_RightHandPinky2 {
                        FrameTransformMatrix {
                           0.999628, 0.027102, 0.003100, 0.000000,
                          -0.027102, 0.973807, 0.225756, 0.000000,
                           0.003100,-0.225756, 0.974179, 0.000000,
                           0.000006, 2.238604,-0.000004, 1.000000;;
                        }
                        Frame Armature_mixamorig_RightHandPinky3 {
                          FrameTransformMatrix {
                             0.999907, 0.013640, 0.000778, 0.000000,
                            -0.013640, 0.993430, 0.113625, 0.000000,
                             0.000777,-0.113625, 0.993524, 0.000000,
                             0.000001, 3.233315,-0.000003, 1.000000;;
                          }
                          Frame Armature_mixamorig_RightHandPinky4 {
                            FrameTransformMatrix {
                               1.000000, 0.000000,-0.000000, 0.000000,
                              -0.000000, 1.000000, 0.000000, 0.000000,
                               0.000000,-0.000000, 1.000000, 0.000000,
                               0.000000, 1.875388,-0.000009, 1.000000;;
                            }
                          } // End of Armature_mixamorig_RightHandPinky4
                        } // End of Armature_mixamorig_RightHandPinky3
                      } // End of Armature_mixamorig_RightHandPinky2
                    } // End of Armature_mixamorig_RightHandPinky1
                    Frame Armature_mixamorig_RightHandRing1 {
                      FrameTransformMatrix {
                         0.998047, 0.060015, 0.017350, 0.000000,
                        -0.060319, 0.853445, 0.517681, 0.000000,
                         0.016262,-0.517716, 0.855398, 0.000000,
                        -3.504797,15.108291,-0.012006, 1.000000;;
                      }
                      Frame Armature_mixamorig_RightHandRing2 {
                        FrameTransformMatrix {
                           0.999628, 0.027102, 0.003100, 0.000000,
                          -0.027102, 0.973807, 0.225756, 0.000000,
                           0.003100,-0.225756, 0.974179, 0.000000,
                          -0.000004, 3.190095,-0.000006, 1.000000;;
                        }
                        Frame Armature_mixamorig_RightHandRing3 {
                          FrameTransformMatrix {
                             0.999907, 0.013640, 0.000778, 0.000000,
                            -0.013640, 0.993430, 0.113625, 0.000000,
                             0.000777,-0.113625, 0.993523, 0.000000,
                            -0.000002, 3.464009,-0.000006, 1.000000;;
                          }
                          Frame Armature_mixamorig_RightHandRing4 {
                            FrameTransformMatrix {
                               1.000000, 0.000000, 0.000000, 0.000000,
                              -0.000000, 1.000000, 0.000000, 0.000000,
                               0.000000,-0.000000, 1.000000, 0.000000,
                               0.000003, 2.167901,-0.000001, 1.000000;;
                            }
                          } // End of Armature_mixamorig_RightHandRing4
                        } // End of Armature_mixamorig_RightHandRing3
                      } // End of Armature_mixamorig_RightHandRing2
                    } // End of Armature_mixamorig_RightHandRing1
                    Frame Armature_mixamorig_RightHandThumb1 {
                      FrameTransformMatrix {
                         0.910771,-0.404211, 0.084325, 0.000000,
                         0.209588, 0.628506, 0.749034, 0.000000,
                        -0.355766,-0.664525, 0.657143, 0.000000,
                         5.326801, 8.902693, 2.393005, 1.000000;;
                      }
                      Frame Armature_mixamorig_RightHandThumb2 {
                        FrameTransformMatrix {
                           0.821292, 0.549679,-0.152752, 0.000000,
                          -0.562580, 0.824791,-0.056778, 0.000000,
                           0.094779, 0.132567, 0.986632, 0.000000,
                           0.000004, 4.102997,-0.000008, 1.000000;;
                        }
                        Frame Armature_mixamorig_RightHandThumb3 {
                          FrameTransformMatrix {
                             0.975035, 0.209255,-0.074297, 0.000000,
                            -0.215849, 0.971704,-0.095920, 0.000000,
                             0.052123, 0.109562, 0.992612, 0.000000,
                             0.000000, 3.058004,-0.000000, 1.000000;;
                          }
                          Frame Armature_mixamorig_RightHandThumb4 {
                            FrameTransformMatrix {
                               1.000000, 0.000000,-0.000000, 0.000000,
                              -0.000000, 1.000000, 0.000000, 0.000000,
                               0.000000,-0.000000, 1.000000, 0.000000,
                               0.000002, 2.167200,-0.000002, 1.000000;;
                            }
                          } // End of Armature_mixamorig_RightHandThumb4
                        } // End of Armature_mixamorig_RightHandThumb3
                      } // End of Armature_mixamorig_RightHandThumb2
                    } // End of Armature_mixamorig_RightHandThumb1
                  } // End of Armature_mixamorig_RightHand
                } // End of Armature_mixamorig_RightForeArm
              } // End of Armature_mixamorig_RightArm
            } // End of Armature_mixamorig_RightShoulder
          } // End of Armature_mixamorig_Spine2
        } // End of Armature_mixamorig_Spine1
      } // End of Armature_mixamorig_Spine
    } // End of Armature_mixamorig_Hips
  } // End of Armature
} // End of Root
AnimationSet Hit {
  Animation {
    {Armature}
    AnimationKey { // Rotation
      0;
      121;
      0;4;-0.707107, 0.707107, 0.000000, 0.000000;;,
      1;4;-0.707107, 0.707107, 0.000000, 0.000000;;,
      2;4;-0.707107, 0.707107, 0.000000, 0.000000;;,
      3;4;-0.707107, 0.707107, 0.000000, 0.000000;;,
      4;4;-0.707107, 0.707107, 0.000000, 0.000000;;,
      5;4;-0.707107, 0.707107, 0.000000, 0.000000;;,
      6;4;-0.707107, 0.707107, 0.000000, 0.000000;;,
      7;4;-0.707107, 0.707107, 0.000000, 0.000000;;,
      8;4;-0.707107, 0.707107, 0.000000, 0.000000;;,
      9;4;-0.707107, 0.707107, 0.000000, 0.000000;;,
      10;4;-0.707107, 0.707107, 0.000000, 0.000000;;,
      11;4;-0.707107, 0.707107, 0.000000, 0.000000;;,
      12;4;-0.707107, 0.707107, 0.000000, 0.000000;;,
      13;4;-0.707107, 0.707107, 0.000000, 0.000000;;,
      14;4;-0.707107, 0.707107, 0.000000, 0.000000;;,
      15;4;-0.707107, 0.707107, 0.000000, 0.000000;;,
      16;4;-0.707107, 0.707107, 0.000000, 0.000000;;,
      17;4;-0.707107, 0.707107, 0.000000, 0.000000;;,
      18;4;-0.707107, 0.707107, 0.000000, 0.000000;;,
      19;4;-0.707107, 0.707107, 0.000000, 0.000000;;,
      20;4;-0.707107, 0.707107, 0.000000, 0.000000;;,
      21;4;-0.707107, 0.707107, 0.000000, 0.000000;;,
      22;4;-0.707107, 0.707107, 0.000000, 0.000000;;,
      23;4;-0.707107, 0.707107, 0.000000, 0.000000;;,
      24;4;-0.707107, 0.707107, 0.000000, 0.000000;;,
      25;4;-0.707107, 0.707107, 0.000000, 0.000000;;,
      26;4;-0.707107, 0.707107, 0.000000, 0.000000;;,
      27;4;-0.707107, 0.707107, 0.000000, 0.000000;;,
      28;4;-0.707107, 0.707107, 0.000000, 0.000000;;,
      29;4;-0.707107, 0.707107, 0.000000, 0.000000;;,
      30;4;-0.707107, 0.707107, 0.000000, 0.000000;;,
      31;4;-0.707107, 0.707107, 0.000000, 0.000000;;,
      32;4;-0.707107, 0.707107, 0.000000, 0.000000;;,
      33;4;-0.707107, 0.707107, 0.000000, 0.000000;;,
      34;4;-0.707107, 0.707107, 0.000000, 0.000000;;,
      35;4;-0.707107, 0.707107, 0.000000, 0.000000;;,
      36;4;-0.707107, 0.707107, 0.000000, 0.000000;;,
      37;4;-0.707107, 0.707107, 0.000000, 0.000000;;,
      38;4;-0.707107, 0.707107, 0.000000, 0.000000;;,
      39;4;-0.707107, 0.707107, 0.000000, 0.000000;;,
      40;4;-0.707107, 0.707107, 0.000000, 0.000000;;,
      41;4;-0.707107, 0.707107, 0.000000, 0.000000;;,
      42;4;-0.707107, 0.707107, 0.000000, 0.000000;;,
      43;4;-0.707107, 0.707107, 0.000000, 0.000000;;,
      44;4;-0.707107, 0.707107, 0.000000, 0.000000;;,
      45;4;-0.707107, 0.707107, 0.000000, 0.000000;;,
      46;4;-0.707107, 0.707107, 0.000000, 0.000000;;,
      47;4;-0.707107, 0.707107, 0.000000, 0.000000;;,
      48;4;-0.707107, 0.707107, 0.000000, 0.000000;;,
      49;4;-0.707107, 0.707107, 0.000000, 0.000000;;,
      50;4;-0.707107, 0.707107, 0.000000, 0.000000;;,
      51;4;-0.707107, 0.707107, 0.000000, 0.000000;;,
      52;4;-0.707107, 0.707107, 0.000000, 0.000000;;,
      53;4;-0.707107, 0.707107, 0.000000, 0.000000;;,
      54;4;-0.707107, 0.707107, 0.000000, 0.000000;;,
      55;4;-0.707107, 0.707107, 0.000000, 0.000000;;,
      56;4;-0.707107, 0.707107, 0.000000, 0.000000;;,
      57;4;-0.707107, 0.707107, 0.000000, 0.000000;;,
      58;4;-0.707107, 0.707107, 0.000000, 0.000000;;,
      59;4;-0.707107, 0.707107, 0.000000, 0.000000;;,
      60;4;-0.707107, 0.707107, 0.000000, 0.000000;;,
      61;4;-0.707107, 0.707107, 0.000000, 0.000000;;,
      62;4;-0.707107, 0.707107, 0.000000, 0.000000;;,
      63;4;-0.707107, 0.707107, 0.000000, 0.000000;;,
      64;4;-0.707107, 0.707107, 0.000000, 0.000000;;,
      65;4;-0.707107, 0.707107, 0.000000, 0.000000;;,
      66;4;-0.707107, 0.707107, 0.000000, 0.000000;;,
      67;4;-0.707107, 0.707107, 0.000000, 0.000000;;,
      68;4;-0.707107, 0.707107, 0.000000, 0.000000;;,
      69;4;-0.707107, 0.707107, 0.000000, 0.000000;;,
      70;4;-0.707107, 0.707107, 0.000000, 0.000000;;,
      71;4;-0.707107, 0.707107, 0.000000, 0.000000;;,
      72;4;-0.707107, 0.707107, 0.000000, 0.000000;;,
      73;4;-0.707107, 0.707107, 0.000000, 0.000000;;,
      74;4;-0.707107, 0.707107, 0.000000, 0.000000;;,
      75;4;-0.707107, 0.707107, 0.000000, 0.000000;;,
      76;4;-0.707107, 0.707107, 0.000000, 0.000000;;,
      77;4;-0.707107, 0.707107, 0.000000, 0.000000;;,
      78;4;-0.707107, 0.707107, 0.000000, 0.000000;;,
      79;4;-0.707107, 0.707107, 0.000000, 0.000000;;,
      80;4;-0.707107, 0.707107, 0.000000, 0.000000;;,
      81;4;-0.707107, 0.707107, 0.000000, 0.000000;;,
      82;4;-0.707107, 0.707107, 0.000000, 0.000000;;,
      83;4;-0.707107, 0.707107, 0.000000, 0.000000;;,
      84;4;-0.707107, 0.707107, 0.000000, 0.000000;;,
      85;4;-0.707107, 0.707107, 0.000000, 0.000000;;,
      86;4;-0.707107, 0.707107, 0.000000, 0.000000;;,
      87;4;-0.707107, 0.707107, 0.000000, 0.000000;;,
      88;4;-0.707107, 0.707107, 0.000000, 0.000000;;,
      89;4;-0.707107, 0.707107, 0.000000, 0.000000;;,
      90;4;-0.707107, 0.707107, 0.000000, 0.000000;;,
      91;4;-0.707107, 0.707107, 0.000000, 0.000000;;,
      92;4;-0.707107, 0.707107, 0.000000, 0.000000;;,
      93;4;-0.707107, 0.707107, 0.000000, 0.000000;;,
      94;4;-0.707107, 0.707107, 0.000000, 0.000000;;,
      95;4;-0.707107, 0.707107, 0.000000, 0.000000;;,
      96;4;-0.707107, 0.707107, 0.000000, 0.000000;;,
      97;4;-0.707107, 0.707107, 0.000000, 0.000000;;,
      98;4;-0.707107, 0.707107, 0.000000, 0.000000;;,
      99;4;-0.707107, 0.707107, 0.000000, 0.000000;;,
      100;4;-0.707107, 0.707107, 0.000000, 0.000000;;,
      101;4;-0.707107, 0.707107, 0.000000, 0.000000;;,
      102;4;-0.707107, 0.707107, 0.000000, 0.000000;;,
      103;4;-0.707107, 0.707107, 0.000000, 0.000000;;,
      104;4;-0.707107, 0.707107, 0.000000, 0.000000;;,
      105;4;-0.707107, 0.707107, 0.000000, 0.000000;;,
      106;4;-0.707107, 0.707107, 0.000000, 0.000000;;,
      107;4;-0.707107, 0.707107, 0.000000, 0.000000;;,
      108;4;-0.707107, 0.707107, 0.000000, 0.000000;;,
      109;4;-0.707107, 0.707107, 0.000000, 0.000000;;,
      110;4;-0.707107, 0.707107, 0.000000, 0.000000;;,
      111;4;-0.707107, 0.707107, 0.000000, 0.000000;;,
      112;4;-0.707107, 0.707107, 0.000000, 0.000000;;,
      113;4;-0.707107, 0.707107, 0.000000, 0.000000;;,
      114;4;-0.707107, 0.707107, 0.000000, 0.000000;;,
      115;4;-0.707107, 0.707107, 0.000000, 0.000000;;,
      116;4;-0.707107, 0.707107, 0.000000, 0.000000;;,
      117;4;-0.707107, 0.707107, 0.000000, 0.000000;;,
      118;4;-0.707107, 0.707107, 0.000000, 0.000000;;,
      119;4;-0.707107, 0.707107, 0.000000, 0.000000;;,
      120;4;-0.707107, 0.707107, 0.000000, 0.000000;;;
    }
    AnimationKey { // Scale
      1;
      121;
      0;3; 0.010000, 0.010000, 0.010000;;,
      1;3; 0.010000, 0.010000, 0.010000;;,
      2;3; 0.010000, 0.010000, 0.010000;;,
      3;3; 0.010000, 0.010000, 0.010000;;,
      4;3; 0.010000, 0.010000, 0.010000;;,
      5;3; 0.010000, 0.010000, 0.010000;;,
      6;3; 0.010000, 0.010000, 0.010000;;,
      7;3; 0.010000, 0.010000, 0.010000;;,
      8;3; 0.010000, 0.010000, 0.010000;;,
      9;3; 0.010000, 0.010000, 0.010000;;,
      10;3; 0.010000, 0.010000, 0.010000;;,
      11;3; 0.010000, 0.010000, 0.010000;;,
      12;3; 0.010000, 0.010000, 0.010000;;,
      13;3; 0.010000, 0.010000, 0.010000;;,
      14;3; 0.010000, 0.010000, 0.010000;;,
      15;3; 0.010000, 0.010000, 0.010000;;,
      16;3; 0.010000, 0.010000, 0.010000;;,
      17;3; 0.010000, 0.010000, 0.010000;;,
      18;3; 0.010000, 0.010000, 0.010000;;,
      19;3; 0.010000, 0.010000, 0.010000;;,
      20;3; 0.010000, 0.010000, 0.010000;;,
      21;3; 0.010000, 0.010000, 0.010000;;,
      22;3; 0.010000, 0.010000, 0.010000;;,
      23;3; 0.010000, 0.010000, 0.010000;;,
      24;3; 0.010000, 0.010000, 0.010000;;,
      25;3; 0.010000, 0.010000, 0.010000;;,
