xof 0303txt 0032

Frame Root {
  FrameTransformMatrix {
     1.000000, 0.000000, 0.000000, 0.000000,
     0.000000,-0.000000,-1.000000, 0.000000,
     0.000000, 1.000000,-0.000000, 0.000000,
     0.000000, 0.000000, 0.000000, 1.000000;;
  }
  Frame Armature {
    FrameTransformMatrix {
       0.100000, 0.000000, 0.000000, 0.000000,
       0.000000,-0.000000, 0.100000, 0.000000,
       0.000000,-0.100000,-0.000000, 0.000000,
       0.000000, 0.000000, 0.000000, 1.000000;;
    }
    Frame Armature_mixamorig_Hips {
      FrameTransformMatrix {
         0.815167,-0.034265, 0.578211, 0.000000,
        -0.029329, 0.994526, 0.100285, 0.000000,
        -0.578482,-0.098708, 0.809701, 0.000000,
        -0.448932,95.185791, 0.949514, 1.000000;;
      }
      Frame Armature_mixamorig_LeftUpLeg {
        FrameTransformMatrix {
          -0.980708,-0.092292, 0.172316, 0.000000,
           0.194011,-0.567341, 0.800294, 0.000000,
           0.023901, 0.818295, 0.574294, 0.000000,
           9.618300,-5.272313,-1.010899, 1.000000;;
        }
        Frame Armature_mixamorig_LeftLeg {
          FrameTransformMatrix {
             0.974310,-0.216954, 0.060415, 0.000000,
             0.011169,-0.221385,-0.975122, 0.000000,
             0.224932, 0.950747,-0.213274, 0.000000,
             0.000001,43.365002, 0.000010, 1.000000;;
          }
          Frame Armature_mixamorig_LeftFoot {
            FrameTransformMatrix {
               0.991914,-0.044608, 0.118811, 0.000000,
              -0.033984, 0.808640, 0.587322, 0.000000,
              -0.122275,-0.586611, 0.800585, 0.000000,
               0.000001,44.493015, 0.000001, 1.000000;;
            }
            Frame Armature_mixamorig_LeftToeBase {
              FrameTransformMatrix {
                 0.992672, 0.116251, 0.032978, 0.000000,
                -0.115941, 0.839386, 0.531027, 0.000000,
                 0.034051,-0.530959, 0.846713, 0.000000,
                 0.000001,20.000113, 0.000001, 1.000000;;
              }
              Frame Armature_mixamorig_LeftToe_End {
                FrameTransformMatrix {
                   1.000000, 0.000000, 0.000000, 0.000000,
                  -0.000000, 1.000000, 0.000000, 0.000000,
                   0.000000,-0.000000, 1.000000, 0.000000,
                  -0.000001,10.000111,-0.000000, 1.000000;;
                }
              } // End of Armature_mixamorig_LeftToe_End
            } // End of Armature_mixamorig_LeftToeBase
          } // End of Armature_mixamorig_LeftFoot
        } // End of Armature_mixamorig_LeftLeg
      } // End of Armature_mixamorig_LeftUpLeg
      Frame Armature_mixamorig_RightUpLeg {
        FrameTransformMatrix {
          -0.964020, 0.143240,-0.223992, 0.000000,
          -0.229361,-0.874053, 0.428371, 0.000000,
          -0.134387, 0.464236, 0.875690, 0.000000,
          -9.940999,-5.272406,-1.010901, 1.000000;;
        }
        Frame Armature_mixamorig_RightLeg {
          FrameTransformMatrix {
             0.986948, 0.146110, 0.067714, 0.000000,
            -0.026832, 0.563804,-0.825472, 0.000000,
            -0.158787, 0.812881, 0.560366, 0.000000,
            -0.000002,43.364784,-0.000004, 1.000000;;
          }
          Frame Armature_mixamorig_RightFoot {
            FrameTransformMatrix {
               0.990629, 0.053196,-0.125797, 0.000000,
               0.112579, 0.203479, 0.972585, 0.000000,
               0.077335,-0.977633, 0.195583, 0.000000,
              -0.000002,44.492779, 0.000001, 1.000000;;
            }
            Frame Armature_mixamorig_RightToeBase {
              FrameTransformMatrix {
                 0.994820, 0.092013,-0.043195, 0.000000,
                -0.031966, 0.686591, 0.726340, 0.000000,
                 0.096490,-0.721198, 0.685976, 0.000000,
                 0.000002,19.997448, 0.000001, 1.000000;;
              }
              Frame Armature_mixamorig_RightToe_End {
                FrameTransformMatrix {
                   1.000000, 0.000000, 0.000000, 0.000000,
                  -0.000000, 1.000000,-0.000000, 0.000000,
                  -0.000000, 0.000000, 1.000000, 0.000000,
                  -0.000000, 9.997514,-0.000000, 1.000000;;
                }
              } // End of Armature_mixamorig_RightToe_End
            } // End of Armature_mixamorig_RightToeBase
          } // End of Armature_mixamorig_RightFoot
        } // End of Armature_mixamorig_RightLeg
      } // End of Armature_mixamorig_RightUpLeg
      Frame Armature_mixamorig_Spine {
        FrameTransformMatrix {
           0.999742,-0.001753, 0.022644, 0.000000,
          -0.000415, 0.995440, 0.095390, 0.000000,
          -0.022708,-0.095375, 0.995182, 0.000000,
          -0.038100, 9.490494,-1.392100, 1.000000;;
        }
        Frame Armature_mixamorig_Spine1 {
          FrameTransformMatrix {
             0.998617,-0.028880, 0.043925, 0.000000,
             0.019402, 0.979066, 0.202618, 0.000000,
            -0.048858,-0.201485, 0.978272, 0.000000,
            -0.000001,11.190814, 0.000001, 1.000000;;
          }
          Frame Armature_mixamorig_Spine2 {
            FrameTransformMatrix {
               0.998536,-0.032754, 0.043047, 0.000000,
               0.026306, 0.989426, 0.142637, 0.000000,
              -0.047263,-0.141295, 0.988839, 0.000000,
               0.000003,12.789495,-0.000000, 1.000000;;
            }
            Frame Armature_mixamorig_LeftShoulder {
              FrameTransformMatrix {
                 0.040321, 0.083147,-0.995721, 0.000000,
                 0.952917,-0.302941, 0.013291, 0.000000,
                -0.300540,-0.949375,-0.091447, 0.000000,
                 6.728796,11.756607,-2.058518, 1.000000;;
              }
              Frame Armature_mixamorig_LeftArm {
                FrameTransformMatrix {
                   0.980653, 0.187253,-0.057069, 0.000000,
                  -0.152863, 0.914626, 0.374289, 0.000000,
                   0.122284,-0.358324, 0.925554, 0.000000,
                   0.000010,14.448813,-0.000012, 1.000000;;
                }
                Frame Armature_mixamorig_LeftForeArm {
                  FrameTransformMatrix {
                     0.260950, 0.923789, 0.280212, 0.000000,
                    -0.949070, 0.298590,-0.100547, 0.000000,
                    -0.176553,-0.239703, 0.954658, 0.000000,
                    -0.000001,23.160278,-0.000003, 1.000000;;
                  }
                  Frame Armature_mixamorig_LeftHand {
                    FrameTransformMatrix {
                       0.891055, 0.446465,-0.081790, 0.000000,
                      -0.453820, 0.873047,-0.178428, 0.000000,
                      -0.008256, 0.196107, 0.980548, 0.000000,
                      -0.000001,24.071808, 0.000000, 1.000000;;
                    }
                    Frame Armature_mixamorig_LeftHandIndex1 {
                      FrameTransformMatrix {
                         0.986395, 0.131996,-0.097992, 0.000000,
                        -0.045836, 0.793267, 0.607146, 0.000000,
                         0.157875,-0.594394, 0.788525, 0.000000,
                        -2.855499,14.669409, 0.398788, 1.000000;;
                      }
                      Frame Armature_mixamorig_LeftHandIndex2 {
                        FrameTransformMatrix {
                           0.997605, 0.066702,-0.018294, 0.000000,
                          -0.006903, 0.359188, 0.933240, 0.000000,
                           0.068820,-0.930879, 0.358788, 0.000000,
                           0.000001, 3.248594, 0.000007, 1.000000;;
                        }
                        Frame Armature_mixamorig_LeftHandIndex3 {
                          FrameTransformMatrix {
                             0.998568, 0.052787,-0.008704, 0.000000,
                            -0.016911, 0.465791, 0.884733, 0.000000,
                             0.050757,-0.883319, 0.466016, 0.000000,
                            -0.000003, 2.659615, 0.000003, 1.000000;;
                          }
                          Frame Armature_mixamorig_LeftHandIndex4 {
                            FrameTransformMatrix {
                               1.000000, 0.000000, 0.000000, 0.000000,
                               0.000000, 1.000000, 0.000000, 0.000000,
                              -0.000000,-0.000000, 1.000000, 0.000000,
                              -0.000001, 3.633184,-0.000004, 1.000000;;
                            }
                          } // End of Armature_mixamorig_LeftHandIndex4
                        } // End of Armature_mixamorig_LeftHandIndex3
                      } // End of Armature_mixamorig_LeftHandIndex2
                    } // End of Armature_mixamorig_LeftHandIndex1
                    Frame Armature_mixamorig_LeftHandMiddle1 {
                      FrameTransformMatrix {
                         0.987961, 0.154576,-0.006217, 0.000000,
                        -0.105332, 0.701568, 0.704775, 0.000000,
                         0.113303,-0.695635, 0.709404, 0.000000,
                         0.000004,14.409811,-0.000009, 1.000000;;
                      }
                      Frame Armature_mixamorig_LeftHandMiddle2 {
                        FrameTransformMatrix {
                           0.998228, 0.055901, 0.020370, 0.000000,
                          -0.039529, 0.367262, 0.929277, 0.000000,
                           0.044467,-0.928436, 0.368821, 0.000000,
                           0.000010, 3.259095,-0.000006, 1.000000;;
                        }
                        Frame Armature_mixamorig_LeftHandMiddle3 {
                          FrameTransformMatrix {
                             0.999366, 0.031645, 0.016337, 0.000000,
                            -0.034588, 0.753100, 0.656997, 0.000000,
                             0.008487,-0.657145, 0.753717, 0.000000,
                             0.000001, 2.639898,-0.000003, 1.000000;;
                          }
                          Frame Armature_mixamorig_LeftHandMiddle4 {
                            FrameTransformMatrix {
                               1.000000,-0.000000, 0.000000, 0.000000,
                              -0.000000, 1.000000, 0.000000, 0.000000,
                               0.000000,-0.000000, 1.000000, 0.000000,
                              -0.000008, 3.673903, 0.000002, 1.000000;;
                            }
                          } // End of Armature_mixamorig_LeftHandMiddle4
                        } // End of Armature_mixamorig_LeftHandMiddle3
                      } // End of Armature_mixamorig_LeftHandMiddle2
                    } // End of Armature_mixamorig_LeftHandMiddle1
                    Frame Armature_mixamorig_LeftHandPinky1 {
                      FrameTransformMatrix {
                         0.991104, 0.099030, 0.088919, 0.000000,
                        -0.127702, 0.895798, 0.425721, 0.000000,
                        -0.037494,-0.433288, 0.900475, 0.000000,
                         5.614200,11.636404, 0.516593, 1.000000;;
                      }
                      Frame Armature_mixamorig_LeftHandPinky2 {
                        FrameTransformMatrix {
                           0.999596, 0.026902, 0.009178, 0.000000,
                          -0.025382, 0.699402, 0.714278, 0.000000,
                           0.012796,-0.714222, 0.699802, 0.000000,
                           0.000013, 1.559407,-0.000009, 1.000000;;
                        }
                        Frame Armature_mixamorig_LeftHandPinky3 {
                          FrameTransformMatrix {
                             0.999702, 0.020824, 0.012736, 0.000000,
                            -0.024382, 0.827072, 0.561567, 0.000000,
                             0.001161,-0.561710, 0.827333, 0.000000,
                             0.000005, 1.540604, 0.000002, 1.000000;;
                          }
                          Frame Armature_mixamorig_LeftHandPinky4 {
                            FrameTransformMatrix {
                               1.000000, 0.000000, 0.000000, 0.000000,
                               0.000000, 1.000000, 0.000000, 0.000000,
                              -0.000000,-0.000000, 1.000000, 0.000000,
                              -0.000005, 1.668714,-0.000000, 1.000000;;
                            }
                          } // End of Armature_mixamorig_LeftHandPinky4
                        } // End of Armature_mixamorig_LeftHandPinky3
                      } // End of Armature_mixamorig_LeftHandPinky2
                    } // End of Armature_mixamorig_LeftHandPinky1
                    Frame Armature_mixamorig_LeftHandRing1 {
                      FrameTransformMatrix {
                         0.989344, 0.065673, 0.129947, 0.000000,
                        -0.141469, 0.644668, 0.751259, 0.000000,
                        -0.034435,-0.761636, 0.647089, 0.000000,
                         3.304905,13.191506,-0.322012, 1.000000;;
                      }
                      Frame Armature_mixamorig_LeftHandRing2 {
                        FrameTransformMatrix {
                           0.999492, 0.029102, 0.012997, 0.000000,
                          -0.029132, 0.668698, 0.742963, 0.000000,
                           0.012930,-0.742964, 0.669206, 0.000000,
                          -0.000005, 2.717607, 0.000003, 1.000000;;
                        }
                        Frame Armature_mixamorig_LeftHandRing3 {
                          FrameTransformMatrix {
                             0.999383, 0.032116, 0.014247, 0.000000,
                            -0.030510, 0.592178, 0.805229, 0.000000,
                             0.017424,-0.805167, 0.592793, 0.000000,
                            -0.000001, 2.134497, 0.000003, 1.000000;;
                          }
                          Frame Armature_mixamorig_LeftHandRing4 {
                            FrameTransformMatrix {
                               1.000000,-0.000000, 0.000000, 0.000000,
                              -0.000000, 1.000000, 0.000000, 0.000000,
                              -0.000000,-0.000000, 1.000000, 0.000000,
                              -0.000007, 2.786887,-0.000005, 1.000000;;
                            }
                          } // End of Armature_mixamorig_LeftHandRing4
                        } // End of Armature_mixamorig_LeftHandRing3
                      } // End of Armature_mixamorig_LeftHandRing2
                    } // End of Armature_mixamorig_LeftHandRing1
                    Frame Armature_mixamorig_LeftHandThumb1 {
                      FrameTransformMatrix {
                         0.199505, 0.700072,-0.685636, 0.000000,
                        -0.315790, 0.708306, 0.631332, 0.000000,
                         0.927617, 0.090563, 0.362387, 0.000000,
                        -1.508996, 4.173408, 1.926494, 1.000000;;
                      }
                      Frame Armature_mixamorig_LeftHandThumb2 {
                        FrameTransformMatrix {
                           0.963623,-0.204876, 0.171627, 0.000000,
                           0.184733, 0.974646, 0.126251, 0.000000,
                          -0.193141,-0.089953, 0.977039, 0.000000,
                          -0.000002, 3.870409, 0.000003, 1.000000;;
                        }
                        Frame Armature_mixamorig_LeftHandThumb3 {
                          FrameTransformMatrix {
                             0.952137,-0.305669,-0.001547, 0.000000,
                             0.301743, 0.939074, 0.164593, 0.000000,
                            -0.048858,-0.157182, 0.986360, 0.000000,
                             0.000002, 4.710592,-0.000003, 1.000000;;
                          }
                          Frame Armature_mixamorig_LeftHandThumb4 {
                            FrameTransformMatrix {
                               1.000000, 0.000000,-0.000000, 0.000000,
                              -0.000000, 1.000000,-0.000000, 0.000000,
                               0.000000, 0.000000, 1.000000, 0.000000,
                               0.000001, 3.830404, 0.000006, 1.000000;;
                            }
                          } // End of Armature_mixamorig_LeftHandThumb4
                        } // End of Armature_mixamorig_LeftHandThumb3
                      } // End of Armature_mixamorig_LeftHandThumb2
                    } // End of Armature_mixamorig_LeftHandThumb1
                  } // End of Armature_mixamorig_LeftHand
                } // End of Armature_mixamorig_LeftForeArm
              } // End of Armature_mixamorig_LeftArm
            } // End of Armature_mixamorig_LeftShoulder
            Frame Armature_mixamorig_Neck {
              FrameTransformMatrix {
                 0.962562, 0.010960,-0.270841, 0.000000,
                -0.169664, 0.803610,-0.570461, 0.000000,
                 0.211399, 0.595056, 0.775383, 0.000000,
                -0.056903,14.235806,-2.088108, 1.000000;;
              }
              Frame Armature_mixamorig_Head {
                FrameTransformMatrix {
                   0.922497, 0.042299,-0.383680, 0.000000,
                   0.071904, 0.957750, 0.278470, 0.000000,
                   0.379249,-0.284475, 0.880480, 0.000000,
                   0.000000, 3.280204, 0.313300, 1.000000;;
                }
                Frame Armature_mixamorig_HeadTop_End {
                  FrameTransformMatrix {
                     1.000000,-0.000000, 0.000000, 0.000000,
                     0.000000, 1.000000, 0.000000, 0.000000,
                    -0.000000,-0.000000, 1.000000, 0.000000,
                     0.000000,25.653515, 2.450502, 1.000000;;
                  }
                } // End of Armature_mixamorig_HeadTop_End
              } // End of Armature_mixamorig_Head
            } // End of Armature_mixamorig_Neck
            Frame Armature_mixamorig_RightShoulder {
              FrameTransformMatrix {
                 0.014325,-0.115724, 0.993178, 0.000000,
                -0.913274,-0.405913,-0.034124, 0.000000,
                 0.407093,-0.906555,-0.111502, 0.000000,
                -6.728803,11.756712,-2.058511, 1.000000;;
              }
              Frame Armature_mixamorig_RightArm {
                FrameTransformMatrix {
                   0.995909,-0.084671, 0.031544, 0.000000,
                   0.058665, 0.871444, 0.486973, 0.000000,
                  -0.068721,-0.483131, 0.872847, 0.000000,
                  -0.000010,14.448808,-0.000003, 1.000000;;
                }
                Frame Armature_mixamorig_RightForeArm {
                  FrameTransformMatrix {
                     0.280640,-0.861107,-0.423953, 0.000000,
                     0.934195, 0.346429,-0.085245, 0.000000,
                     0.220275,-0.372132, 0.901663, 0.000000,
                    -0.000003,23.160284, 0.000007, 1.000000;;
                  }
                  Frame Armature_mixamorig_RightHand {
                    FrameTransformMatrix {
                       0.945188,-0.323869, 0.041581, 0.000000,
                       0.325727, 0.944104,-0.050691, 0.000000,
                      -0.022840, 0.061457, 0.997848, 0.000000,
                      -0.000004,24.071716, 0.000004, 1.000000;;
                    }
                    Frame Armature_mixamorig_RightHandIndex1 {
                      FrameTransformMatrix {
                         0.986236,-0.133553, 0.097475, 0.000000,
                         0.047426, 0.793266, 0.607026, 0.000000,
                        -0.158394,-0.594048, 0.788681, 0.000000,
                         2.855501,14.669412, 0.399006, 1.000000;;
                      }
                      Frame Armature_mixamorig_RightHandIndex2 {
                        FrameTransformMatrix {
                           0.997469,-0.069137, 0.016619, 0.000000,
                           0.009348, 0.359191, 0.933217, 0.000000,
                          -0.070489,-0.930699, 0.358929, 0.000000,
                          -0.000005, 3.248592,-0.000002, 1.000000;;
                        }
                        Frame Armature_mixamorig_RightHandIndex3 {
                          FrameTransformMatrix {
                             0.998454,-0.055101, 0.007312, 0.000000,
                             0.019227, 0.465791, 0.884686, 0.000000,
                            -0.052153,-0.883178, 0.466130, 0.000000,
                            -0.000004, 2.659593, 0.000000, 1.000000;;
                          }
                          Frame Armature_mixamorig_RightHandIndex4 {
                            FrameTransformMatrix {
                               1.000000, 0.000000,-0.000000, 0.000000,
                               0.000000, 1.000000,-0.000000, 0.000000,
                              -0.000000,-0.000000, 1.000000, 0.000000,
                               0.000003, 3.633095,-0.000005, 1.000000;;
                            }
                          } // End of Armature_mixamorig_RightHandIndex4
                        } // End of Armature_mixamorig_RightHandIndex3
                      } // End of Armature_mixamorig_RightHandIndex2
                    } // End of Armature_mixamorig_RightHandIndex1
                    Frame Armature_mixamorig_RightHandMiddle1 {
                      FrameTransformMatrix {
                         0.999391,-0.034761,-0.002958, 0.000000,
                         0.026673, 0.706712, 0.706998, 0.000000,
                        -0.022485,-0.706647, 0.707209, 0.000000,
                         0.000002,14.409802,-0.000004, 1.000000;;
                      }
                      Frame Armature_mixamorig_RightHandMiddle2 {
                        FrameTransformMatrix {
                           0.998054,-0.058334,-0.022016, 0.000000,
                           0.041962, 0.367264, 0.929170, 0.000000,
                          -0.046116,-0.928286, 0.368997, 0.000000,
                           0.000013, 3.259092,-0.000001, 1.000000;;
                        }
                        Frame Armature_mixamorig_RightHandMiddle3 {
                          FrameTransformMatrix {
                             0.999299,-0.033367,-0.016977, 0.000000,
                             0.036306, 0.753100, 0.656903, 0.000000,
                            -0.009133,-0.657059, 0.753784, 0.000000,
                            -0.000008, 2.639816, 0.000002, 1.000000;;
                          }
                          Frame Armature_mixamorig_RightHandMiddle4 {
                            FrameTransformMatrix {
                               1.000000,-0.000000, 0.000000, 0.000000,
                              -0.000000, 1.000000,-0.000000, 0.000000,
                               0.000000, 0.000000, 1.000000, 0.000000,
                               0.000005, 3.673904, 0.000002, 1.000000;;
                            }
                          } // End of Armature_mixamorig_RightHandMiddle4
                        } // End of Armature_mixamorig_RightHandMiddle3
                      } // End of Armature_mixamorig_RightHandMiddle2
                    } // End of Armature_mixamorig_RightHandMiddle1
                    Frame Armature_mixamorig_RightHandPinky1 {
                      FrameTransformMatrix {
                         0.977811, 0.161024,-0.134005, 0.000000,
                        -0.008475, 0.669554, 0.742715, 0.000000,
                         0.209318,-0.725100, 0.656062, 0.000000,
                        -5.922000,11.636408, 0.516988, 1.000000;;
                      }
                      Frame Armature_mixamorig_RightHandPinky2 {
                        FrameTransformMatrix {
                           0.999536,-0.028771,-0.009964, 0.000000,
                           0.027251, 0.699404, 0.714206, 0.000000,
                          -0.013579,-0.714147, 0.699864, 0.000000,
                           0.000006, 1.559294,-0.000004, 1.000000;;
                        }
                        Frame Armature_mixamorig_RightHandPinky3 {
                          FrameTransformMatrix {
                             0.999844,-0.015128,-0.009110, 0.000000,
                             0.017560, 0.906317, 0.422234, 0.000000,
                             0.001869,-0.422328, 0.906441, 0.000000,
                             0.000006, 1.540616, 0.000006, 1.000000;;
                          }
                          Frame Armature_mixamorig_RightHandPinky4 {
                            FrameTransformMatrix {
                               1.000000, 0.000000, 0.000000, 0.000000,
                              -0.000000, 1.000000, 0.000000, 0.000000,
                               0.000000,-0.000000, 1.000000, 0.000000,
                               0.000011, 1.668691,-0.000004, 1.000000;;
                            }
                          } // End of Armature_mixamorig_RightHandPinky4
                        } // End of Armature_mixamorig_RightHandPinky3
                      } // End of Armature_mixamorig_RightHandPinky2
                    } // End of Armature_mixamorig_RightHandPinky1
                    Frame Armature_mixamorig_RightHandRing1 {
                      FrameTransformMatrix {
                         0.995315,-0.023463,-0.093797, 0.000000,
                         0.092206, 0.522248, 0.847794, 0.000000,
                         0.029094,-0.852471, 0.521965, 0.000000,
                        -3.304903,13.191507,-0.322001, 1.000000;;
                      }
                      Frame Armature_mixamorig_RightHandRing2 {
                        FrameTransformMatrix {
                           0.999422,-0.031045,-0.013865, 0.000000,
                           0.031078, 0.668701, 0.742882, 0.000000,
                          -0.013791,-0.742883, 0.669279, 0.000000,
                          -0.000006, 2.717600,-0.000002, 1.000000;;
                        }
                        Frame Armature_mixamorig_RightHandRing3 {
                          FrameTransformMatrix {
                             0.999297,-0.034227,-0.015307, 0.000000,
                             0.032616, 0.592178, 0.805147, 0.000000,
                            -0.018493,-0.805080, 0.592878, 0.000000,
                             0.000001, 2.134499,-0.000004, 1.000000;;
                          }
                          Frame Armature_mixamorig_RightHandRing4 {
                            FrameTransformMatrix {
                               1.000000, 0.000000,-0.000000, 0.000000,
                               0.000000, 1.000000,-0.000000, 0.000000,
                              -0.000000, 0.000000, 1.000000, 0.000000,
                               0.000009, 2.786805,-0.000004, 1.000000;;
                            }
                          } // End of Armature_mixamorig_RightHandRing4
                        } // End of Armature_mixamorig_RightHandRing3
                      } // End of Armature_mixamorig_RightHandRing2
                    } // End of Armature_mixamorig_RightHandRing1
                    Frame Armature_mixamorig_RightHandThumb1 {
                      FrameTransformMatrix {
                         0.168316,-0.684489, 0.709327, 0.000000,
                         0.403240, 0.704440, 0.584090, 0.000000,
                        -0.899482, 0.187717, 0.394582, 0.000000,
                         1.509001, 4.173401, 1.926993, 1.000000;;
                      }
                      Frame Armature_mixamorig_RightHandThumb2 {
                        FrameTransformMatrix {
                           0.966645, 0.187883,-0.174062, 0.000000,
                          -0.168866, 0.978501, 0.118408, 0.000000,
                           0.192567,-0.085065, 0.977590, 0.000000,
                          -0.000001, 3.870406,-0.000006, 1.000000;;
                        }
                        Frame Armature_mixamorig_RightHandThumb3 {
                          FrameTransformMatrix {
                             0.834258, 0.548568, 0.055562, 0.000000,
                            -0.546506, 0.809319, 0.215253, 0.000000,
                             0.073113,-0.209942, 0.974976, 0.000000,
                            -0.000001, 4.710293,-0.000002, 1.000000;;
                          }
                          Frame Armature_mixamorig_RightHandThumb4 {
                            FrameTransformMatrix {
                               1.000000, 0.000000,-0.000001, 0.000000,
                              -0.000000, 1.000000, 0.000000, 0.000000,
                               0.000001,-0.000000, 1.000000, 0.000000,
                               0.000000, 3.830406,-0.000002, 1.000000;;
                            }
                          } // End of Armature_mixamorig_RightHandThumb4
                        } // End of Armature_mixamorig_RightHandThumb3
                      } // End of Armature_mixamorig_RightHandThumb2
                    } // End of Armature_mixamorig_RightHandThumb1
                  } // End of Armature_mixamorig_RightHand
                } // End of Armature_mixamorig_RightForeArm
              } // End of Armature_mixamorig_RightArm
            } // End of Armature_mixamorig_RightShoulder
          } // End of Armature_mixamorig_Spine2
        } // End of Armature_mixamorig_Spine1
      } // End of Armature_mixamorig_Spine
    } // End of Armature_mixamorig_Hips
  } // End of Armature
} // End of Root
AnimationSet Global {
  Animation {
    {Armature}
    AnimationKey { // Rotation
      0;
      45;
      0;4;-0.707107, 0.707107, 0.000000, 0.000000;;,
      1;4;-0.707107, 0.707107, 0.000000, 0.000000;;,
      2;4;-0.707107, 0.707107, 0.000000, 0.000000;;,
      3;4;-0.707107, 0.707107, 0.000000, 0.000000;;,
      4;4;-0.707107, 0.707107, 0.000000, 0.000000;;,
      5;4;-0.707107, 0.707107, 0.000000, 0.000000;;,
      6;4;-0.707107, 0.707107, 0.000000, 0.000000;;,
      7;4;-0.707107, 0.707107, 0.000000, 0.000000;;,
      8;4;-0.707107, 0.707107, 0.000000, 0.000000;;,
      9;4;-0.707107, 0.707107, 0.000000, 0.000000;;,
      10;4;-0.707107, 0.707107, 0.000000, 0.000000;;,
      11;4;-0.707107, 0.707107, 0.000000, 0.000000;;,
      12;4;-0.707107, 0.707107, 0.000000, 0.000000;;,
      13;4;-0.707107, 0.707107, 0.000000, 0.000000;;,
      14;4;-0.707107, 0.707107, 0.000000, 0.000000;;,
      15;4;-0.707107, 0.707107, 0.000000, 0.000000;;,
      16;4;-0.707107, 0.707107, 0.000000, 0.000000;;,
      17;4;-0.707107, 0.707107, 0.000000, 0.000000;;,
      18;4;-0.707107, 0.707107, 0.000000, 0.000000;;,
      19;4;-0.707107, 0.707107, 0.000000, 0.000000;;,
      20;4;-0.707107, 0.707107, 0.000000, 0.000000;;,
      21;4;-0.707107, 0.707107, 0.000000, 0.000000;;,
      22;4;-0.707107, 0.707107, 0.000000, 0.000000;;,
      23;4;-0.707107, 0.707107, 0.000000, 0.000000;;,
      24;4;-0.707107, 0.707107, 0.000000, 0.000000;;,
      25;4;-0.707107, 0.707107, 0.000000, 0.000000;;,
      26;4;-0.707107, 0.707107, 0.000000, 0.000000;;,
      27;4;-0.707107, 0.707107, 0.000000, 0.000000;;,
      28;4;-0.707107, 0.707107, 0.000000, 0.000000;;,
      29;4;-0.707107, 0.707107, 0.000000, 0.000000;;,
      30;4;-0.707107, 0.707107, 0.000000, 0.000000;;,
      31;4;-0.707107, 0.707107, 0.000000, 0.000000;;,
      32;4;-0.707107, 0.707107, 0.000000, 0.000000;;,
      33;4;-0.707107, 0.707107, 0.000000, 0.000000;;,
      34;4;-0.707107, 0.707107, 0.000000, 0.000000;;,
      35;4;-0.707107, 0.707107, 0.000000, 0.000000;;,
      36;4;-0.707107, 0.707107, 0.000000, 0.000000;;,
      37;4;-0.707107, 0.707107, 0.000000, 0.000000;;,
      38;4;-0.707107, 0.707107, 0.000000, 0.000000;;,
      39;4;-0.707107, 0.707107, 0.000000, 0.000000;;,
      40;4;-0.707107, 0.707107, 0.000000, 0.000000;;,
      41;4;-0.707107, 0.707107, 0.000000, 0.000000;;,
      42;4;-0.707107, 0.707107, 0.000000, 0.000000;;,
      43;4;-0.707107, 0.707107, 0.000000, 0.000000;;,
      44;4;-0.707107, 0.707107, 0.000000, 0.000000;;;
    }
    AnimationKey { // Scale
      1;
      45;
      0;3; 0.100000, 0.100000, 0.100000;;,
      1;3; 0.100000, 0.100000, 0.100000;;,
      2;3; 0.100000, 0.100000, 0.100000;;,
      3;3; 0.100000, 0.100000, 0.100000;;,
      4;3; 0.100000, 0.100000, 0.100000;;,
      5;3; 0.100000, 0.100000, 0.100000;;,
      6;3; 0.100000, 0.100000, 0.100000;;,
      7;3; 0.100000, 0.100000, 0.100000;;,
      8;3; 0.100000, 0.100000, 0.100000;;,
      9;3; 0.100000, 0.100000, 0.100000;;,
      10;3; 0.100000, 0.100000, 0.100000;;,
      11;3; 0.100000, 0.100000, 0.100000;;,
      12;3; 0.100000, 0.100000, 0.100000;;,
      13;3; 0.100000, 0.100000, 0.100000;;,
      14;3; 0.100000, 0.100000, 0.100000;;,
      15;3; 0.100000, 0.100000, 0.100000;;,
      16;3; 0.100000, 0.100000, 0.100000;;,
      17;3; 0.100000, 0.100000, 0.100000;;,
      18;3; 0.100000, 0.100000, 0.100000;;,
      19;3; 0.100000, 0.100000, 0.100000;;,
      20;3; 0.100000, 0.100000, 0.100000;;,
      21;3; 0.100000, 0.100000, 0.100000;;,
      22;3; 0.100000, 0.100000, 0.100000;;,
      23;3; 0.100000, 0.100000, 0.100000;;,
      24;3; 0.100000, 0.100000, 0.100000;;,
      25;3; 0.100000, 0.100000, 0.100000;;,
      26;3; 0.100000, 0.100000, 0.100000;;,
      27;3; 0.100000, 0.100000, 0.100000;;,
      28;3; 0.100000, 0.100000, 0.100000;;,
      29;3; 0.100000, 0.100000, 0.100000;;,
      30;3; 0.100000, 0.100000, 0.100000;;,
      31;3; 0.100000, 0.100000, 0.100000;;,
      32;3; 0.100000, 0.100000, 0.100000;;,
      33;3; 0.100000, 0.100000, 0.100000;;,
      34;3; 0.100000, 0.100000, 0.100000;;,
      35;3; 0.100000, 0.100000, 0.100000;;,
      36;3; 0.100000, 0.100000, 0.100000;;,
      37;3; 0.100000, 0.100000, 0.100000;;,
      38;3; 0.100000, 0.100000, 0.100000;;,
      39;3; 0.100000, 0.100000, 0.100000;;,
      40;3; 0.100000, 0.100000, 0.100000;;,
      41;3; 0.100000, 0.100000, 0.100000;;,
      42;3; 0.100000, 0.100000, 0.100000;;,
      43;3; 0.100000, 0.100000, 0.100000;;,
      44;3; 0.100000, 0.100000, 0.100000;;;
    }
    AnimationKey { // Position
      2;
      45;
      0;3; 0.000000, 0.000000, 0.000000;;,
      1;3; 0.000000, 0.000000, 0.000000;;,
      2;3; 0.000000, 0.000000, 0.000000;;,
      3;3; 0.000000, 0.000000, 0.000000;;,
      4;3; 0.000000, 0.000000, 0.000000;;,
      5;3; 0.000000, 0.000000, 0.000000;;,
      6;3; 0.000000, 0.000000, 0.000000;;,
      7;3; 0.000000, 0.000000, 0.000000;;,
      8;3; 0.000000, 0.000000, 0.000000;;,
      9;3; 0.000000, 0.000000, 0.000000;;,
      10;3; 0.000000, 0.000000, 0.000000;;,
      11;3; 0.000000, 0.000000, 0.000000;;,
      12;3; 0.000000, 0.000000, 0.000000;;,
      13;3; 0.000000, 0.000000, 0.000000;;,
      14;3; 0.000000, 0.000000, 0.000000;;,
      15;3; 0.000000, 0.000000, 0.000000;;,
      16;3; 0.000000, 0.000000, 0.000000;;,
      17;3; 0.000000, 0.000000, 0.000000;;,
      18;3; 0.000000, 0.000000, 0.000000;;,
      19;3; 0.000000, 0.000000, 0.000000;;,
      20;3; 0.000000, 0.000000, 0.000000;;,
      21;3; 0.000000, 0.000000, 0.000000;;,
      22;3; 0.000000, 0.000000, 0.000000;;,
      23;3; 0.000000, 0.000000, 0.000000;;,
      24;3; 0.000000, 0.000000, 0.000000;;,
      25;3; 0.000000, 0.000000, 0.000000;;,
      26;3; 0.000000, 0.000000, 0.000000;;,
      27;3; 0.000000, 0.000000, 0.000000;;,
      28;3; 0.000000, 0.000000, 0.000000;;,
      29;3; 0.000000, 0.000000, 0.000000;;,
      30;3; 0.000000, 0.000000, 0.000000;;,
      31;3; 0.000000, 0.000000, 0.000000;;,
      32;3; 0.000000, 0.000000, 0.000000;;,
      33;3; 0.000000, 0.000000, 0.000000;;,
      34;3; 0.000000, 0.000000, 0.000000;;,
      35;3; 0.000000, 0.000000, 0.000000;;,
      36;3; 0.000000, 0.000000, 0.000000;;,
      37;3; 0.000000, 0.000000, 0.000000;;,
      38;3; 0.000000, 0.000000, 0.000000;;,
      39;3; 0.000000, 0.000000, 0.000000;;,
      40;3; 0.000000, 0.000000, 0.000000;;,
      41;3; 0.000000, 0.000000, 0.000000;;,
      42;3; 0.000000, 0.000000, 0.000000;;,
      43;3; 0.000000, 0.000000, 0.000000;;,
      44;3; 0.000000, 0.000000, 0.000000;;;
    }
  }
  Animation {
    {Armature_mixamorig_Hips}
    AnimationKey { // Rotation
      0;
      45;
      0;4;-0.951235, 0.052299,-0.303998,-0.001297;;,
      1;4;-0.952806, 0.053938,-0.298750, 0.000613;;,
      2;4;-0.954058, 0.055611,-0.294404, 0.002538;;,
      3;4;-0.955269, 0.057416,-0.290072, 0.004766;;,
      4;4;-0.955975, 0.059204,-0.287333, 0.006781;;,
      5;4;-0.956196, 0.061215,-0.286129, 0.008530;;,
      6;4;-0.955744, 0.063042,-0.287212, 0.009410;;,
      7;4;-0.954608, 0.064506,-0.290646, 0.009368;;,
      8;4;-0.952855, 0.065327,-0.296189, 0.008487;;,
      9;4;-0.950546, 0.065215,-0.303590, 0.006567;;,
      10;4;-0.947759, 0.063872,-0.312503, 0.003763;;,
      11;4;-0.944652, 0.061530,-0.322251, 0.000144;;,
      12;4;-0.941286, 0.058089,-0.332551,-0.003931;;,
      13;4;-0.937738, 0.053688,-0.343080,-0.007862;;,
      14;4;-0.934447, 0.049140,-0.352497,-0.011790;;,
      15;4;-0.931480, 0.044918,-0.360651,-0.016046;;,
      16;4;-0.928749, 0.041146,-0.367915,-0.019275;;,
      17;4;-0.926848, 0.038864,-0.372773,-0.021984;;,
      18;4;-0.925684, 0.039235,-0.375400,-0.025376;;,
      19;4;-0.924652, 0.042519,-0.377381,-0.028191;;,
      20;4;-0.923993, 0.048476,-0.378137,-0.029979;;,
      21;4;-0.923495, 0.057373,-0.377938,-0.032076;;,
      22;4;-0.922656, 0.068679,-0.377985,-0.033421;;,
      23;4;-0.921752, 0.080883,-0.377788,-0.033271;;,
      24;4;-0.921000, 0.093054,-0.376890,-0.032453;;,
      25;4;-0.920546, 0.104414,-0.375175,-0.030599;;,
      26;4;-0.920792, 0.113790,-0.372094,-0.027197;;,
      27;4;-0.921984, 0.120374,-0.367370,-0.022244;;,
      28;4;-0.924040, 0.124161,-0.361198,-0.016442;;,
      29;4;-0.926775, 0.125486,-0.353862,-0.011052;;,
      30;4;-0.930002, 0.124467,-0.345787,-0.005917;;,
      31;4;-0.933417, 0.121467,-0.337604,-0.001188;;,
      32;4;-0.936777, 0.117095,-0.329748, 0.001940;;,
      33;4;-0.939918, 0.111764,-0.322562, 0.004149;;,
      34;4;-0.942654, 0.105783,-0.316509, 0.005880;;,
      35;4;-0.944984, 0.099221,-0.311631, 0.006778;;,
      36;4;-0.946814, 0.092708,-0.308051, 0.007288;;,
      37;4;-0.948289, 0.086360,-0.305342, 0.007460;;,
      38;4;-0.949266, 0.080438,-0.303931, 0.007087;;,
      39;4;-0.949978, 0.075023,-0.303108, 0.006262;;,
      40;4;-0.950384, 0.070345,-0.302979, 0.005001;;,
      41;4;-0.950662, 0.065945,-0.303116, 0.003586;;,
      42;4;-0.950888, 0.061244,-0.303409, 0.001875;;,
      43;4;-0.951044, 0.056655,-0.303817, 0.000131;;,
      44;4;-0.951235, 0.052299,-0.303998,-0.001297;;;
    }
    AnimationKey { // Scale
      1;
      45;
      0;3; 1.000000, 1.000000, 1.000000;;,
      1;3; 1.000000, 1.000000, 1.000000;;,
      2;3; 1.000000, 1.000000, 1.000000;;,
      3;3; 1.000000, 1.000000, 1.000000;;,
      4;3; 1.000000, 1.000000, 1.000000;;,
      5;3; 1.000000, 1.000000, 1.000000;;,
      6;3; 1.000000, 1.000000, 1.000000;;,
      7;3; 1.000000, 1.000000, 1.000000;;,
      8;3; 1.000000, 1.000000, 1.000000;;,
      9;3; 1.000000, 1.000000, 1.000000;;,
      10;3; 1.000000, 1.000000, 1.000000;;,
      11;3; 1.000000, 1.000000, 1.000000;;,
      12;3; 1.000000, 1.000000, 1.000000;;,
      13;3; 1.000000, 1.000000, 1.000000;;,
      14;3; 1.000000, 1.000000, 1.000000;;,
      15;3; 1.000000, 1.000000, 1.000000;;,
      16;3; 1.000000, 1.000000, 1.000000;;,
      17;3; 1.000000, 1.000000, 1.000000;;,
      18;3; 1.000000, 1.000000, 1.000000;;,
      19;3; 1.000000, 1.000000, 1.000000;;,
      20;3; 1.000000, 1.000000, 1.000000;;,
      21;3; 1.000000, 1.000000, 1.000000;;,
      22;3; 1.000000, 1.000000, 1.000000;;,
      23;3; 1.000000, 1.000000, 1.000000;;,
      24;3; 1.000000, 1.000000, 1.000000;;,
      25;3; 1.000000, 1.000000, 1.000000;;,
      26;3; 1.000000, 1.000000, 1.000000;;,
      27;3; 1.000000, 1.000000, 1.000000;;,
      28;3; 1.000000, 1.000000, 1.000000;;,
      29;3; 1.000000, 1.000000, 1.000000;;,
      30;3; 1.000000, 1.000000, 1.000000;;,
      31;3; 1.000000, 1.000000, 1.000000;;,
      32;3; 1.000000, 1.000000, 1.000000;;,
      33;3; 1.000000, 1.000000, 1.000000;;,
