xof 0303txt 0032

Frame Root {
  FrameTransformMatrix {
     1.000000, 0.000000, 0.000000, 0.000000,
     0.000000,-0.000000,-1.000000, 0.000000,
     0.000000, 1.000000,-0.000000, 0.000000,
     0.000000, 0.000000, 0.000000, 1.000000;;
  }
  Frame Armature {
    FrameTransformMatrix {
       0.100000, 0.000000, 0.000000, 0.000000,
       0.000000,-0.000000, 0.100000, 0.000000,
       0.000000,-0.100000,-0.000000, 0.000000,
       0.000000, 0.000000, 0.000000, 1.000000;;
    }
    Frame Armature_mixamorig_Hips {
      FrameTransformMatrix {
         0.581194,-0.016555, 0.813596, 0.000000,
        -0.120089, 0.987102, 0.105871, 0.000000,
        -0.804855,-0.159236, 0.571710, 0.000000,
        -0.077576,89.390182, 0.341025, 1.000000;;
      }
      Frame Armature_mixamorig_LeftUpLeg {
        FrameTransformMatrix {
          -0.663197, 0.024215, 0.748045, 0.000000,
           0.624578,-0.532812, 0.570970, 0.000000,
           0.412398, 0.845887, 0.338230, 0.000000,
           9.618302,-5.272294,-1.010900, 1.000000;;
        }
        Frame Armature_mixamorig_LeftLeg {
          FrameTransformMatrix {
             0.966440,-0.123352,-0.225338, 0.000000,
            -0.093315, 0.648686,-0.755314, 0.000000,
             0.239343, 0.750993, 0.615406, 0.000000,
             0.000001,43.364998, 0.000005, 1.000000;;
          }
          Frame Armature_mixamorig_LeftFoot {
            FrameTransformMatrix {
               0.986987,-0.113395, 0.114004, 0.000000,
              -0.010434, 0.662336, 0.749134, 0.000000,
              -0.160458,-0.740575, 0.652534, 0.000000,
              -0.000002,44.493008,-0.000005, 1.000000;;
            }
            Frame Armature_mixamorig_LeftToeBase {
              FrameTransformMatrix {
                 0.998670,-0.048930,-0.016259, 0.000000,
                 0.045993, 0.702866, 0.709833, 0.000000,
                -0.023304,-0.709637, 0.704182, 0.000000,
                -0.000001,20.000107, 0.000001, 1.000000;;
              }
              Frame Armature_mixamorig_LeftToe_End {
                FrameTransformMatrix {
                   1.000000, 0.000000, 0.000000, 0.000000,
                  -0.000000, 1.000000, 0.000000, 0.000000,
                  -0.000000,-0.000000, 1.000000, 0.000000,
                   0.000003,10.000107, 0.000000, 1.000000;;
                }
              } // End of Armature_mixamorig_LeftToe_End
            } // End of Armature_mixamorig_LeftToeBase
          } // End of Armature_mixamorig_LeftFoot
        } // End of Armature_mixamorig_LeftLeg
      } // End of Armature_mixamorig_LeftUpLeg
      Frame Armature_mixamorig_RightUpLeg {
        FrameTransformMatrix {
          -0.764887, 0.323715,-0.557051, 0.000000,
          -0.559545,-0.762233, 0.325505, 0.000000,
          -0.319150, 0.560546, 0.764361, 0.000000,
          -9.940999,-5.272389,-1.010900, 1.000000;;
        }
        Frame Armature_mixamorig_RightLeg {
          FrameTransformMatrix {
             0.995542,-0.083344, 0.044152, 0.000000,
             0.089275, 0.681686,-0.726177, 0.000000,
             0.030425, 0.726882, 0.686088, 0.000000,
            -0.000001,43.364796, 0.000006, 1.000000;;
          }
          Frame Armature_mixamorig_RightFoot {
            FrameTransformMatrix {
               0.876743, 0.477768,-0.055305, 0.000000,
              -0.169066, 0.413799, 0.894532, 0.000000,
               0.450264,-0.774925, 0.443570, 0.000000,
              -0.000004,44.492775,-0.000000, 1.000000;;
            }
            Frame Armature_mixamorig_RightToeBase {
              FrameTransformMatrix {
                 0.998626, 0.030530,-0.042591, 0.000000,
                 0.006816, 0.730176, 0.683226, 0.000000,
                 0.051958,-0.682577, 0.728964, 0.000000,
                 0.000001,19.997450, 0.000002, 1.000000;;
              }
              Frame Armature_mixamorig_RightToe_End {
                FrameTransformMatrix {
                   1.000000,-0.000000, 0.000000, 0.000000,
                  -0.000000, 1.000000,-0.000000, 0.000000,
                  -0.000000, 0.000000, 1.000000, 0.000000,
                   0.000002, 9.997511, 0.000000, 1.000000;;
                }
              } // End of Armature_mixamorig_RightToe_End
            } // End of Armature_mixamorig_RightToeBase
          } // End of Armature_mixamorig_RightFoot
        } // End of Armature_mixamorig_RightLeg
      } // End of Armature_mixamorig_RightUpLeg
      Frame Armature_mixamorig_Spine {
        FrameTransformMatrix {
           0.996736,-0.040306,-0.069941, 0.000000,
           0.039043, 0.999051,-0.019329, 0.000000,
           0.070653, 0.016535, 0.997364, 0.000000,
          -0.038099, 9.490508,-1.392100, 1.000000;;
        }
        Frame Armature_mixamorig_Spine1 {
          FrameTransformMatrix {
             0.998871, 0.044116,-0.017608, 0.000000,
            -0.043724, 0.998800, 0.022066, 0.000000,
             0.018561,-0.021271, 0.999601, 0.000000,
             0.000001,11.190800,-0.000000, 1.000000;;
          }
          Frame Armature_mixamorig_Spine2 {
            FrameTransformMatrix {
               0.999651, 0.017536,-0.019754, 0.000000,
              -0.014397, 0.988713, 0.149126, 0.000000,
               0.022146,-0.148790, 0.988621, 0.000000,
              -0.000001,12.789508, 0.000001, 1.000000;;
            }
            Frame Armature_mixamorig_LeftShoulder {
              FrameTransformMatrix {
                 0.176044,-0.042698,-0.983456, 0.000000,
                 0.942191,-0.282046, 0.180903, 0.000000,
                -0.285104,-0.958450,-0.009423, 0.000000,
                 6.728800,11.756609,-2.058503, 1.000000;;
              }
              Frame Armature_mixamorig_LeftArm {
                FrameTransformMatrix {
                   0.963840, 0.265752, 0.019735, 0.000000,
                  -0.232519, 0.802505, 0.549472, 0.000000,
                   0.130186,-0.534192, 0.835279, 0.000000,
                   0.000004,14.448807, 0.000007, 1.000000;;
                }
                Frame Armature_mixamorig_LeftForeArm {
                  FrameTransformMatrix {
                    -0.061235, 0.849642, 0.523793, 0.000000,
                    -0.998000,-0.043868,-0.045515, 0.000000,
                    -0.015694,-0.525533, 0.850628, 0.000000,
                     0.000001,23.160278, 0.000000, 1.000000;;
                  }
                  Frame Armature_mixamorig_LeftHand {
                    FrameTransformMatrix {
                       0.999978, 0.006580,-0.000469, 0.000000,
                      -0.006543, 0.998358, 0.056903, 0.000000,
                       0.000842,-0.056899, 0.998380, 0.000000,
                       0.000004,24.071796, 0.000002, 1.000000;;
                    }
                    Frame Armature_mixamorig_LeftHandIndex1 {
                      FrameTransformMatrix {
                         0.988740, 0.136017, 0.062394, 0.000000,
                        -0.082869, 0.150493, 0.985132, 0.000000,
                         0.124605,-0.979209, 0.160070, 0.000000,
                        -2.855498,14.669407, 0.398803, 1.000000;;
                      }
                      Frame Armature_mixamorig_LeftHandIndex2 {
                        FrameTransformMatrix {
                           0.997068, 0.076516,-0.000092, 0.000000,
                          -0.029247, 0.382219, 0.923609, 0.000000,
                           0.070706,-0.920898, 0.383337, 0.000000,
                           0.000002, 3.248598,-0.000000, 1.000000;;
                        }
                        Frame Armature_mixamorig_LeftHandIndex3 {
                          FrameTransformMatrix {
                             0.999406,-0.011996,-0.032319, 0.000000,
                             0.034473, 0.348779, 0.936571, 0.000000,
                             0.000037,-0.937128, 0.348986, 0.000000,
                            -0.000008, 2.659611,-0.000000, 1.000000;;
                          }
                          Frame Armature_mixamorig_LeftHandIndex4 {
                            FrameTransformMatrix {
                               1.000000,-0.000000, 0.000000, 0.000000,
                               0.000000, 1.000000, 0.000000, 0.000000,
                              -0.000000,-0.000000, 1.000000, 0.000000,
                              -0.000001, 3.633189,-0.000002, 1.000000;;
                            }
                          } // End of Armature_mixamorig_LeftHandIndex4
                        } // End of Armature_mixamorig_LeftHandIndex3
                      } // End of Armature_mixamorig_LeftHandIndex2
                    } // End of Armature_mixamorig_LeftHandIndex1
                    Frame Armature_mixamorig_LeftHandMiddle1 {
                      FrameTransformMatrix {
                         0.994536,-0.042219, 0.095474, 0.000000,
                        -0.092941, 0.058365, 0.993959, 0.000000,
                        -0.047537,-0.997402, 0.054122, 0.000000,
                        -0.000003,14.409809, 0.000005, 1.000000;;
                      }
                      Frame Armature_mixamorig_LeftHandMiddle2 {
                        FrameTransformMatrix {
                           0.996349, 0.085367, 0.001186, 0.000000,
                          -0.020934, 0.230808, 0.972774, 0.000000,
                           0.082769,-0.969247, 0.231753, 0.000000,
                           0.000000, 3.259097, 0.000000, 1.000000;;
                        }
                        Frame Armature_mixamorig_LeftHandMiddle3 {
                          FrameTransformMatrix {
                             0.999609,-0.009395,-0.026344, 0.000000,
                             0.027927, 0.386803, 0.921740, 0.000000,
                             0.001530,-0.922115, 0.386914, 0.000000,
                            -0.000010, 2.639900, 0.000000, 1.000000;;
                          }
                          Frame Armature_mixamorig_LeftHandMiddle4 {
                            FrameTransformMatrix {
                               1.000000, 0.000000,-0.000000, 0.000000,
                              -0.000000, 1.000000, 0.000000, 0.000000,
                              -0.000000,-0.000000, 1.000000, 0.000000,
                               0.000007, 3.673914, 0.000002, 1.000000;;
                            }
                          } // End of Armature_mixamorig_LeftHandMiddle4
                        } // End of Armature_mixamorig_LeftHandMiddle3
                      } // End of Armature_mixamorig_LeftHandMiddle2
                    } // End of Armature_mixamorig_LeftHandMiddle1
                    Frame Armature_mixamorig_LeftHandPinky1 {
                      FrameTransformMatrix {
                         0.977786,-0.143731, 0.152566, 0.000000,
                        -0.143229, 0.073272, 0.986973, 0.000000,
                        -0.153038,-0.986900, 0.051058, 0.000000,
                         5.614195,11.636404, 0.516603, 1.000000;;
                      }
                      Frame Armature_mixamorig_LeftHandPinky2 {
                        FrameTransformMatrix {
                           0.999999, 0.001165, 0.000834, 0.000000,
                          -0.001121, 0.273864, 0.961768, 0.000000,
                           0.000892,-0.961768, 0.273865, 0.000000,
                           0.000004, 1.559395, 0.000003, 1.000000;;
                        }
                        Frame Armature_mixamorig_LeftHandPinky3 {
                          FrameTransformMatrix {
                             0.999999, 0.000899, 0.000322, 0.000000,
                            -0.000836, 0.661982, 0.749519, 0.000000,
                             0.000461,-0.749519, 0.661983, 0.000000,
                             0.000002, 1.540604, 0.000002, 1.000000;;
                          }
                          Frame Armature_mixamorig_LeftHandPinky4 {
                            FrameTransformMatrix {
                               1.000000, 0.000000,-0.000000, 0.000000,
                              -0.000000, 1.000000, 0.000000, 0.000000,
                               0.000000,-0.000000, 1.000000, 0.000000,
                              -0.000004, 1.668702, 0.000003, 1.000000;;
                            }
                          } // End of Armature_mixamorig_LeftHandPinky4
                        } // End of Armature_mixamorig_LeftHandPinky3
                      } // End of Armature_mixamorig_LeftHandPinky2
                    } // End of Armature_mixamorig_LeftHandPinky1
                    Frame Armature_mixamorig_LeftHandRing1 {
                      FrameTransformMatrix {
                         0.994618,-0.068265, 0.077940, 0.000000,
                        -0.078610,-0.007183, 0.996879, 0.000000,
                        -0.067492,-0.997641,-0.012511, 0.000000,
                         3.304902,13.191502,-0.321997, 1.000000;;
                      }
                      Frame Armature_mixamorig_LeftHandRing2 {
                        FrameTransformMatrix {
                           0.999747, 0.011790, 0.019147, 0.000000,
                          -0.022433, 0.464644, 0.885213, 0.000000,
                           0.001540,-0.885419, 0.464791, 0.000000,
                           0.000009, 2.717610,-0.000001, 1.000000;;
                        }
                        Frame Armature_mixamorig_LeftHandRing3 {
                          FrameTransformMatrix {
                             0.999784,-0.020693, 0.001819, 0.000000,
                             0.004486, 0.300544, 0.953757, 0.000000,
                            -0.020283,-0.953543, 0.300572, 0.000000,
                             0.000008, 2.134497,-0.000003, 1.000000;;
                          }
                          Frame Armature_mixamorig_LeftHandRing4 {
                            FrameTransformMatrix {
                               1.000000, 0.000000, 0.000000, 0.000000,
                              -0.000000, 1.000000, 0.000000, 0.000000,
                               0.000000,-0.000000, 1.000000, 0.000000,
                              -0.000013, 2.786890,-0.000006, 1.000000;;
                            }
                          } // End of Armature_mixamorig_LeftHandRing4
                        } // End of Armature_mixamorig_LeftHandRing3
                      } // End of Armature_mixamorig_LeftHandRing2
                    } // End of Armature_mixamorig_LeftHandRing1
                    Frame Armature_mixamorig_LeftHandThumb1 {
                      FrameTransformMatrix {
                         0.857972, 0.512606, 0.033459, 0.000000,
                        -0.403243, 0.631711, 0.662069, 0.000000,
                         0.318244,-0.581529, 0.748695, 0.000000,
                        -1.509004, 4.173407, 1.926509, 1.000000;;
                      }
                      Frame Armature_mixamorig_LeftHandThumb2 {
                        FrameTransformMatrix {
                           0.922591,-0.322810,-0.211235, 0.000000,
                           0.321782, 0.945960,-0.040200, 0.000000,
                           0.212797,-0.030884, 0.976608, 0.000000,
                          -0.000006, 3.870408,-0.000002, 1.000000;;
                        }
                        Frame Armature_mixamorig_LeftHandThumb3 {
                          FrameTransformMatrix {
                             0.590275, 0.028969,-0.806683, 0.000000,
                             0.439672, 0.826561, 0.351404, 0.000000,
                             0.676952,-0.562100, 0.475161, 0.000000,
                            -0.000007, 4.710594,-0.000003, 1.000000;;
                          }
                          Frame Armature_mixamorig_LeftHandThumb4 {
                            FrameTransformMatrix {
                               1.000000, 0.000000,-0.000000, 0.000000,
                              -0.000000, 1.000000,-0.000000, 0.000000,
                               0.000000, 0.000000, 1.000000, 0.000000,
                               0.000001, 3.830397,-0.000005, 1.000000;;
                            }
                          } // End of Armature_mixamorig_LeftHandThumb4
                        } // End of Armature_mixamorig_LeftHandThumb3
                      } // End of Armature_mixamorig_LeftHandThumb2
                    } // End of Armature_mixamorig_LeftHandThumb1
                  } // End of Armature_mixamorig_LeftHand
                } // End of Armature_mixamorig_LeftForeArm
              } // End of Armature_mixamorig_LeftArm
            } // End of Armature_mixamorig_LeftShoulder
            Frame Armature_mixamorig_Neck {
              FrameTransformMatrix {
                 0.985070,-0.032879,-0.168988, 0.000000,
                 0.027001, 0.998952,-0.036964, 0.000000,
                 0.170026, 0.031850, 0.984925, 0.000000,
                -0.056899,14.235812,-2.088100, 1.000000;;
              }
              Frame Armature_mixamorig_Head {
                FrameTransformMatrix {
                   0.912383,-0.112644,-0.393533, 0.000000,
                   0.079625, 0.991866,-0.099303, 0.000000,
                   0.401518, 0.059267, 0.913932, 0.000000,
                   0.000003, 3.280194, 0.313304, 1.000000;;
                }
                Frame Armature_mixamorig_HeadTop_End {
                  FrameTransformMatrix {
                     1.000000,-0.000000,-0.000000, 0.000000,
                     0.000000, 1.000000, 0.000000, 0.000000,
                     0.000000, 0.000000, 1.000000, 0.000000,
                    -0.000000,25.653503, 2.450501, 1.000000;;
                  }
                } // End of Armature_mixamorig_HeadTop_End
              } // End of Armature_mixamorig_Head
            } // End of Armature_mixamorig_Neck
            Frame Armature_mixamorig_RightShoulder {
              FrameTransformMatrix {
                -0.327069, 0.122601, 0.937013, 0.000000,
                -0.910625,-0.305890,-0.277835, 0.000000,
                 0.252560,-0.944140, 0.211690, 0.000000,
                -6.728799,11.756706,-2.058501, 1.000000;;
              }
              Frame Armature_mixamorig_RightArm {
                FrameTransformMatrix {
                   0.997846,-0.023213, 0.061361, 0.000000,
                  -0.020745, 0.775678, 0.630788, 0.000000,
                  -0.062238,-0.630702, 0.773525, 0.000000,
                   0.000006,14.448809,-0.000009, 1.000000;;
                }
                Frame Armature_mixamorig_RightForeArm {
                  FrameTransformMatrix {
                     0.266617,-0.960679,-0.077530, 0.000000,
                     0.963801, 0.265896, 0.019669, 0.000000,
                     0.001719,-0.079968, 0.996796, 0.000000,
                    -0.000004,23.160299,-0.000013, 1.000000;;
                  }
                  Frame Armature_mixamorig_RightHand {
                    FrameTransformMatrix {
                       0.884659,-0.464571,-0.039401, 0.000000,
                       0.464485, 0.870856, 0.160822, 0.000000,
                      -0.040401,-0.160574, 0.986197, 0.000000,
                      -0.000007,24.071712, 0.000008, 1.000000;;
                    }
                    Frame Armature_mixamorig_RightHandIndex1 {
                      FrameTransformMatrix {
                         0.998708, 0.050756,-0.002429, 0.000000,
                        -0.022131, 0.477492, 0.878357, 0.000000,
                         0.045742,-0.877169, 0.477999, 0.000000,
                         2.855508,14.669410, 0.399011, 1.000000;;
                      }
                      Frame Armature_mixamorig_RightHandIndex2 {
                        FrameTransformMatrix {
                           0.996871,-0.079029,-0.001458, 0.000000,
                           0.032722, 0.395833, 0.917739, 0.000000,
                          -0.071951,-0.914916, 0.397180, 0.000000,
                           0.000007, 3.248590, 0.000004, 1.000000;;
                        }
                        Frame Armature_mixamorig_RightHandIndex3 {
                          FrameTransformMatrix {
                             0.999468, 0.005236, 0.032203, 0.000000,
                            -0.030395, 0.508175, 0.860717, 0.000000,
                            -0.011858,-0.861238, 0.508064, 0.000000,
                             0.000020, 2.659607, 0.000003, 1.000000;;
                          }
                          Frame Armature_mixamorig_RightHandIndex4 {
                            FrameTransformMatrix {
                               1.000000,-0.000000,-0.000000, 0.000000,
                              -0.000000, 1.000000, 0.000000, 0.000000,
                               0.000000, 0.000000, 1.000000, 0.000000,
                               0.000000, 3.633098, 0.000001, 1.000000;;
                            }
                          } // End of Armature_mixamorig_RightHandIndex4
                        } // End of Armature_mixamorig_RightHandIndex3
                      } // End of Armature_mixamorig_RightHandIndex2
                    } // End of Armature_mixamorig_RightHandIndex1
                    Frame Armature_mixamorig_RightHandMiddle1 {
                      FrameTransformMatrix {
                         0.999731,-0.000346,-0.023208, 0.000000,
                         0.021688, 0.370163, 0.928714, 0.000000,
                         0.008269,-0.928967, 0.370071, 0.000000,
                         0.000018,14.409803, 0.000000, 1.000000;;
                      }
                      Frame Armature_mixamorig_RightHandMiddle2 {
                        FrameTransformMatrix {
                           0.996108,-0.088061,-0.003700, 0.000000,
                           0.012136, 0.095462, 0.995359, 0.000000,
                          -0.087299,-0.991530, 0.096159, 0.000000,
                           0.000003, 3.259095,-0.000001, 1.000000;;
                        }
                        Frame Armature_mixamorig_RightHandMiddle3 {
                          FrameTransformMatrix {
                             0.999639, 0.021871, 0.015620, 0.000000,
                            -0.026843, 0.841186, 0.540080, 0.000000,
                            -0.001327,-0.540304, 0.841469, 0.000000,
                             0.000001, 2.639809, 0.000004, 1.000000;;
                          }
                          Frame Armature_mixamorig_RightHandMiddle4 {
                            FrameTransformMatrix {
                               1.000000, 0.000000, 0.000000, 0.000000,
                               0.000000, 1.000000,-0.000000, 0.000000,
                               0.000000, 0.000000, 1.000000, 0.000000,
                              -0.000004, 3.673909,-0.000005, 1.000000;;
                            }
                          } // End of Armature_mixamorig_RightHandMiddle4
                        } // End of Armature_mixamorig_RightHandMiddle3
                      } // End of Armature_mixamorig_RightHandMiddle2
                    } // End of Armature_mixamorig_RightHandMiddle1
                    Frame Armature_mixamorig_RightHandPinky1 {
                      FrameTransformMatrix {
                         0.997447,-0.004640,-0.071266, 0.000000,
                         0.071414, 0.056501, 0.995845, 0.000000,
                        -0.000594,-0.998392, 0.056688, 0.000000,
                        -5.921989,11.636404, 0.516997, 1.000000;;
                      }
                      Frame Armature_mixamorig_RightHandPinky2 {
                        FrameTransformMatrix {
                           0.999994,-0.003178,-0.001614, 0.000000,
                           0.003162, 0.581907, 0.813249, 0.000000,
                          -0.001645,-0.813249, 0.581914, 0.000000,
                          -0.000004, 1.559296, 0.000005, 1.000000;;
                        }
                        Frame Armature_mixamorig_RightHandPinky3 {
                          FrameTransformMatrix {
                             0.999998,-0.001674,-0.000394, 0.000000,
                             0.001678, 0.900092, 0.435697, 0.000000,
                            -0.000375,-0.435697, 0.900093, 0.000000,
                            -0.000002, 1.540607, 0.000000, 1.000000;;
                          }
                          Frame Armature_mixamorig_RightHandPinky4 {
                            FrameTransformMatrix {
                               1.000000,-0.000000, 0.000000, 0.000000,
                              -0.000000, 1.000000, 0.000000, 0.000000,
                              -0.000000,-0.000000, 1.000000, 0.000000,
                              -0.000005, 1.668691, 0.000004, 1.000000;;
                            }
                          } // End of Armature_mixamorig_RightHandPinky4
                        } // End of Armature_mixamorig_RightHandPinky3
                      } // End of Armature_mixamorig_RightHandPinky2
                    } // End of Armature_mixamorig_RightHandPinky1
                    Frame Armature_mixamorig_RightHandRing1 {
                      FrameTransformMatrix {
                         0.996875, 0.077871, 0.013249, 0.000000,
                        -0.027650, 0.186895, 0.981991, 0.000000,
                         0.073992,-0.979289, 0.188464, 0.000000,
                        -3.304894,13.191505,-0.321990, 1.000000;;
                      }
                      Frame Armature_mixamorig_RightHandRing2 {
                        FrameTransformMatrix {
                           0.999645,-0.022354,-0.014518, 0.000000,
                           0.020345, 0.288030, 0.957405, 0.000000,
                          -0.017221,-0.957361, 0.288382, 0.000000,
                          -0.000001, 2.717597, 0.000000, 1.000000;;
                        }
                        Frame Armature_mixamorig_RightHandRing3 {
                          FrameTransformMatrix {
                             0.999813, 0.019266,-0.001728, 0.000000,
                            -0.013851, 0.775388, 0.631333, 0.000000,
                             0.013504,-0.631191, 0.775510, 0.000000,
                            -0.000001, 2.134505,-0.000006, 1.000000;;
                          }
                          Frame Armature_mixamorig_RightHandRing4 {
                            FrameTransformMatrix {
                               1.000000,-0.000000, 0.000000, 0.000000,
                               0.000000, 1.000000,-0.000000, 0.000000,
                              -0.000000, 0.000000, 1.000000, 0.000000,
                              -0.000005, 2.786792, 0.000003, 1.000000;;
                            }
                          } // End of Armature_mixamorig_RightHandRing4
                        } // End of Armature_mixamorig_RightHandRing3
                      } // End of Armature_mixamorig_RightHandRing2
                    } // End of Armature_mixamorig_RightHandRing1
                    Frame Armature_mixamorig_RightHandThumb1 {
                      FrameTransformMatrix {
                         0.976822,-0.104942, 0.186561, 0.000000,
                        -0.093486, 0.574892, 0.812871, 0.000000,
                        -0.192557,-0.811472, 0.551757, 0.000000,
                         1.509011, 4.173403, 1.926996, 1.000000;;
                      }
                      Frame Armature_mixamorig_RightHandThumb2 {
                        FrameTransformMatrix {
                           0.951158, 0.004528, 0.308671, 0.000000,
                           0.055871, 0.980855,-0.186552, 0.000000,
                          -0.303606, 0.194686, 0.932695, 0.000000,
                           0.000007, 3.870402, 0.000012, 1.000000;;
                        }
                        Frame Armature_mixamorig_RightHandThumb3 {
                          FrameTransformMatrix {
                             0.926945, 0.227130,-0.298637, 0.000000,
                            -0.296706, 0.930928,-0.212929, 0.000000,
                             0.229647, 0.285981, 0.930310, 0.000000,
                            -0.000003, 4.710301,-0.000009, 1.000000;;
                          }
                          Frame Armature_mixamorig_RightHandThumb4 {
                            FrameTransformMatrix {
                               1.000000, 0.000000,-0.000001, 0.000000,
                              -0.000000, 1.000000, 0.000000, 0.000000,
                               0.000001,-0.000000, 1.000000, 0.000000,
                              -0.000005, 3.830405,-0.000003, 1.000000;;
                            }
                          } // End of Armature_mixamorig_RightHandThumb4
                        } // End of Armature_mixamorig_RightHandThumb3
                      } // End of Armature_mixamorig_RightHandThumb2
                    } // End of Armature_mixamorig_RightHandThumb1
                  } // End of Armature_mixamorig_RightHand
                } // End of Armature_mixamorig_RightForeArm
              } // End of Armature_mixamorig_RightArm
            } // End of Armature_mixamorig_RightShoulder
          } // End of Armature_mixamorig_Spine2
        } // End of Armature_mixamorig_Spine1
      } // End of Armature_mixamorig_Spine
    } // End of Armature_mixamorig_Hips
  } // End of Armature
} // End of Root
AnimationSet Global {
  Animation {
    {Armature}
    AnimationKey { // Rotation
      0;
      43;
      0;4;-0.707107, 0.707107, 0.000000, 0.000000;;,
      1;4;-0.707107, 0.707107, 0.000000, 0.000000;;,
      2;4;-0.707107, 0.707107, 0.000000, 0.000000;;,
      3;4;-0.707107, 0.707107, 0.000000, 0.000000;;,
      4;4;-0.707107, 0.707107, 0.000000, 0.000000;;,
      5;4;-0.707107, 0.707107, 0.000000, 0.000000;;,
      6;4;-0.707107, 0.707107, 0.000000, 0.000000;;,
      7;4;-0.707107, 0.707107, 0.000000, 0.000000;;,
      8;4;-0.707107, 0.707107, 0.000000, 0.000000;;,
      9;4;-0.707107, 0.707107, 0.000000, 0.000000;;,
      10;4;-0.707107, 0.707107, 0.000000, 0.000000;;,
      11;4;-0.707107, 0.707107, 0.000000, 0.000000;;,
      12;4;-0.707107, 0.707107, 0.000000, 0.000000;;,
      13;4;-0.707107, 0.707107, 0.000000, 0.000000;;,
      14;4;-0.707107, 0.707107, 0.000000, 0.000000;;,
      15;4;-0.707107, 0.707107, 0.000000, 0.000000;;,
      16;4;-0.707107, 0.707107, 0.000000, 0.000000;;,
      17;4;-0.707107, 0.707107, 0.000000, 0.000000;;,
      18;4;-0.707107, 0.707107, 0.000000, 0.000000;;,
      19;4;-0.707107, 0.707107, 0.000000, 0.000000;;,
      20;4;-0.707107, 0.707107, 0.000000, 0.000000;;,
      21;4;-0.707107, 0.707107, 0.000000, 0.000000;;,
      22;4;-0.707107, 0.707107, 0.000000, 0.000000;;,
      23;4;-0.707107, 0.707107, 0.000000, 0.000000;;,
      24;4;-0.707107, 0.707107, 0.000000, 0.000000;;,
      25;4;-0.707107, 0.707107, 0.000000, 0.000000;;,
      26;4;-0.707107, 0.707107, 0.000000, 0.000000;;,
      27;4;-0.707107, 0.707107, 0.000000, 0.000000;;,
      28;4;-0.707107, 0.707107, 0.000000, 0.000000;;,
      29;4;-0.707107, 0.707107, 0.000000, 0.000000;;,
      30;4;-0.707107, 0.707107, 0.000000, 0.000000;;,
      31;4;-0.707107, 0.707107, 0.000000, 0.000000;;,
      32;4;-0.707107, 0.707107, 0.000000, 0.000000;;,
      33;4;-0.707107, 0.707107, 0.000000, 0.000000;;,
      34;4;-0.707107, 0.707107, 0.000000, 0.000000;;,
      35;4;-0.707107, 0.707107, 0.000000, 0.000000;;,
      36;4;-0.707107, 0.707107, 0.000000, 0.000000;;,
      37;4;-0.707107, 0.707107, 0.000000, 0.000000;;,
      38;4;-0.707107, 0.707107, 0.000000, 0.000000;;,
      39;4;-0.707107, 0.707107, 0.000000, 0.000000;;,
      40;4;-0.707107, 0.707107, 0.000000, 0.000000;;,
      41;4;-0.707107, 0.707107, 0.000000, 0.000000;;,
      42;4;-0.707107, 0.707107, 0.000000, 0.000000;;;
    }
    AnimationKey { // Scale
      1;
      43;
      0;3; 0.100000, 0.100000, 0.100000;;,
      1;3; 0.100000, 0.100000, 0.100000;;,
      2;3; 0.100000, 0.100000, 0.100000;;,
      3;3; 0.100000, 0.100000, 0.100000;;,
      4;3; 0.100000, 0.100000, 0.100000;;,
      5;3; 0.100000, 0.100000, 0.100000;;,
      6;3; 0.100000, 0.100000, 0.100000;;,
      7;3; 0.100000, 0.100000, 0.100000;;,
      8;3; 0.100000, 0.100000, 0.100000;;,
      9;3; 0.100000, 0.100000, 0.100000;;,
      10;3; 0.100000, 0.100000, 0.100000;;,
      11;3; 0.100000, 0.100000, 0.100000;;,
      12;3; 0.100000, 0.100000, 0.100000;;,
      13;3; 0.100000, 0.100000, 0.100000;;,
      14;3; 0.100000, 0.100000, 0.100000;;,
      15;3; 0.100000, 0.100000, 0.100000;;,
      16;3; 0.100000, 0.100000, 0.100000;;,
      17;3; 0.100000, 0.100000, 0.100000;;,
      18;3; 0.100000, 0.100000, 0.100000;;,
      19;3; 0.100000, 0.100000, 0.100000;;,
      20;3; 0.100000, 0.100000, 0.100000;;,
      21;3; 0.100000, 0.100000, 0.100000;;,
      22;3; 0.100000, 0.100000, 0.100000;;,
      23;3; 0.100000, 0.100000, 0.100000;;,
      24;3; 0.100000, 0.100000, 0.100000;;,
      25;3; 0.100000, 0.100000, 0.100000;;,
      26;3; 0.100000, 0.100000, 0.100000;;,
      27;3; 0.100000, 0.100000, 0.100000;;,
      28;3; 0.100000, 0.100000, 0.100000;;,
      29;3; 0.100000, 0.100000, 0.100000;;,
      30;3; 0.100000, 0.100000, 0.100000;;,
      31;3; 0.100000, 0.100000, 0.100000;;,
      32;3; 0.100000, 0.100000, 0.100000;;,
      33;3; 0.100000, 0.100000, 0.100000;;,
      34;3; 0.100000, 0.100000, 0.100000;;,
      35;3; 0.100000, 0.100000, 0.100000;;,
      36;3; 0.100000, 0.100000, 0.100000;;,
      37;3; 0.100000, 0.100000, 0.100000;;,
      38;3; 0.100000, 0.100000, 0.100000;;,
      39;3; 0.100000, 0.100000, 0.100000;;,
      40;3; 0.100000, 0.100000, 0.100000;;,
      41;3; 0.100000, 0.100000, 0.100000;;,
      42;3; 0.100000, 0.100000, 0.100000;;;
    }
    AnimationKey { // Position
      2;
      43;
      0;3; 0.000000, 0.000000, 0.000000;;,
      1;3; 0.000000, 0.000000, 0.000000;;,
      2;3; 0.000000, 0.000000, 0.000000;;,
      3;3; 0.000000, 0.000000, 0.000000;;,
      4;3; 0.000000, 0.000000, 0.000000;;,
      5;3; 0.000000, 0.000000, 0.000000;;,
      6;3; 0.000000, 0.000000, 0.000000;;,
      7;3; 0.000000, 0.000000, 0.000000;;,
      8;3; 0.000000, 0.000000, 0.000000;;,
      9;3; 0.000000, 0.000000, 0.000000;;,
      10;3; 0.000000, 0.000000, 0.000000;;,
      11;3; 0.000000, 0.000000, 0.000000;;,
      12;3; 0.000000, 0.000000, 0.000000;;,
      13;3; 0.000000, 0.000000, 0.000000;;,
      14;3; 0.000000, 0.000000, 0.000000;;,
      15;3; 0.000000, 0.000000, 0.000000;;,
      16;3; 0.000000, 0.000000, 0.000000;;,
      17;3; 0.000000, 0.000000, 0.000000;;,
      18;3; 0.000000, 0.000000, 0.000000;;,
      19;3; 0.000000, 0.000000, 0.000000;;,
      20;3; 0.000000, 0.000000, 0.000000;;,
      21;3; 0.000000, 0.000000, 0.000000;;,
      22;3; 0.000000, 0.000000, 0.000000;;,
      23;3; 0.000000, 0.000000, 0.000000;;,
      24;3; 0.000000, 0.000000, 0.000000;;,
      25;3; 0.000000, 0.000000, 0.000000;;,
      26;3; 0.000000, 0.000000, 0.000000;;,
      27;3; 0.000000, 0.000000, 0.000000;;,
      28;3; 0.000000, 0.000000, 0.000000;;,
      29;3; 0.000000, 0.000000, 0.000000;;,
      30;3; 0.000000, 0.000000, 0.000000;;,
      31;3; 0.000000, 0.000000, 0.000000;;,
      32;3; 0.000000, 0.000000, 0.000000;;,
      33;3; 0.000000, 0.000000, 0.000000;;,
      34;3; 0.000000, 0.000000, 0.000000;;,
      35;3; 0.000000, 0.000000, 0.000000;;,
      36;3; 0.000000, 0.000000, 0.000000;;,
      37;3; 0.000000, 0.000000, 0.000000;;,
      38;3; 0.000000, 0.000000, 0.000000;;,
      39;3; 0.000000, 0.000000, 0.000000;;,
      40;3; 0.000000, 0.000000, 0.000000;;,
      41;3; 0.000000, 0.000000, 0.000000;;,
      42;3; 0.000000, 0.000000, 0.000000;;;
    }
  }
  Animation {
    {Armature_mixamorig_Hips}
    AnimationKey { // Rotation
      0;
      43;
      0;4;-0.886003, 0.074804,-0.456672, 0.029214;;,
      1;4;-0.886917, 0.068941,-0.455439, 0.034651;;,
      2;4;-0.888886, 0.057432,-0.452759, 0.039901;;,
      3;4;-0.891310, 0.038076,-0.449896, 0.041365;;,
      4;4;-0.893568, 0.013889,-0.446924, 0.040015;;,
      5;4;-0.895235,-0.016909,-0.443975, 0.033984;;,
      6;4;-0.895813,-0.048870,-0.440952, 0.026314;;,
      7;4;-0.894500,-0.076745,-0.440011, 0.019239;;,
      8;4;-0.891516,-0.100264,-0.441530, 0.014022;;,
      9;4;-0.887501,-0.120704,-0.444597, 0.010287;;,
      10;4;-0.882488,-0.136298,-0.450060, 0.009133;;,
      11;4;-0.876955,-0.145370,-0.457917, 0.011356;;,
      12;4;-0.872686,-0.148090,-0.464991, 0.016501;;,
      13;4;-0.868785,-0.149083,-0.471698, 0.022087;;,
      14;4;-0.865187,-0.149301,-0.477913, 0.027549;;,
      15;4;-0.862227,-0.148932,-0.483061, 0.032199;;,
      16;4;-0.860612,-0.147943,-0.486021, 0.035260;;,
      17;4;-0.861633,-0.145670,-0.484890, 0.035355;;,
      18;4;-0.866589,-0.141627,-0.477404, 0.032418;;,
      19;4;-0.874666,-0.134529,-0.464758, 0.029363;;,
      20;4;-0.882704,-0.126386,-0.451768, 0.027663;;,
      21;4;-0.888118,-0.118190,-0.443137, 0.030126;;,
      22;4;-0.890289,-0.108730,-0.440808, 0.035373;;,
      23;4;-0.889032,-0.096487,-0.445614, 0.041734;;,
      24;4;-0.885666,-0.082204,-0.454436, 0.048225;;,
      25;4;-0.881093,-0.066545,-0.465089, 0.054206;;,
      26;4;-0.875363,-0.048837,-0.477414, 0.058573;;,
      27;4;-0.870860,-0.031640,-0.486827, 0.060015;;,
      28;4;-0.868304,-0.016302,-0.492182, 0.059490;;,
      29;4;-0.869972,-0.005157,-0.489906, 0.055801;;,
      30;4;-0.874678, 0.003537,-0.482110, 0.049968;;,
      31;4;-0.880443, 0.011400,-0.471908, 0.044640;;,
      32;4;-0.886591, 0.019225,-0.460150, 0.042991;;,
      33;4;-0.891076, 0.029516,-0.450670, 0.044824;;,
      34;4;-0.892446, 0.040633,-0.446672, 0.048714;;,
      35;4;-0.892219, 0.049746,-0.446000, 0.050547;;,
      36;4;-0.891267, 0.053845,-0.447810, 0.047003;;,
      37;4;-0.890157, 0.055143,-0.450432, 0.041131;;,
      38;4;-0.889190, 0.054319,-0.452946, 0.035076;;,
      39;4;-0.888004, 0.056406,-0.455238, 0.032023;;,
      40;4;-0.886868, 0.060811,-0.456985, 0.030536;;,
      41;4;-0.886075, 0.069258,-0.457306, 0.030748;;,
      42;4;-0.886003, 0.074804,-0.456672, 0.029214;;;
    }
    AnimationKey { // Scale
      1;
      43;
      0;3; 1.000000, 1.000000, 1.000000;;,
      1;3; 1.000000, 1.000000, 1.000000;;,
      2;3; 1.000000, 1.000000, 1.000000;;,
      3;3; 1.000000, 1.000000, 1.000000;;,
      4;3; 1.000000, 1.000000, 1.000000;;,
      5;3; 1.000000, 1.000000, 1.000000;;,
      6;3; 1.000000, 1.000000, 1.000000;;,
      7;3; 1.000000, 1.000000, 1.000000;;,
      8;3; 1.000000, 1.000000, 1.000000;;,
      9;3; 1.000000, 1.000000, 1.000000;;,
      10;3; 1.000000, 1.000000, 1.000000;;,
      11;3; 1.000000, 1.000000, 1.000000;;,
      12;3; 1.000000, 1.000000, 1.000000;;,
      13;3; 1.000000, 1.000000, 1.000000;;,
      14;3; 1.000000, 1.000000, 1.000000;;,
      15;3; 1.000000, 1.000000, 1.000000;;,
      16;3; 1.000000, 1.000000, 1.000000;;,
      17;3; 1.000000, 1.000000, 1.000000;;,
      18;3; 1.000000, 1.000000, 1.000000;;,
      19;3; 1.000000, 1.000000, 1.000000;;,
      20;3; 1.000000, 1.000000, 1.000000;;,
      21;3; 1.000000, 1.000000, 1.000000;;,
      22;3; 1.000000, 1.000000, 1.000000;;,
      23;3; 1.000000, 1.000000, 1.000000;;,
      24;3; 1.000000, 1.000000, 1.000000;;,
      25;3; 1.000000, 1.000000, 1.000000;;,
      26;3; 1.000000, 1.000000, 1.000000;;,
      27;3; 1.000000, 1.000000, 1.000000;;,
      28;3; 1.000000, 1.000000, 1.000000;;,
      29;3; 1.000000, 1.000000, 1.000000;;,
      30;3; 1.000000, 1.000000, 1.000000;;,
      31;3; 1.000000, 1.000000, 1.000000;;,
      32;3; 1.000000, 1.000000, 1.000000;;,
      33;3; 1.000000, 1.000000, 1.000000;;,
      34;3; 1.000000, 1.000000, 1.000000;;,
      35;3; 1.000000, 1.000000, 1.000000;;,
      36;3; 1.000000, 1.000000, 1.000000;;,
      37;3; 1.000000, 1.000000, 1.000000;;,
      38;3; 1.000000, 1.000000, 1.000000;;,
      39;3; 1.000000, 1.000000, 1.000000;;,
      40;3; 1.000000, 1.000000, 1.000000;;,
      41;3; 1.000000, 1.000000, 1.000000;;,
      42;3; 1.000000, 1.000000, 1.000000;;;
    }
