xof 0303txt 0032

Frame Root {
  FrameTransformMatrix {
     1.000000, 0.000000, 0.000000, 0.000000,
     0.000000,-0.000000,-1.000000, 0.000000,
     0.000000, 1.000000,-0.000000, 0.000000,
     0.000000, 0.000000, 0.000000, 1.000000;;
  }
  Frame Armature {
    FrameTransformMatrix {
       0.100000, 0.000000, 0.000000, 0.000000,
       0.000000,-0.000000, 0.100000, 0.000000,
       0.000000,-0.100000,-0.000000, 0.000000,
       0.000000, 0.000000, 0.000000, 1.000000;;
    }
    Frame Armature_mixamorig_Hips {
      FrameTransformMatrix {
         0.979800, 0.028489, 0.197942, 0.000000,
        -0.093499, 0.940217, 0.327491, 0.000000,
        -0.176779,-0.339383, 0.923888, 0.000000,
         0.403415,93.370644, 0.622933, 1.000000;;
      }
      Frame Armature_mixamorig_LeftUpLeg {
        FrameTransformMatrix {
          -0.981069, 0.045300, 0.188319, 0.000000,
           0.150225,-0.435535, 0.887706, 0.000000,
           0.122210, 0.899032, 0.420578, 0.000000,
           9.618264,-5.272314,-1.010883, 1.000000;;
        }
        Frame Armature_mixamorig_LeftLeg {
          FrameTransformMatrix {
             0.999836, 0.002316,-0.017959, 0.000000,
            -0.015211,-0.430642,-0.902395, 0.000000,
            -0.009824, 0.902520,-0.430536, 0.000000,
            -0.000000,43.365002,-0.000004, 1.000000;;
          }
          Frame Armature_mixamorig_LeftFoot {
            FrameTransformMatrix {
               0.900626, 0.432079, 0.046687, 0.000000,
              -0.381404, 0.734326, 0.561513, 0.000000,
               0.208334,-0.523520, 0.826150, 0.000000,
               0.000001,44.492844,-0.000000, 1.000000;;
            }
            Frame Armature_mixamorig_LeftToeBase {
              FrameTransformMatrix {
                 0.976496,-0.036814, 0.212367, 0.000000,
                -0.108679, 0.766778, 0.632645, 0.000000,
                -0.186128,-0.640856, 0.744755, 0.000000,
                -0.000001,19.998138, 0.000004, 1.000000;;
              }
              Frame Armature_mixamorig_LeftToe_End {
                FrameTransformMatrix {
                   1.000000,-0.000000,-0.000000, 0.000000,
                   0.000000, 1.000000, 0.000000, 0.000000,
                   0.000000,-0.000000, 1.000000, 0.000000,
                  -0.000002, 9.998180,-0.000002, 1.000000;;
                }
              } // End of Armature_mixamorig_LeftToe_End
            } // End of Armature_mixamorig_LeftToeBase
          } // End of Armature_mixamorig_LeftFoot
        } // End of Armature_mixamorig_LeftLeg
      } // End of Armature_mixamorig_LeftUpLeg
      Frame Armature_mixamorig_RightUpLeg {
        FrameTransformMatrix {
          -0.994262, 0.105885,-0.015187, 0.000000,
          -0.103146,-0.911399, 0.398363, 0.000000,
           0.028342, 0.397669, 0.917016, 0.000000,
          -9.940977,-5.272412,-1.010882, 1.000000;;
        }
        Frame Armature_mixamorig_RightLeg {
          FrameTransformMatrix {
             0.987906, 0.040077, 0.149786, 0.000000,
             0.089192, 0.643321,-0.760384, 0.000000,
            -0.126834, 0.764547, 0.631966, 0.000000,
             0.000002,43.364841,-0.000000, 1.000000;;
          }
          Frame Armature_mixamorig_RightFoot {
            FrameTransformMatrix {
               0.991105, 0.069457,-0.113521, 0.000000,
               0.110686, 0.043393, 0.992908, 0.000000,
               0.073890,-0.996641, 0.035319, 0.000000,
               0.000001,44.493111, 0.000001, 1.000000;;
            }
            Frame Armature_mixamorig_RightToeBase {
              FrameTransformMatrix {
                 0.991472,-0.007616,-0.130100, 0.000000,
                 0.104801, 0.639985, 0.761206, 0.000000,
                 0.077465,-0.768349, 0.635325, 0.000000,
                 0.000000,20.000793, 0.000002, 1.000000;;
              }
              Frame Armature_mixamorig_RightToe_End {
                FrameTransformMatrix {
                   1.000000, 0.000000,-0.000000, 0.000000,
                  -0.000000, 1.000000,-0.000000, 0.000000,
                   0.000000, 0.000000, 1.000000, 0.000000,
                  -0.000003,10.000777, 0.000000, 1.000000;;
                }
              } // End of Armature_mixamorig_RightToe_End
            } // End of Armature_mixamorig_RightToeBase
          } // End of Armature_mixamorig_RightFoot
        } // End of Armature_mixamorig_RightLeg
      } // End of Armature_mixamorig_RightUpLeg
      Frame Armature_mixamorig_Spine {
        FrameTransformMatrix {
           0.991729,-0.033468,-0.123907, 0.000000,
           0.073382, 0.939900, 0.333469, 0.000000,
           0.105300,-0.339804, 0.934583, 0.000000,
          -0.038106, 9.490516,-1.392059, 1.000000;;
        }
        Frame Armature_mixamorig_Spine1 {
          FrameTransformMatrix {
             0.999432,-0.005423,-0.033260, 0.000000,
             0.006633, 0.999316, 0.036390, 0.000000,
             0.033040,-0.036590, 0.998784, 0.000000,
             0.000000,11.190840, 0.000002, 1.000000;;
          }
          Frame Armature_mixamorig_Spine2 {
            FrameTransformMatrix {
               0.999350,-0.010826,-0.034373, 0.000000,
               0.016861, 0.983433, 0.180484, 0.000000,
               0.031850,-0.180946, 0.982977, 0.000000,
               0.000000,12.789540, 0.000000, 1.000000;;
            }
            Frame Armature_mixamorig_LeftShoulder {
              FrameTransformMatrix {
                -0.156869, 0.078926,-0.984460, 0.000000,
                 0.864647,-0.470722,-0.175517, 0.000000,
                -0.477260,-0.878744, 0.005598, 0.000000,
                 6.728772,11.756624,-2.058471, 1.000000;;
              }
              Frame Armature_mixamorig_LeftArm {
                FrameTransformMatrix {
                   0.959504, 0.276141, 0.055670, 0.000000,
                  -0.233705, 0.670004, 0.704612, 0.000000,
                   0.157273,-0.689088, 0.707406, 0.000000,
                  -0.000011,14.448792, 0.000003, 1.000000;;
                }
                Frame Armature_mixamorig_LeftForeArm {
                  FrameTransformMatrix {
                     0.555942, 0.805211, 0.206310, 0.000000,
                    -0.800450, 0.585517,-0.128253, 0.000000,
                    -0.224069,-0.093840, 0.970045, 0.000000,
                    -0.000004,23.160328, 0.000002, 1.000000;;
                  }
                  Frame Armature_mixamorig_LeftHand {
                    FrameTransformMatrix {
                       0.896669, 0.442226, 0.020511, 0.000000,
                      -0.441768, 0.890813, 0.106268, 0.000000,
                       0.028723,-0.104349, 0.994126, 0.000000,
                      -0.000002,24.071739,-0.000004, 1.000000;;
                    }
                    Frame Armature_mixamorig_LeftHandIndex1 {
                      FrameTransformMatrix {
                         0.991317, 0.108414, 0.074408, 0.000000,
                        -0.131137, 0.773574, 0.619989, 0.000000,
                         0.009656,-0.624364, 0.781074, 0.000000,
                        -2.855500,14.669367, 0.398769, 1.000000;;
                      }
                      Frame Armature_mixamorig_LeftHandIndex2 {
                        FrameTransformMatrix {
                           0.997054, 0.076697,-0.000049, 0.000000,
                          -0.056821, 0.739089, 0.671206, 0.000000,
                           0.051516,-0.669227, 0.741270, 0.000000,
                          -0.000002, 3.248606,-0.000002, 1.000000;;
                        }
                        Frame Armature_mixamorig_LeftHandIndex3 {
                          FrameTransformMatrix {
                             0.999423,-0.033738,-0.003979, 0.000000,
                             0.033971, 0.993390, 0.109641, 0.000000,
                             0.000253,-0.109713, 0.993963, 0.000000,
                            -0.000001, 2.659584, 0.000000, 1.000000;;
                          }
                          Frame Armature_mixamorig_LeftHandIndex4 {
                            FrameTransformMatrix {
                               1.000000, 0.000000,-0.000000, 0.000000,
                              -0.000000, 1.000000,-0.000000, 0.000000,
                               0.000000, 0.000000, 1.000000, 0.000000,
                               0.000003, 3.633174,-0.000002, 1.000000;;
                            }
                          } // End of Armature_mixamorig_LeftHandIndex4
                        } // End of Armature_mixamorig_LeftHandIndex3
                      } // End of Armature_mixamorig_LeftHandIndex2
                    } // End of Armature_mixamorig_LeftHandIndex1
                    Frame Armature_mixamorig_LeftHandMiddle1 {
                      FrameTransformMatrix {
                         0.999257, 0.036841, 0.011352, 0.000000,
                        -0.035791, 0.777210, 0.628223, 0.000000,
                         0.014321,-0.628162, 0.777950, 0.000000,
                        -0.000015,14.409820, 0.000027, 1.000000;;
                      }
                      Frame Armature_mixamorig_LeftHandMiddle2 {
                        FrameTransformMatrix {
                           0.996370, 0.085123, 0.000765, 0.000000,
                          -0.054402, 0.629817, 0.774836, 0.000000,
                           0.065475,-0.772065, 0.632162, 0.000000,
                          -0.000003, 3.259073,-0.000002, 1.000000;;
                        }
                        Frame Armature_mixamorig_LeftHandMiddle3 {
                          FrameTransformMatrix {
                             0.999593,-0.026768,-0.009846, 0.000000,
                             0.028509, 0.947884, 0.317336, 0.000000,
                             0.000838,-0.317488, 0.948262, 0.000000,
                            -0.000004, 2.639867,-0.000001, 1.000000;;
                          }
                          Frame Armature_mixamorig_LeftHandMiddle4 {
                            FrameTransformMatrix {
                               1.000000, 0.000000, 0.000000, 0.000000,
                               0.000000, 1.000000,-0.000000, 0.000000,
                               0.000000, 0.000000, 1.000000, 0.000000,
                               0.000002, 3.673860,-0.000002, 1.000000;;
                            }
                          } // End of Armature_mixamorig_LeftHandMiddle4
                        } // End of Armature_mixamorig_LeftHandMiddle3
                      } // End of Armature_mixamorig_LeftHandMiddle2
                    } // End of Armature_mixamorig_LeftHandMiddle1
                    Frame Armature_mixamorig_LeftHandPinky1 {
                      FrameTransformMatrix {
                         0.990371, 0.093079, 0.102480, 0.000000,
                        -0.137883, 0.596752, 0.790490, 0.000000,
                         0.012423,-0.797009, 0.603840, 0.000000,
                         5.614219,11.636362, 0.516559, 1.000000;;
                      }
                      Frame Armature_mixamorig_LeftHandPinky2 {
                        FrameTransformMatrix {
                           0.999999, 0.001149, 0.000780, 0.000000,
                          -0.001077, 0.286583, 0.958055, 0.000000,
                           0.000877,-0.958055, 0.286584, 0.000000,
                           0.000002, 1.559376, 0.000006, 1.000000;;
                        }
                        Frame Armature_mixamorig_LeftHandPinky3 {
                          FrameTransformMatrix {
                             1.000000, 0.000558, 0.000147, 0.000000,
                            -0.000558, 0.870704, 0.491807, 0.000000,
                             0.000147,-0.491807, 0.870704, 0.000000,
                             0.000005, 1.540610, 0.000010, 1.000000;;
                          }
                          Frame Armature_mixamorig_LeftHandPinky4 {
                            FrameTransformMatrix {
                               1.000000,-0.000000, 0.000000, 0.000000,
                              -0.000000, 1.000000, 0.000000, 0.000000,
                              -0.000000, 0.000000, 1.000000, 0.000000,
                              -0.000007, 1.668720,-0.000003, 1.000000;;
                            }
                          } // End of Armature_mixamorig_LeftHandPinky4
                        } // End of Armature_mixamorig_LeftHandPinky3
                      } // End of Armature_mixamorig_LeftHandPinky2
                    } // End of Armature_mixamorig_LeftHandPinky1
                    Frame Armature_mixamorig_LeftHandRing1 {
                      FrameTransformMatrix {
                         0.999939,-0.004045, 0.010232, 0.000000,
                        -0.007225, 0.459971, 0.887905, 0.000000,
                        -0.008299,-0.887925, 0.459914, 0.000000,
                         3.304940,13.191465,-0.322010, 1.000000;;
                      }
                      Frame Armature_mixamorig_LeftHandRing2 {
                        FrameTransformMatrix {
                           0.999748, 0.016758, 0.014929, 0.000000,
                          -0.022417, 0.712827, 0.700982, 0.000000,
                           0.001105,-0.701140, 0.713023, 0.000000,
                          -0.000000, 2.717638,-0.000002, 1.000000;;
                        }
                        Frame Armature_mixamorig_LeftHandRing3 {
                          FrameTransformMatrix {
                             0.999772,-0.021339, 0.000927, 0.000000,
                             0.020294, 0.962567, 0.270283, 0.000000,
                            -0.006660,-0.270202, 0.962781, 0.000000,
                            -0.000001, 2.134461, 0.000000, 1.000000;;
                          }
                          Frame Armature_mixamorig_LeftHandRing4 {
                            FrameTransformMatrix {
                               1.000000, 0.000000, 0.000000, 0.000000,
                              -0.000000, 1.000000, 0.000006, 0.000000,
                              -0.000000,-0.000006, 1.000000, 0.000000,
                              -0.000006, 2.786888, 0.000000, 1.000000;;
                            }
                          } // End of Armature_mixamorig_LeftHandRing4
                        } // End of Armature_mixamorig_LeftHandRing3
                      } // End of Armature_mixamorig_LeftHandRing2
                    } // End of Armature_mixamorig_LeftHandRing1
                    Frame Armature_mixamorig_LeftHandThumb1 {
                      FrameTransformMatrix {
                         0.865784, 0.491530,-0.093891, 0.000000,
                        -0.457278, 0.853307, 0.250526, 0.000000,
                         0.203259,-0.173967, 0.963546, 0.000000,
                        -1.509054, 4.173388, 1.926535, 1.000000;;
                      }
                      Frame Armature_mixamorig_LeftHandThumb2 {
                        FrameTransformMatrix {
                           0.954980,-0.274797,-0.111804, 0.000000,
                           0.291794, 0.938075, 0.186739, 0.000000,
                           0.053565,-0.210955, 0.976027, 0.000000,
                           0.000000, 3.870376, 0.000005, 1.000000;;
                        }
                        Frame Armature_mixamorig_LeftHandThumb3 {
                          FrameTransformMatrix {
                             0.618159, 0.106431,-0.778815, 0.000000,
                             0.121239, 0.966026, 0.228245, 0.000000,
                             0.776647,-0.235514, 0.584253, 0.000000,
                            -0.000006, 4.710645,-0.000008, 1.000000;;
                          }
                          Frame Armature_mixamorig_LeftHandThumb4 {
                            FrameTransformMatrix {
                               1.000000, 0.000000,-0.000000, 0.000000,
                              -0.000000, 1.000000, 0.000000, 0.000000,
                               0.000000,-0.000000, 1.000000, 0.000000,
                              -0.000000, 3.830361, 0.000010, 1.000000;;
                            }
                          } // End of Armature_mixamorig_LeftHandThumb4
                        } // End of Armature_mixamorig_LeftHandThumb3
                      } // End of Armature_mixamorig_LeftHandThumb2
                    } // End of Armature_mixamorig_LeftHandThumb1
                  } // End of Armature_mixamorig_LeftHand
                } // End of Armature_mixamorig_LeftForeArm
              } // End of Armature_mixamorig_LeftArm
            } // End of Armature_mixamorig_LeftShoulder
            Frame Armature_mixamorig_Neck {
              FrameTransformMatrix {
                 0.999574,-0.018030,-0.022957, 0.000000,
                 0.013516, 0.982935,-0.183457, 0.000000,
                 0.025873, 0.183069, 0.982759, 0.000000,
                -0.056869,14.235775,-2.088102, 1.000000;;
              }
              Frame Armature_mixamorig_Head {
                FrameTransformMatrix {
                   0.993772,-0.061389, 0.093002, 0.000000,
                   0.096051, 0.895015,-0.435572, 0.000000,
                  -0.056499, 0.441792, 0.895337, 0.000000,
                  -0.000001, 3.280216, 0.313335, 1.000000;;
                }
                Frame Armature_mixamorig_HeadTop_End {
                  FrameTransformMatrix {
                     1.000000, 0.000000, 0.000000, 0.000000,
                    -0.000000, 1.000000, 0.000000, 0.000000,
                     0.000000, 0.000000, 1.000000, 0.000000,
                    -0.000000,25.653519, 2.450463, 1.000000;;
                  }
                } // End of Armature_mixamorig_HeadTop_End
              } // End of Armature_mixamorig_Head
            } // End of Armature_mixamorig_Neck
            Frame Armature_mixamorig_RightShoulder {
              FrameTransformMatrix {
                 0.215802, 0.002613, 0.976433, 0.000000,
                -0.964245,-0.156962, 0.213528, 0.000000,
                 0.153821,-0.987601,-0.031353, 0.000000,
                -6.728769,11.756738,-2.058457, 1.000000;;
              }
              Frame Armature_mixamorig_RightArm {
                FrameTransformMatrix {
                   0.866136,-0.144856,-0.478356, 0.000000,
                   0.437334, 0.682987, 0.585037, 0.000000,
                   0.241965,-0.715923, 0.654910, 0.000000,
                   0.000012,14.448829,-0.000002, 1.000000;;
                }
                Frame Armature_mixamorig_RightForeArm {
                  FrameTransformMatrix {
                     0.113476,-0.974690,-0.192622, 0.000000,
                     0.990785, 0.125443,-0.051074, 0.000000,
                     0.073945,-0.185051, 0.979943, 0.000000,
                    -0.000001,23.160273, 0.000004, 1.000000;;
                  }
                  Frame Armature_mixamorig_RightHand {
                    FrameTransformMatrix {
                       0.966829,-0.254652,-0.019825, 0.000000,
                       0.254120, 0.951168, 0.175221, 0.000000,
                      -0.025764,-0.174447, 0.984329, 0.000000,
                       0.000000,24.071699, 0.000001, 1.000000;;
                    }
                    Frame Armature_mixamorig_RightHandIndex1 {
                      FrameTransformMatrix {
                         0.998729, 0.050341,-0.002469, 0.000000,
                        -0.021905, 0.477654, 0.878275, 0.000000,
                         0.045392,-0.877105, 0.478150, 0.000000,
                         2.855489,14.669400, 0.398999, 1.000000;;
                      }
                      Frame Armature_mixamorig_RightHandIndex2 {
                        FrameTransformMatrix {
                           0.996871,-0.079028,-0.001458, 0.000000,
                           0.032722, 0.395834, 0.917739, 0.000000,
                          -0.071950,-0.914916, 0.397181, 0.000000,
                           0.000001, 3.248596,-0.000003, 1.000000;;
                        }
                        Frame Armature_mixamorig_RightHandIndex3 {
                          FrameTransformMatrix {
                             0.999468, 0.005237, 0.032204, 0.000000,
                            -0.030396, 0.508175, 0.860717, 0.000000,
                            -0.011858,-0.861238, 0.508064, 0.000000,
                             0.000002, 2.659607,-0.000003, 1.000000;;
                          }
                          Frame Armature_mixamorig_RightHandIndex4 {
                            FrameTransformMatrix {
                               1.000000, 0.000000,-0.000000, 0.000000,
                              -0.000000, 1.000000, 0.000000, 0.000000,
                               0.000000,-0.000000, 1.000000, 0.000000,
                               0.000005, 3.633091, 0.000000, 1.000000;;
                            }
                          } // End of Armature_mixamorig_RightHandIndex4
                        } // End of Armature_mixamorig_RightHandIndex3
                      } // End of Armature_mixamorig_RightHandIndex2
                    } // End of Armature_mixamorig_RightHandIndex1
                    Frame Armature_mixamorig_RightHandMiddle1 {
                      FrameTransformMatrix {
                         0.999736,-0.000172,-0.022970, 0.000000,
                         0.021402, 0.370172, 0.928717, 0.000000,
                         0.008343,-0.928963, 0.370078, 0.000000,
                         0.000002,14.409803, 0.000000, 1.000000;;
                      }
                      Frame Armature_mixamorig_RightHandMiddle2 {
                        FrameTransformMatrix {
                           0.996114,-0.087999,-0.003724, 0.000000,
                           0.012154, 0.095465, 0.995358, 0.000000,
                          -0.087235,-0.991535, 0.096164, 0.000000,
                           0.000006, 3.259094, 0.000001, 1.000000;;
                        }
                        Frame Armature_mixamorig_RightHandMiddle3 {
                          FrameTransformMatrix {
                             0.999641, 0.021989, 0.015299, 0.000000,
                            -0.026769, 0.841138, 0.540157, 0.000000,
                            -0.000991,-0.540373, 0.841425, 0.000000,
                             0.000008, 2.639796, 0.000000, 1.000000;;
                          }
                          Frame Armature_mixamorig_RightHandMiddle4 {
                            FrameTransformMatrix {
                               1.000000, 0.000000,-0.000000, 0.000000,
                              -0.000000, 1.000000,-0.000000, 0.000000,
                               0.000000, 0.000000, 1.000000, 0.000000,
                              -0.000001, 3.673910, 0.000008, 1.000000;;
                            }
                          } // End of Armature_mixamorig_RightHandMiddle4
                        } // End of Armature_mixamorig_RightHandMiddle3
                      } // End of Armature_mixamorig_RightHandMiddle2
                    } // End of Armature_mixamorig_RightHandMiddle1
                    Frame Armature_mixamorig_RightHandPinky1 {
                      FrameTransformMatrix {
                         0.997427,-0.004355,-0.071564, 0.000000,
                         0.071696, 0.056399, 0.995831, 0.000000,
                        -0.000300,-0.998399, 0.056566, 0.000000,
                        -5.921986,11.636407, 0.516997, 1.000000;;
                      }
                      Frame Armature_mixamorig_RightHandPinky2 {
                        FrameTransformMatrix {
                           0.999994,-0.003052,-0.001570, 0.000000,
                           0.003053, 0.581894, 0.813259, 0.000000,
                          -0.001568,-0.813259, 0.581900, 0.000000,
                          -0.000008, 1.559305,-0.000007, 1.000000;;
                        }
                        Frame Armature_mixamorig_RightHandPinky3 {
                          FrameTransformMatrix {
                             0.999999,-0.001635,-0.000375, 0.000000,
                             0.001635, 0.900092, 0.435697, 0.000000,
                            -0.000375,-0.435697, 0.900094, 0.000000,
                             0.000002, 1.540591,-0.000002, 1.000000;;
                          }
                          Frame Armature_mixamorig_RightHandPinky4 {
                            FrameTransformMatrix {
                               1.000000, 0.000001,-0.000001, 0.000000,
                              -0.000001, 1.000000, 0.000000, 0.000000,
                               0.000001,-0.000000, 1.000000, 0.000000,
                              -0.000000, 1.668690, 0.000002, 1.000000;;
                            }
                          } // End of Armature_mixamorig_RightHandPinky4
                        } // End of Armature_mixamorig_RightHandPinky3
                      } // End of Armature_mixamorig_RightHandPinky2
                    } // End of Armature_mixamorig_RightHandPinky1
                    Frame Armature_mixamorig_RightHandRing1 {
                      FrameTransformMatrix {
                         0.996863, 0.078037, 0.013230, 0.000000,
                        -0.027663, 0.186896, 0.981990, 0.000000,
                         0.074159,-0.979275, 0.188469, 0.000000,
                        -3.304947,13.191501,-0.322002, 1.000000;;
                      }
                      Frame Armature_mixamorig_RightHandRing2 {
                        FrameTransformMatrix {
                           0.999644,-0.022420,-0.014453, 0.000000,
                           0.020302, 0.288066, 0.957395, 0.000000,
                          -0.017301,-0.957348, 0.288419, 0.000000,
                          -0.000003, 2.717590,-0.000007, 1.000000;;
                        }
                        Frame Armature_mixamorig_RightHandRing3 {
                          FrameTransformMatrix {
                             0.999813, 0.019266,-0.001727, 0.000000,
                            -0.013851, 0.775388, 0.631333, 0.000000,
                             0.013503,-0.631191, 0.775510, 0.000000,
                             0.000000, 2.134498, 0.000006, 1.000000;;
                          }
                          Frame Armature_mixamorig_RightHandRing4 {
                            FrameTransformMatrix {
                               1.000000,-0.000000, 0.000000, 0.000000,
                               0.000000, 1.000000,-0.000000, 0.000000,
                               0.000000, 0.000000, 1.000000, 0.000000,
                              -0.000001, 2.786812, 0.000006, 1.000000;;
                            }
                          } // End of Armature_mixamorig_RightHandRing4
                        } // End of Armature_mixamorig_RightHandRing3
                      } // End of Armature_mixamorig_RightHandRing2
                    } // End of Armature_mixamorig_RightHandRing1
                    Frame Armature_mixamorig_RightHandThumb1 {
                      FrameTransformMatrix {
                         0.976822,-0.104943, 0.186562, 0.000000,
                        -0.093487, 0.574892, 0.812871, 0.000000,
                        -0.192558,-0.811472, 0.551756, 0.000000,
                         1.509042, 4.173404, 1.926993, 1.000000;;
                      }
                      Frame Armature_mixamorig_RightHandThumb2 {
                        FrameTransformMatrix {
                           0.951158, 0.004528, 0.308671, 0.000000,
                           0.055871, 0.980855,-0.186554, 0.000000,
                          -0.303606, 0.194688, 0.932695, 0.000000,
                          -0.000001, 3.870424,-0.000007, 1.000000;;
                        }
                        Frame Armature_mixamorig_RightHandThumb3 {
                          FrameTransformMatrix {
                             0.926979, 0.227167,-0.298505, 0.000000,
                            -0.296701, 0.930931,-0.212923, 0.000000,
                             0.229518, 0.285942, 0.930354, 0.000000,
                             0.000002, 4.710328,-0.000011, 1.000000;;
                          }
                          Frame Armature_mixamorig_RightHandThumb4 {
                            FrameTransformMatrix {
                               1.000000, 0.000000,-0.000000, 0.000000,
                              -0.000000, 1.000000,-0.000000, 0.000000,
                              -0.000000, 0.000000, 1.000000, 0.000000,
                               0.000001, 3.830374,-0.000003, 1.000000;;
                            }
                          } // End of Armature_mixamorig_RightHandThumb4
                        } // End of Armature_mixamorig_RightHandThumb3
                      } // End of Armature_mixamorig_RightHandThumb2
                    } // End of Armature_mixamorig_RightHandThumb1
                  } // End of Armature_mixamorig_RightHand
                } // End of Armature_mixamorig_RightForeArm
              } // End of Armature_mixamorig_RightArm
            } // End of Armature_mixamorig_RightShoulder
          } // End of Armature_mixamorig_Spine2
        } // End of Armature_mixamorig_Spine1
      } // End of Armature_mixamorig_Spine
    } // End of Armature_mixamorig_Hips
  } // End of Armature
} // End of Root
AnimationSet Global {
  Animation {
    {Armature}
    AnimationKey { // Rotation
      0;
      22;
      0;4;-0.707107, 0.707107, 0.000000, 0.000000;;,
      1;4;-0.707107, 0.707107, 0.000000, 0.000000;;,
      2;4;-0.707107, 0.707107, 0.000000, 0.000000;;,
      3;4;-0.707107, 0.707107, 0.000000, 0.000000;;,
      4;4;-0.707107, 0.707107, 0.000000, 0.000000;;,
      5;4;-0.707107, 0.707107, 0.000000, 0.000000;;,
      6;4;-0.707107, 0.707107, 0.000000, 0.000000;;,
      7;4;-0.707107, 0.707107, 0.000000, 0.000000;;,
      8;4;-0.707107, 0.707107, 0.000000, 0.000000;;,
      9;4;-0.707107, 0.707107, 0.000000, 0.000000;;,
      10;4;-0.707107, 0.707107, 0.000000, 0.000000;;,
      11;4;-0.707107, 0.707107, 0.000000, 0.000000;;,
      12;4;-0.707107, 0.707107, 0.000000, 0.000000;;,
      13;4;-0.707107, 0.707107, 0.000000, 0.000000;;,
      14;4;-0.707107, 0.707107, 0.000000, 0.000000;;,
      15;4;-0.707107, 0.707107, 0.000000, 0.000000;;,
      16;4;-0.707107, 0.707107, 0.000000, 0.000000;;,
      17;4;-0.707107, 0.707107, 0.000000, 0.000000;;,
      18;4;-0.707107, 0.707107, 0.000000, 0.000000;;,
      19;4;-0.707107, 0.707107, 0.000000, 0.000000;;,
      20;4;-0.707107, 0.707107, 0.000000, 0.000000;;,
      21;4;-0.707107, 0.707107, 0.000000, 0.000000;;;
    }
    AnimationKey { // Scale
      1;
      22;
      0;3; 0.100000, 0.100000, 0.100000;;,
      1;3; 0.100000, 0.100000, 0.100000;;,
      2;3; 0.100000, 0.100000, 0.100000;;,
      3;3; 0.100000, 0.100000, 0.100000;;,
      4;3; 0.100000, 0.100000, 0.100000;;,
      5;3; 0.100000, 0.100000, 0.100000;;,
      6;3; 0.100000, 0.100000, 0.100000;;,
      7;3; 0.100000, 0.100000, 0.100000;;,
      8;3; 0.100000, 0.100000, 0.100000;;,
      9;3; 0.100000, 0.100000, 0.100000;;,
      10;3; 0.100000, 0.100000, 0.100000;;,
      11;3; 0.100000, 0.100000, 0.100000;;,
      12;3; 0.100000, 0.100000, 0.100000;;,
      13;3; 0.100000, 0.100000, 0.100000;;,
      14;3; 0.100000, 0.100000, 0.100000;;,
      15;3; 0.100000, 0.100000, 0.100000;;,
      16;3; 0.100000, 0.100000, 0.100000;;,
      17;3; 0.100000, 0.100000, 0.100000;;,
      18;3; 0.100000, 0.100000, 0.100000;;,
      19;3; 0.100000, 0.100000, 0.100000;;,
      20;3; 0.100000, 0.100000, 0.100000;;,
      21;3; 0.100000, 0.100000, 0.100000;;;
    }
    AnimationKey { // Position
      2;
      22;
      0;3; 0.000000, 0.000000, 0.000000;;,
      1;3; 0.000000, 0.000000, 0.000000;;,
      2;3; 0.000000, 0.000000, 0.000000;;,
      3;3; 0.000000, 0.000000, 0.000000;;,
      4;3; 0.000000, 0.000000, 0.000000;;,
      5;3; 0.000000, 0.000000, 0.000000;;,
      6;3; 0.000000, 0.000000, 0.000000;;,
      7;3; 0.000000, 0.000000, 0.000000;;,
      8;3; 0.000000, 0.000000, 0.000000;;,
      9;3; 0.000000, 0.000000, 0.000000;;,
      10;3; 0.000000, 0.000000, 0.000000;;,
      11;3; 0.000000, 0.000000, 0.000000;;,
      12;3; 0.000000, 0.000000, 0.000000;;,
      13;3; 0.000000, 0.000000, 0.000000;;,
      14;3; 0.000000, 0.000000, 0.000000;;,
      15;3; 0.000000, 0.000000, 0.000000;;,
      16;3; 0.000000, 0.000000, 0.000000;;,
      17;3; 0.000000, 0.000000, 0.000000;;,
      18;3; 0.000000, 0.000000, 0.000000;;,
      19;3; 0.000000, 0.000000, 0.000000;;,
      20;3; 0.000000, 0.000000, 0.000000;;,
      21;3; 0.000000, 0.000000, 0.000000;;;
    }
  }
  Animation {
    {Armature_mixamorig_Hips}
    AnimationKey { // Rotation
      0;
      22;
      0;4;-0.980294, 0.170070,-0.095563, 0.031110;;,
      1;4;-0.979703, 0.165516,-0.104019, 0.044342;;,
      2;4;-0.978789, 0.173098,-0.098922, 0.047162;;,
      3;4;-0.978116, 0.184024,-0.086754, 0.043574;;,
      4;4;-0.979325, 0.185203,-0.071036, 0.039701;;,
      5;4;-0.982943, 0.171474,-0.054232, 0.038452;;,
      6;4;-0.986959, 0.150456,-0.040142, 0.040796;;,
      7;4;-0.989586, 0.134515,-0.022300, 0.046128;;,
      8;4;-0.989877, 0.132990, 0.002917, 0.049488;;,
      9;4;-0.987650, 0.147845, 0.032672, 0.040285;;,
      10;4;-0.982972, 0.172885, 0.060454, 0.014879;;,
      11;4;-0.976879, 0.199137, 0.076285,-0.015256;;,
      12;4;-0.972006, 0.220264, 0.075177,-0.032201;;,
      13;4;-0.970818, 0.229849, 0.060670,-0.031653;;,
      14;4;-0.974039, 0.221760, 0.040559,-0.020636;;,
      15;4;-0.980076, 0.197155, 0.022483,-0.008728;;,
      16;4;-0.985876, 0.167013, 0.012466,-0.000293;;,
      17;4;-0.989304, 0.145472, 0.010453, 0.002437;;,
      18;4;-0.990165, 0.139869, 0.003256,-0.000269;;,
      19;4;-0.989103, 0.146089,-0.018247,-0.000375;;,
      20;4;-0.986130, 0.156933,-0.053007, 0.010461;;,
      21;4;-0.980294, 0.170070,-0.095563, 0.031110;;;
    }
    AnimationKey { // Scale
      1;
      22;
      0;3; 1.000000, 1.000000, 1.000000;;,
      1;3; 1.000000, 1.000000, 1.000000;;,
      2;3; 1.000000, 1.000000, 1.000000;;,
      3;3; 1.000000, 1.000000, 1.000000;;,
      4;3; 1.000000, 1.000000, 1.000000;;,
      5;3; 1.000000, 1.000000, 1.000000;;,
      6;3; 1.000000, 1.000000, 1.000000;;,
      7;3; 1.000000, 1.000000, 1.000000;;,
      8;3; 1.000000, 1.000000, 1.000000;;,
      9;3; 1.000000, 1.000000, 1.000000;;,
      10;3; 1.000000, 1.000000, 1.000000;;,
      11;3; 1.000000, 1.000000, 1.000000;;,
      12;3; 1.000000, 1.000000, 1.000000;;,
      13;3; 1.000000, 1.000000, 1.000000;;,
      14;3; 1.000000, 1.000000, 1.000000;;,
      15;3; 1.000000, 1.000000, 1.000000;;,
      16;3; 1.000000, 1.000000, 1.000000;;,
      17;3; 1.000000, 1.000000, 1.000000;;,
      18;3; 1.000000, 1.000000, 1.000000;;,
      19;3; 1.000000, 1.000000, 1.000000;;,
      20;3; 1.000000, 1.000000, 1.000000;;,
      21;3; 1.000000, 1.000000, 1.000000;;;
    }
    AnimationKey { // Position
      2;
      22;
      0;3; 0.403415,93.370644, 0.622933;;,
      1;3; 0.765493,94.862740, 0.719747;;,
      2;3; 0.816542,96.329262, 0.338899;;,
      3;3; 0.770378,97.864052,-0.595945;;,
      4;3; 0.854476,99.181839,-2.377964;;,
      5;3; 1.132893,99.236671,-4.346066;;,
      6;3; 1.519180,97.759995,-6.158050;;,
      7;3; 2.018469,95.978981,-7.878329;;,
      8;3; 2.498771,94.609596,-9.205201;;,
      9;3; 2.683206,94.210022,-9.850358;;,
      10;3; 2.689464,95.383698,-9.472766;;,
      11;3; 2.819924,98.070335,-8.602727;;,
      12;3; 3.127878,100.978592,-7.705959;;,
      13;3; 3.561254,102.787827,-6.676738;;,
      14;3; 3.893687,103.223221,-5.608564;;,
      15;3; 3.887761,102.222992,-4.703936;;,
      16;3; 3.435154,100.086098,-3.959379;;,
      17;3; 2.649636,97.098282,-3.231963;;,
      18;3; 1.828901,94.092171,-2.374369;;,
      19;3; 1.211885,92.069038,-1.402038;;,
      20;3; 0.754821,91.761620,-0.255150;;,
      21;3; 0.408808,93.370636, 0.622931;;;
    }
  }
  Animation {
    {Armature_mixamorig_Spine}
    AnimationKey { // Rotation
      0;
      22;
      0;4;-0.983134, 0.171206, 0.058285,-0.027171;;,
      1;4;-0.977997, 0.159928, 0.125159,-0.047760;;,
      2;4;-0.974214, 0.135033, 0.171599,-0.056808;;,
      3;4;-0.973311, 0.110385, 0.192848,-0.057361;;,
      4;4;-0.974714, 0.101092, 0.191716,-0.054392;;,
      5;4;-0.977136, 0.112118, 0.173017,-0.051962;;,
      6;4;-0.978945, 0.136737, 0.141450,-0.054418;;,
      7;4;-0.980365, 0.161775, 0.095243,-0.060349;;,
      8;4;-0.982411, 0.171712, 0.038226,-0.062627;;,
      9;4;-0.985734, 0.159374,-0.021530,-0.049643;;,
      10;4;-0.987758, 0.133691,-0.078515,-0.017222;;,
      11;4;-0.985779, 0.107308,-0.127370, 0.022395;;,
      12;4;-0.981762, 0.084628,-0.163362, 0.047902;;,
      13;4;-0.979411, 0.068970,-0.182888, 0.050482;;,
      14;4;-0.979585, 0.066567,-0.186171, 0.036352;;,
      15;4;-0.980889, 0.078692,-0.176885, 0.019394;;,
      16;4;-0.981986, 0.098609,-0.160815, 0.010877;;,
      17;4;-0.982934, 0.118583,-0.139704, 0.016196;;,
      18;4;-0.984909, 0.134641,-0.104913, 0.028626;;,
      19;4;-0.987246, 0.146471,-0.054124, 0.031007;;,
      20;4;-0.987482, 0.157258, 0.004394, 0.011371;;,
      21;4;-0.983134, 0.171206, 0.058285,-0.027171;;;
    }
    AnimationKey { // Scale
      1;
      22;
      0;3; 1.000000, 1.000000, 1.000000;;,
      1;3; 1.000000, 1.000000, 1.000000;;,
      2;3; 1.000000, 1.000000, 1.000000;;,
      3;3; 1.000000, 1.000000, 1.000000;;,
      4;3; 1.000000, 1.000000, 1.000000;;,
      5;3; 1.000000, 1.000000, 1.000000;;,
      6;3; 1.000000, 1.000000, 1.000000;;,
      7;3; 1.000000, 1.000000, 1.000000;;,
      8;3; 1.000000, 1.000000, 1.000000;;,
      9;3; 1.000000, 1.000000, 1.000000;;,
      10;3; 1.000000, 1.000000, 1.000000;;,
      11;3; 1.000000, 1.000000, 1.000000;;,
      12;3; 1.000000, 1.000000, 1.000000;;,
      13;3; 1.000000, 1.000000, 1.000000;;,
      14;3; 1.000000, 1.000000, 1.000000;;,
      15;3; 1.000000, 1.000000, 1.000000;;,
      16;3; 1.000000, 1.000000, 1.000000;;,
      17;3; 1.000000, 1.000000, 1.000000;;,
      18;3; 1.000000, 1.000000, 1.000000;;,
      19;3; 1.000000, 1.000000, 1.000000;;,
      20;3; 1.000000, 1.000000, 1.000000;;,
      21;3; 1.000000, 1.000000, 1.000000;;;
    }
    AnimationKey { // Position
      2;
      22;
      0;3;-0.038106, 9.490516,-1.392059;;,
      1;3;-0.038106, 9.490510,-1.392064;;,
      2;3;-0.038106, 9.490528,-1.392063;;,
      3;3;-0.038106, 9.490514,-1.392065;;,
      4;3;-0.038106, 9.490504,-1.392061;;,
      5;3;-0.038107, 9.490499,-1.392059;;,
      6;3;-0.038106, 9.490515,-1.392063;;,
      7;3;-0.038105, 9.490508,-1.392061;;,
      8;3;-0.038105, 9.490505,-1.392062;;,
      9;3;-0.038105, 9.490510,-1.392060;;,
      10;3;-0.038106, 9.490497,-1.392062;;,
      11;3;-0.038106, 9.490516,-1.392060;;,
      12;3;-0.038106, 9.490523,-1.392062;;,
      13;3;-0.038105, 9.490509,-1.392056;;,
      14;3;-0.038106, 9.490502,-1.392067;;,
      15;3;-0.038105, 9.490519,-1.392064;;,
      16;3;-0.038106, 9.490518,-1.392055;;,
      17;3;-0.038105, 9.490511,-1.392067;;,
      18;3;-0.038105, 9.490510,-1.392061;;,
      19;3;-0.038105, 9.490532,-1.392061;;,
      20;3;-0.038105, 9.490507,-1.392061;;,
      21;3;-0.038105, 9.490515,-1.392063;;;
    }
  }
  Animation {
    {Armature_mixamorig_Spine1}
    AnimationKey { // Rotation
      0;
      22;
      0;4;-0.999691, 0.018251, 0.016580,-0.003015;;,
      1;4;-0.999198, 0.020841, 0.034195,-0.000039;;,
      2;4;-0.998705, 0.022360, 0.045428, 0.004970;;,
      3;4;-0.998419, 0.023355, 0.050288, 0.009222;;,
      4;4;-0.998392, 0.024243, 0.049986, 0.011253;;,
      5;4;-0.998602, 0.024984, 0.045270, 0.010939;;,
      6;4;-0.998984, 0.025235, 0.036303, 0.008770;;,
      7;4;-0.999400, 0.024918, 0.023516, 0.005143;;,
      8;4;-0.999668, 0.024300, 0.008482, 0.000953;;,
      9;4;-0.999706, 0.023160,-0.006807,-0.002233;;,
      10;4;-0.999561, 0.020305,-0.021358,-0.003169;;,
