xof 0303txt 0032

Frame Root {
  FrameTransformMatrix {
     1.000000, 0.000000, 0.000000, 0.000000,
     0.000000,-0.000000,-1.000000, 0.000000,
     0.000000, 1.000000,-0.000000, 0.000000,
     0.000000, 0.000000, 0.000000, 1.000000;;
  }
  Frame Armature {
    FrameTransformMatrix {
       0.100000, 0.000000, 0.000000, 0.000000,
       0.000000,-0.000000, 0.100000, 0.000000,
       0.000000,-0.100000,-0.000000, 0.000000,
       0.000000, 0.000000, 0.000000, 1.000000;;
    }
    Frame Armature_mixamorig_Hips {
      FrameTransformMatrix {
         0.645887,-0.098986, 0.756989, 0.000000,
         0.065077, 0.995088, 0.074594, 0.000000,
        -0.760654, 0.001083, 0.649156, 0.000000,
        -1.102459,61.538937, 0.805750, 1.000000;;
      }
      Frame Armature_mixamorig_LeftUpLeg {
        FrameTransformMatrix {
          -0.623665,-0.205026, 0.754317, 0.000000,
           0.758644, 0.073846, 0.647300, 0.000000,
          -0.188418, 0.975967, 0.109484, 0.000000,
           9.618301,-5.272303,-1.010900, 1.000000;;
        }
        Frame Armature_mixamorig_LeftLeg {
          FrameTransformMatrix {
             0.919004,-0.393853,-0.017650, 0.000000,
            -0.109257,-0.211409,-0.971272, 0.000000,
             0.378807, 0.894531,-0.237317, 0.000000,
             0.000001,43.364998,-0.000000, 1.000000;;
          }
          Frame Armature_mixamorig_LeftFoot {
            FrameTransformMatrix {
               0.982505,-0.124963, 0.138085, 0.000000,
              -0.070830, 0.435005, 0.897638, 0.000000,
              -0.172239,-0.891715, 0.418543, 0.000000,
               0.000000,44.493008,-0.000007, 1.000000;;
            }
            Frame Armature_mixamorig_LeftToeBase {
              FrameTransformMatrix {
                 0.994508,-0.102619,-0.020548, 0.000000,
                 0.089212, 0.728597, 0.679109, 0.000000,
                -0.054719,-0.677212, 0.733750, 0.000000,
                 0.000001,20.000114, 0.000003, 1.000000;;
              }
              Frame Armature_mixamorig_LeftToe_End {
                FrameTransformMatrix {
                   1.000000, 0.000000, 0.000000, 0.000000,
                  -0.000000, 1.000000, 0.000000, 0.000000,
                  -0.000000,-0.000000, 1.000000, 0.000000,
                   0.000001,10.000104,-0.000000, 1.000000;;
                }
              } // End of Armature_mixamorig_LeftToe_End
            } // End of Armature_mixamorig_LeftToeBase
          } // End of Armature_mixamorig_LeftFoot
        } // End of Armature_mixamorig_LeftLeg
      } // End of Armature_mixamorig_LeftUpLeg
      Frame Armature_mixamorig_RightUpLeg {
        FrameTransformMatrix {
          -0.932287, 0.343931,-0.112063, 0.000000,
          -0.318559,-0.633929, 0.704901, 0.000000,
           0.171354, 0.692709, 0.700759, 0.000000,
          -9.941001,-5.272397,-1.010900, 1.000000;;
        }
        Frame Armature_mixamorig_RightLeg {
          FrameTransformMatrix {
             0.990176, 0.065261, 0.123662, 0.000000,
             0.137377,-0.289266,-0.947340, 0.000000,
            -0.026053, 0.955022,-0.295390, 0.000000,
             0.000000,43.364792, 0.000000, 1.000000;;
          }
          Frame Armature_mixamorig_RightFoot {
            FrameTransformMatrix {
               0.866170, 0.454878, 0.206967, 0.000000,
              -0.067125,-0.304493, 0.950146, 0.000000,
               0.495221,-0.836881,-0.233209, 0.000000,
               0.000000,44.492779, 0.000001, 1.000000;;
            }
            Frame Armature_mixamorig_RightToeBase {
              FrameTransformMatrix {
                 0.995216, 0.087001,-0.044445, 0.000000,
                -0.036572, 0.753617, 0.656296, 0.000000,
                 0.090593,-0.651531, 0.753194, 0.000000,
                -0.000001,19.997448, 0.000001, 1.000000;;
              }
              Frame Armature_mixamorig_RightToe_End {
                FrameTransformMatrix {
                   1.000000, 0.000000, 0.000000, 0.000000,
                   0.000000, 1.000000,-0.000000, 0.000000,
                  -0.000000, 0.000000, 1.000000, 0.000000,
                   0.000001, 9.997514, 0.000000, 1.000000;;
                }
              } // End of Armature_mixamorig_RightToe_End
            } // End of Armature_mixamorig_RightToeBase
          } // End of Armature_mixamorig_RightFoot
        } // End of Armature_mixamorig_RightLeg
      } // End of Armature_mixamorig_RightUpLeg
      Frame Armature_mixamorig_Spine {
        FrameTransformMatrix {
           0.998041,-0.027852,-0.056017, 0.000000,
           0.035774, 0.988664, 0.145817, 0.000000,
           0.051320,-0.147536, 0.987724, 0.000000,
          -0.038100, 9.490500,-1.392100, 1.000000;;
        }
        Frame Armature_mixamorig_Spine1 {
          FrameTransformMatrix {
             0.992578,-0.053045,-0.109430, 0.000000,
             0.083723, 0.950713, 0.298556, 0.000000,
             0.088200,-0.305502, 0.948098, 0.000000,
            -0.000003,11.190820,-0.000002, 1.000000;;
          }
          Frame Armature_mixamorig_Spine2 {
            FrameTransformMatrix {
               0.992234,-0.056738,-0.110693, 0.000000,
               0.082051, 0.967390, 0.239635, 0.000000,
               0.093487,-0.246857, 0.964532, 0.000000,
              -0.000002,12.789506, 0.000002, 1.000000;;
            }
            Frame Armature_mixamorig_LeftShoulder {
              FrameTransformMatrix {
                 0.284985,-0.001975,-0.958530, 0.000000,
                 0.919872,-0.280574, 0.274069, 0.000000,
                -0.269480,-0.959830,-0.078142, 0.000000,
                 6.728802,11.756606,-2.058503, 1.000000;;
              }
              Frame Armature_mixamorig_LeftArm {
                FrameTransformMatrix {
                   0.827530,-0.372535, 0.420014, 0.000000,
                   0.072957, 0.813140, 0.577478, 0.000000,
                  -0.556661,-0.447238, 0.700077, 0.000000,
                  -0.000002,14.448814,-0.000002, 1.000000;;
                }
                Frame Armature_mixamorig_LeftForeArm {
                  FrameTransformMatrix {
                     0.442886, 0.827906, 0.344129, 0.000000,
                    -0.856839, 0.503842,-0.109412, 0.000000,
                    -0.263969,-0.246406, 0.932526, 0.000000,
                     0.000002,23.160282, 0.000003, 1.000000;;
                  }
                  Frame Armature_mixamorig_LeftHand {
                    FrameTransformMatrix {
                       0.998104, 0.043636,-0.043405, 0.000000,
                      -0.048469, 0.991906,-0.117353, 0.000000,
                       0.037933, 0.119235, 0.992141, 0.000000,
                      -0.000003,24.071793, 0.000005, 1.000000;;
                    }
                    Frame Armature_mixamorig_LeftHandIndex1 {
                      FrameTransformMatrix {
                         0.994700, 0.100569, 0.021406, 0.000000,
                        -0.100618, 0.994924, 0.001193, 0.000000,
                        -0.021177,-0.003340, 0.999770, 0.000000,
                        -2.855498,14.669405, 0.398794, 1.000000;;
                      }
                      Frame Armature_mixamorig_LeftHandIndex2 {
                        FrameTransformMatrix {
                           0.999991, 0.003448,-0.002339, 0.000000,
                          -0.003249, 0.996770, 0.080242, 0.000000,
                           0.002608,-0.080234, 0.996773, 0.000000,
                           0.000004, 3.248590, 0.000001, 1.000000;;
                        }
                        Frame Armature_mixamorig_LeftHandIndex3 {
                          FrameTransformMatrix {
                             0.999969, 0.007822,-0.000972, 0.000000,
                            -0.007626, 0.991258, 0.131714, 0.000000,
                             0.001994,-0.131702, 0.991287, 0.000000,
                             0.000000, 2.659611, 0.000005, 1.000000;;
                          }
                          Frame Armature_mixamorig_LeftHandIndex4 {
                            FrameTransformMatrix {
                               1.000000, 0.000000, 0.000000, 0.000000,
                              -0.000000, 1.000000, 0.000000, 0.000000,
                               0.000000,-0.000000, 1.000000, 0.000000,
                              -0.000004, 3.633182,-0.000006, 1.000000;;
                            }
                          } // End of Armature_mixamorig_LeftHandIndex4
                        } // End of Armature_mixamorig_LeftHandIndex3
                      } // End of Armature_mixamorig_LeftHandIndex2
                    } // End of Armature_mixamorig_LeftHandIndex1
                    Frame Armature_mixamorig_LeftHandMiddle1 {
                      FrameTransformMatrix {
                         0.996150,-0.081301,-0.032780, 0.000000,
                         0.083631, 0.993483, 0.077445, 0.000000,
                         0.026270,-0.079888, 0.996458, 0.000000,
                         0.000000,14.409807,-0.000003, 1.000000;;
                      }
                      Frame Armature_mixamorig_LeftHandMiddle2 {
                        FrameTransformMatrix {
                           0.999810, 0.017623,-0.008317, 0.000000,
                          -0.015302, 0.974271, 0.224858, 0.000000,
                           0.012066,-0.224688, 0.974356, 0.000000,
                           0.000004, 3.259093, 0.000007, 1.000000;;
                        }
                        Frame Armature_mixamorig_LeftHandMiddle3 {
                          FrameTransformMatrix {
                             0.999664, 0.023499,-0.010966, 0.000000,
                            -0.019398, 0.958287, 0.285149, 0.000000,
                             0.017209,-0.284840, 0.958420, 0.000000,
                             0.000000, 2.639897, 0.000002, 1.000000;;
                          }
                          Frame Armature_mixamorig_LeftHandMiddle4 {
                            FrameTransformMatrix {
                               1.000000, 0.000000,-0.000000, 0.000000,
                               0.000000, 1.000000, 0.000000, 0.000000,
                               0.000000,-0.000000, 1.000000, 0.000000,
                              -0.000002, 3.673910,-0.000003, 1.000000;;
                            }
                          } // End of Armature_mixamorig_LeftHandMiddle4
                        } // End of Armature_mixamorig_LeftHandMiddle3
                      } // End of Armature_mixamorig_LeftHandMiddle2
                    } // End of Armature_mixamorig_LeftHandMiddle1
                    Frame Armature_mixamorig_LeftHandPinky1 {
                      FrameTransformMatrix {
                         0.993338,-0.109838,-0.034869, 0.000000,
                         0.114859, 0.919041, 0.377056, 0.000000,
                        -0.009369,-0.378549, 0.925534, 0.000000,
                         5.614201,11.636403, 0.516599, 1.000000;;
                      }
                      Frame Armature_mixamorig_LeftHandPinky2 {
                        FrameTransformMatrix {
                           0.999892, 0.003677, 0.014232, 0.000000,
                          -0.007621, 0.957582, 0.288060, 0.000000,
                          -0.012570,-0.288138, 0.957506, 0.000000,
                          -0.000004, 1.559406, 0.000007, 1.000000;;
                        }
                        Frame Armature_mixamorig_LeftHandPinky3 {
                          FrameTransformMatrix {
                             0.999241,-0.000334, 0.038956, 0.000000,
                            -0.021888, 0.822405, 0.568481, 0.000000,
                            -0.032227,-0.568902, 0.821774, 0.000000,
                             0.000008, 1.540603, 0.000005, 1.000000;;
                          }
                          Frame Armature_mixamorig_LeftHandPinky4 {
                            FrameTransformMatrix {
                               1.000000, 0.000000, 0.000000, 0.000000,
                              -0.000000, 1.000000, 0.000000, 0.000000,
                              -0.000000,-0.000000, 1.000000, 0.000000,
                              -0.000003, 1.668697,-0.000002, 1.000000;;
                            }
                          } // End of Armature_mixamorig_LeftHandPinky4
                        } // End of Armature_mixamorig_LeftHandPinky3
                      } // End of Armature_mixamorig_LeftHandPinky2
                    } // End of Armature_mixamorig_LeftHandPinky1
                    Frame Armature_mixamorig_LeftHandRing1 {
                      FrameTransformMatrix {
                         0.989036,-0.138119,-0.052259, 0.000000,
                         0.146626, 0.960562, 0.236265, 0.000000,
                         0.017565,-0.241338, 0.970282, 0.000000,
                         3.304899,13.191500,-0.322006, 1.000000;;
                      }
                      Frame Armature_mixamorig_LeftHandRing2 {
                        FrameTransformMatrix {
                           0.999875, 0.009881, 0.012356, 0.000000,
                          -0.013349, 0.946063, 0.323706, 0.000000,
                          -0.008491,-0.323831, 0.946077, 0.000000,
                          -0.000004, 2.717601, 0.000000, 1.000000;;
                        }
                        Frame Armature_mixamorig_LeftHandRing3 {
                          FrameTransformMatrix {
                             0.999844, 0.012304, 0.012675, 0.000000,
                            -0.016163, 0.926731, 0.375377, 0.000000,
                            -0.007128,-0.375523, 0.926786, 0.000000,
                             0.000000, 2.134501, 0.000000, 1.000000;;
                          }
                          Frame Armature_mixamorig_LeftHandRing4 {
                            FrameTransformMatrix {
                               1.000000, 0.000000, 0.000000, 0.000000,
                              -0.000000, 1.000000, 0.000000, 0.000000,
                              -0.000000,-0.000000, 1.000000, 0.000000,
                              -0.000002, 2.786887, 0.000003, 1.000000;;
                            }
                          } // End of Armature_mixamorig_LeftHandRing4
                        } // End of Armature_mixamorig_LeftHandRing3
                      } // End of Armature_mixamorig_LeftHandRing2
                    } // End of Armature_mixamorig_LeftHandRing1
                    Frame Armature_mixamorig_LeftHandThumb1 {
                      FrameTransformMatrix {
                         0.683381, 0.626457,-0.374888, 0.000000,
                        -0.470859, 0.770632, 0.429440, 0.000000,
                         0.557927,-0.116952, 0.821608, 0.000000,
                        -1.508997, 4.173405, 1.926500, 1.000000;;
                      }
                      Frame Armature_mixamorig_LeftHandThumb2 {
                        FrameTransformMatrix {
                           0.976163,-0.133679, 0.170985, 0.000000,
                           0.113208, 0.985757, 0.124372, 0.000000,
                          -0.185176,-0.102050, 0.977392, 0.000000,
                          -0.000001, 3.870405, 0.000000, 1.000000;;
                        }
                        Frame Armature_mixamorig_LeftHandThumb3 {
                          FrameTransformMatrix {
                             0.985903,-0.166918,-0.011571, 0.000000,
                             0.167311, 0.984156, 0.058687, 0.000000,
                             0.001592,-0.059796, 0.998209, 0.000000,
                            -0.000002, 4.710591,-0.000003, 1.000000;;
                          }
                          Frame Armature_mixamorig_LeftHandThumb4 {
                            FrameTransformMatrix {
                               1.000000, 0.000000,-0.000000, 0.000000,
                              -0.000000, 1.000000,-0.000000, 0.000000,
                               0.000000, 0.000000, 1.000000, 0.000000,
                               0.000002, 3.830409, 0.000001, 1.000000;;
                            }
                          } // End of Armature_mixamorig_LeftHandThumb4
                        } // End of Armature_mixamorig_LeftHandThumb3
                      } // End of Armature_mixamorig_LeftHandThumb2
                    } // End of Armature_mixamorig_LeftHandThumb1
                  } // End of Armature_mixamorig_LeftHand
                } // End of Armature_mixamorig_LeftForeArm
              } // End of Armature_mixamorig_LeftArm
            } // End of Armature_mixamorig_LeftShoulder
            Frame Armature_mixamorig_Neck {
              FrameTransformMatrix {
                 0.965587, 0.138502,-0.220136, 0.000000,
                -0.204985, 0.926219,-0.316386, 0.000000,
                 0.160074, 0.350622, 0.922735, 0.000000,
                -0.056899,14.235820,-2.088101, 1.000000;;
              }
              Frame Armature_mixamorig_Head {
                FrameTransformMatrix {
                   0.893784,-0.168490,-0.415645, 0.000000,
                   0.095473, 0.976987,-0.190739, 0.000000,
                   0.438218, 0.130797, 0.889301, 0.000000,
                  -0.000002, 3.280190, 0.313302, 1.000000;;
                }
                Frame Armature_mixamorig_HeadTop_End {
                  FrameTransformMatrix {
                     1.000000,-0.000000, 0.000000, 0.000000,
                     0.000000, 1.000000, 0.000000, 0.000000,
                    -0.000000,-0.000000, 1.000000, 0.000000,
                    -0.000000,25.653494, 2.450502, 1.000000;;
                  }
                } // End of Armature_mixamorig_HeadTop_End
              } // End of Armature_mixamorig_Head
            } // End of Armature_mixamorig_Neck
            Frame Armature_mixamorig_RightShoulder {
              FrameTransformMatrix {
                 0.434469, 0.045200, 0.899552, 0.000000,
                -0.875359,-0.213992, 0.433537, 0.000000,
                 0.212093,-0.975789,-0.053407, 0.000000,
                -6.728798,11.756711,-2.058503, 1.000000;;
              }
              Frame Armature_mixamorig_RightArm {
                FrameTransformMatrix {
                   0.800573, 0.598088,-0.037072, 0.000000,
                  -0.414136, 0.596936, 0.687138, 0.000000,
                   0.433098,-0.534751, 0.725581, 0.000000,
                   0.000004,14.448811,-0.000002, 1.000000;;
                }
                Frame Armature_mixamorig_RightForeArm {
                  FrameTransformMatrix {
                     0.661810,-0.705136,-0.254540, 0.000000,
                     0.741160, 0.666445, 0.080826, 0.000000,
                     0.112644,-0.242146, 0.963679, 0.000000,
                     0.000002,23.160288,-0.000007, 1.000000;;
                  }
                  Frame Armature_mixamorig_RightHand {
                    FrameTransformMatrix {
                       0.812783,-0.582565, 0.001340, 0.000000,
                       0.577539, 0.806068, 0.129243, 0.000000,
                      -0.076372,-0.104273, 0.991612, 0.000000,
                      -0.000001,24.071709, 0.000003, 1.000000;;
                    }
                    Frame Armature_mixamorig_RightHandIndex1 {
                      FrameTransformMatrix {
                         0.986237,-0.133552, 0.097475, 0.000000,
                         0.047426, 0.793267, 0.607024, 0.000000,
                        -0.158393,-0.594046, 0.788683, 0.000000,
                         2.855501,14.669408, 0.399015, 1.000000;;
                      }
                      Frame Armature_mixamorig_RightHandIndex2 {
                        FrameTransformMatrix {
                           0.997469,-0.069136, 0.016620, 0.000000,
                           0.009347, 0.359193, 0.933217, 0.000000,
                          -0.070489,-0.930699, 0.358930, 0.000000,
                           0.000003, 3.248598, 0.000002, 1.000000;;
                        }
                        Frame Armature_mixamorig_RightHandIndex3 {
                          FrameTransformMatrix {
                             0.998454,-0.055102, 0.007314, 0.000000,
                             0.019225, 0.465790, 0.884687, 0.000000,
                            -0.052155,-0.883178, 0.466129, 0.000000,
                            -0.000002, 2.659607,-0.000001, 1.000000;;
                          }
                          Frame Armature_mixamorig_RightHandIndex4 {
                            FrameTransformMatrix {
                               1.000000, 0.000000, 0.000000, 0.000000,
                              -0.000000, 1.000000, 0.000000, 0.000000,
                               0.000000, 0.000000, 1.000000, 0.000000,
                               0.000000, 3.633095, 0.000004, 1.000000;;
                            }
                          } // End of Armature_mixamorig_RightHandIndex4
                        } // End of Armature_mixamorig_RightHandIndex3
                      } // End of Armature_mixamorig_RightHandIndex2
                    } // End of Armature_mixamorig_RightHandIndex1
                    Frame Armature_mixamorig_RightHandMiddle1 {
                      FrameTransformMatrix {
                         0.999391,-0.034761,-0.002958, 0.000000,
                         0.026674, 0.706714, 0.706997, 0.000000,
                        -0.022486,-0.706645, 0.707211, 0.000000,
                        -0.000000,14.409803, 0.000003, 1.000000;;
                      }
                      Frame Armature_mixamorig_RightHandMiddle2 {
                        FrameTransformMatrix {
                           0.998054,-0.058333,-0.022017, 0.000000,
                           0.041962, 0.367262, 0.929171, 0.000000,
                          -0.046115,-0.928286, 0.368996, 0.000000,
                          -0.000000, 3.259101,-0.000006, 1.000000;;
                        }
                        Frame Armature_mixamorig_RightHandMiddle3 {
                          FrameTransformMatrix {
                             0.999299,-0.033369,-0.016976, 0.000000,
                             0.036307, 0.753099, 0.656904, 0.000000,
                            -0.009135,-0.657060, 0.753783, 0.000000,
                             0.000003, 2.639803,-0.000000, 1.000000;;
                          }
                          Frame Armature_mixamorig_RightHandMiddle4 {
                            FrameTransformMatrix {
                               1.000000,-0.000000, 0.000000, 0.000000,
                               0.000000, 1.000000, 0.000000, 0.000000,
                               0.000000,-0.000000, 1.000000, 0.000000,
                               0.000003, 3.673902, 0.000003, 1.000000;;
                            }
                          } // End of Armature_mixamorig_RightHandMiddle4
                        } // End of Armature_mixamorig_RightHandMiddle3
                      } // End of Armature_mixamorig_RightHandMiddle2
                    } // End of Armature_mixamorig_RightHandMiddle1
                    Frame Armature_mixamorig_RightHandPinky1 {
                      FrameTransformMatrix {
                         0.977811, 0.161024,-0.134007, 0.000000,
                        -0.008473, 0.669555, 0.742714, 0.000000,
                         0.209320,-0.725098, 0.656063, 0.000000,
                        -5.922004,11.636400, 0.516997, 1.000000;;
                      }
                      Frame Armature_mixamorig_RightHandPinky2 {
                        FrameTransformMatrix {
                           0.999536,-0.028771,-0.009962, 0.000000,
                           0.027251, 0.699404, 0.714207, 0.000000,
                          -0.013581,-0.714148, 0.699863, 0.000000,
                           0.000000, 1.559299,-0.000002, 1.000000;;
                        }
                        Frame Armature_mixamorig_RightHandPinky3 {
                          FrameTransformMatrix {
                             0.999844,-0.015127,-0.009112, 0.000000,
                             0.017560, 0.906318, 0.422232, 0.000000,
                             0.001872,-0.422326, 0.906442, 0.000000,
                             0.000000, 1.540604,-0.000001, 1.000000;;
                          }
                          Frame Armature_mixamorig_RightHandPinky4 {
                            FrameTransformMatrix {
                               1.000000, 0.000000, 0.000000, 0.000000,
                              -0.000000, 1.000000, 0.000000, 0.000000,
                              -0.000000,-0.000000, 1.000000, 0.000000,
                               0.000003, 1.668702, 0.000002, 1.000000;;
                            }
                          } // End of Armature_mixamorig_RightHandPinky4
                        } // End of Armature_mixamorig_RightHandPinky3
                      } // End of Armature_mixamorig_RightHandPinky2
                    } // End of Armature_mixamorig_RightHandPinky1
                    Frame Armature_mixamorig_RightHandRing1 {
                      FrameTransformMatrix {
                         0.995315,-0.023464,-0.093798, 0.000000,
                         0.092207, 0.522249, 0.847793, 0.000000,
                         0.029093,-0.852470, 0.521966, 0.000000,
                        -3.304903,13.191502,-0.321991, 1.000000;;
                      }
                      Frame Armature_mixamorig_RightHandRing2 {
                        FrameTransformMatrix {
                           0.999422,-0.031046,-0.013864, 0.000000,
                           0.031078, 0.668702, 0.742881, 0.000000,
                          -0.013792,-0.742882, 0.669280, 0.000000,
                           0.000002, 2.717607,-0.000000, 1.000000;;
                        }
                        Frame Armature_mixamorig_RightHandRing3 {
                          FrameTransformMatrix {
                             0.999297,-0.034227,-0.015308, 0.000000,
                             0.032617, 0.592177, 0.805148, 0.000000,
                            -0.018493,-0.805081, 0.592877, 0.000000,
                            -0.000002, 2.134502,-0.000006, 1.000000;;
                          }
                          Frame Armature_mixamorig_RightHandRing4 {
                            FrameTransformMatrix {
                               1.000000,-0.000000, 0.000000, 0.000000,
                               0.000000, 1.000000,-0.000000, 0.000000,
                               0.000000, 0.000000, 1.000000, 0.000000,
                               0.000003, 2.786793, 0.000005, 1.000000;;
                            }
                          } // End of Armature_mixamorig_RightHandRing4
                        } // End of Armature_mixamorig_RightHandRing3
                      } // End of Armature_mixamorig_RightHandRing2
                    } // End of Armature_mixamorig_RightHandRing1
                    Frame Armature_mixamorig_RightHandThumb1 {
                      FrameTransformMatrix {
                         0.168316,-0.684489, 0.709327, 0.000000,
                         0.403240, 0.704441, 0.584089, 0.000000,
                        -0.899482, 0.187717, 0.394582, 0.000000,
                         1.508997, 4.173403, 1.927001, 1.000000;;
                      }
                      Frame Armature_mixamorig_RightHandThumb2 {
                        FrameTransformMatrix {
                           0.966645, 0.187884,-0.174063, 0.000000,
                          -0.168866, 0.978501, 0.118409, 0.000000,
                           0.192568,-0.085066, 0.977590, 0.000000,
                           0.000003, 3.870403, 0.000000, 1.000000;;
                        }
                        Frame Armature_mixamorig_RightHandThumb3 {
                          FrameTransformMatrix {
                             0.834258, 0.548568, 0.055561, 0.000000,
                            -0.546505, 0.809319, 0.215254, 0.000000,
                             0.073115,-0.209942, 0.974976, 0.000000,
                            -0.000004, 4.710292, 0.000001, 1.000000;;
                          }
                          Frame Armature_mixamorig_RightHandThumb4 {
                            FrameTransformMatrix {
                               1.000000, 0.000000,-0.000001, 0.000000,
                              -0.000000, 1.000000, 0.000000, 0.000000,
                               0.000001,-0.000000, 1.000000, 0.000000,
                              -0.000006, 3.830408,-0.000001, 1.000000;;
                            }
                          } // End of Armature_mixamorig_RightHandThumb4
                        } // End of Armature_mixamorig_RightHandThumb3
                      } // End of Armature_mixamorig_RightHandThumb2
                    } // End of Armature_mixamorig_RightHandThumb1
                  } // End of Armature_mixamorig_RightHand
                } // End of Armature_mixamorig_RightForeArm
              } // End of Armature_mixamorig_RightArm
            } // End of Armature_mixamorig_RightShoulder
          } // End of Armature_mixamorig_Spine2
        } // End of Armature_mixamorig_Spine1
      } // End of Armature_mixamorig_Spine
    } // End of Armature_mixamorig_Hips
  } // End of Armature
} // End of Root
AnimationSet Global {
  Animation {
    {Armature}
    AnimationKey { // Rotation
      0;
      38;
      0;4;-0.707107, 0.707107, 0.000000, 0.000000;;,
      1;4;-0.707107, 0.707107, 0.000000, 0.000000;;,
      2;4;-0.707107, 0.707107, 0.000000, 0.000000;;,
      3;4;-0.707107, 0.707107, 0.000000, 0.000000;;,
      4;4;-0.707107, 0.707107, 0.000000, 0.000000;;,
      5;4;-0.707107, 0.707107, 0.000000, 0.000000;;,
      6;4;-0.707107, 0.707107, 0.000000, 0.000000;;,
      7;4;-0.707107, 0.707107, 0.000000, 0.000000;;,
      8;4;-0.707107, 0.707107, 0.000000, 0.000000;;,
      9;4;-0.707107, 0.707107, 0.000000, 0.000000;;,
      10;4;-0.707107, 0.707107, 0.000000, 0.000000;;,
      11;4;-0.707107, 0.707107, 0.000000, 0.000000;;,
      12;4;-0.707107, 0.707107, 0.000000, 0.000000;;,
      13;4;-0.707107, 0.707107, 0.000000, 0.000000;;,
      14;4;-0.707107, 0.707107, 0.000000, 0.000000;;,
      15;4;-0.707107, 0.707107, 0.000000, 0.000000;;,
      16;4;-0.707107, 0.707107, 0.000000, 0.000000;;,
      17;4;-0.707107, 0.707107, 0.000000, 0.000000;;,
      18;4;-0.707107, 0.707107, 0.000000, 0.000000;;,
      19;4;-0.707107, 0.707107, 0.000000, 0.000000;;,
      20;4;-0.707107, 0.707107, 0.000000, 0.000000;;,
      21;4;-0.707107, 0.707107, 0.000000, 0.000000;;,
      22;4;-0.707107, 0.707107, 0.000000, 0.000000;;,
      23;4;-0.707107, 0.707107, 0.000000, 0.000000;;,
      24;4;-0.707107, 0.707107, 0.000000, 0.000000;;,
      25;4;-0.707107, 0.707107, 0.000000, 0.000000;;,
      26;4;-0.707107, 0.707107, 0.000000, 0.000000;;,
      27;4;-0.707107, 0.707107, 0.000000, 0.000000;;,
      28;4;-0.707107, 0.707107, 0.000000, 0.000000;;,
      29;4;-0.707107, 0.707107, 0.000000, 0.000000;;,
      30;4;-0.707107, 0.707107, 0.000000, 0.000000;;,
      31;4;-0.707107, 0.707107, 0.000000, 0.000000;;,
      32;4;-0.707107, 0.707107, 0.000000, 0.000000;;,
      33;4;-0.707107, 0.707107, 0.000000, 0.000000;;,
      34;4;-0.707107, 0.707107, 0.000000, 0.000000;;,
      35;4;-0.707107, 0.707107, 0.000000, 0.000000;;,
      36;4;-0.707107, 0.707107, 0.000000, 0.000000;;,
      37;4;-0.707107, 0.707107, 0.000000, 0.000000;;;
    }
    AnimationKey { // Scale
      1;
      38;
      0;3; 0.100000, 0.100000, 0.100000;;,
      1;3; 0.100000, 0.100000, 0.100000;;,
      2;3; 0.100000, 0.100000, 0.100000;;,
      3;3; 0.100000, 0.100000, 0.100000;;,
      4;3; 0.100000, 0.100000, 0.100000;;,
      5;3; 0.100000, 0.100000, 0.100000;;,
      6;3; 0.100000, 0.100000, 0.100000;;,
      7;3; 0.100000, 0.100000, 0.100000;;,
      8;3; 0.100000, 0.100000, 0.100000;;,
      9;3; 0.100000, 0.100000, 0.100000;;,
      10;3; 0.100000, 0.100000, 0.100000;;,
      11;3; 0.100000, 0.100000, 0.100000;;,
      12;3; 0.100000, 0.100000, 0.100000;;,
      13;3; 0.100000, 0.100000, 0.100000;;,
      14;3; 0.100000, 0.100000, 0.100000;;,
      15;3; 0.100000, 0.100000, 0.100000;;,
      16;3; 0.100000, 0.100000, 0.100000;;,
      17;3; 0.100000, 0.100000, 0.100000;;,
      18;3; 0.100000, 0.100000, 0.100000;;,
      19;3; 0.100000, 0.100000, 0.100000;;,
      20;3; 0.100000, 0.100000, 0.100000;;,
      21;3; 0.100000, 0.100000, 0.100000;;,
      22;3; 0.100000, 0.100000, 0.100000;;,
      23;3; 0.100000, 0.100000, 0.100000;;,
      24;3; 0.100000, 0.100000, 0.100000;;,
      25;3; 0.100000, 0.100000, 0.100000;;,
      26;3; 0.100000, 0.100000, 0.100000;;,
      27;3; 0.100000, 0.100000, 0.100000;;,
      28;3; 0.100000, 0.100000, 0.100000;;,
      29;3; 0.100000, 0.100000, 0.100000;;,
      30;3; 0.100000, 0.100000, 0.100000;;,
      31;3; 0.100000, 0.100000, 0.100000;;,
      32;3; 0.100000, 0.100000, 0.100000;;,
      33;3; 0.100000, 0.100000, 0.100000;;,
      34;3; 0.100000, 0.100000, 0.100000;;,
      35;3; 0.100000, 0.100000, 0.100000;;,
      36;3; 0.100000, 0.100000, 0.100000;;,
      37;3; 0.100000, 0.100000, 0.100000;;;
    }
    AnimationKey { // Position
      2;
      38;
      0;3; 0.000000, 0.000000, 0.000000;;,
      1;3; 0.000000, 0.000000, 0.000000;;,
      2;3; 0.000000, 0.000000, 0.000000;;,
      3;3; 0.000000, 0.000000, 0.000000;;,
      4;3; 0.000000, 0.000000, 0.000000;;,
      5;3; 0.000000, 0.000000, 0.000000;;,
      6;3; 0.000000, 0.000000, 0.000000;;,
      7;3; 0.000000, 0.000000, 0.000000;;,
      8;3; 0.000000, 0.000000, 0.000000;;,
      9;3; 0.000000, 0.000000, 0.000000;;,
      10;3; 0.000000, 0.000000, 0.000000;;,
      11;3; 0.000000, 0.000000, 0.000000;;,
      12;3; 0.000000, 0.000000, 0.000000;;,
      13;3; 0.000000, 0.000000, 0.000000;;,
      14;3; 0.000000, 0.000000, 0.000000;;,
      15;3; 0.000000, 0.000000, 0.000000;;,
      16;3; 0.000000, 0.000000, 0.000000;;,
      17;3; 0.000000, 0.000000, 0.000000;;,
      18;3; 0.000000, 0.000000, 0.000000;;,
      19;3; 0.000000, 0.000000, 0.000000;;,
      20;3; 0.000000, 0.000000, 0.000000;;,
      21;3; 0.000000, 0.000000, 0.000000;;,
      22;3; 0.000000, 0.000000, 0.000000;;,
      23;3; 0.000000, 0.000000, 0.000000;;,
      24;3; 0.000000, 0.000000, 0.000000;;,
      25;3; 0.000000, 0.000000, 0.000000;;,
      26;3; 0.000000, 0.000000, 0.000000;;,
      27;3; 0.000000, 0.000000, 0.000000;;,
      28;3; 0.000000, 0.000000, 0.000000;;,
      29;3; 0.000000, 0.000000, 0.000000;;,
      30;3; 0.000000, 0.000000, 0.000000;;,
      31;3; 0.000000, 0.000000, 0.000000;;,
      32;3; 0.000000, 0.000000, 0.000000;;,
      33;3; 0.000000, 0.000000, 0.000000;;,
      34;3; 0.000000, 0.000000, 0.000000;;,
      35;3; 0.000000, 0.000000, 0.000000;;,
      36;3; 0.000000, 0.000000, 0.000000;;,
      37;3; 0.000000, 0.000000, 0.000000;;;
    }
  }
  Animation {
    {Armature_mixamorig_Hips}
    AnimationKey { // Rotation
      0;
      38;
      0;4;-0.906936, 0.020264,-0.418343,-0.045224;;,
      1;4;-0.907114, 0.023650,-0.418431,-0.038724;;,
      2;4;-0.907323, 0.026669,-0.418320,-0.032583;;,
      3;4;-0.907432, 0.028433,-0.418329,-0.027576;;,
      4;4;-0.907444, 0.028652,-0.418512,-0.023926;;,
      5;4;-0.907437, 0.027852,-0.418732,-0.021131;;,
      6;4;-0.907401, 0.026395,-0.419010,-0.018914;;,
      7;4;-0.907328, 0.024644,-0.419356,-0.017007;;,
      8;4;-0.907208, 0.022956,-0.419783,-0.015127;;,
      9;4;-0.907028, 0.021689,-0.420311,-0.012994;;,
      10;4;-0.906778, 0.021203,-0.420948,-0.010329;;,
      11;4;-0.906447, 0.021260,-0.421724,-0.007207;;,
      12;4;-0.906035, 0.021405,-0.422643,-0.003902;;,
      13;4;-0.905556, 0.021664,-0.423674,-0.000443;;,
      14;4;-0.905020, 0.022068,-0.424784, 0.003144;;,
      15;4;-0.904439, 0.022644,-0.425947, 0.006831;;,
      16;4;-0.903824, 0.023421,-0.427132, 0.010589;;,
      17;4;-0.903188, 0.024429,-0.428309, 0.014390;;,
      18;4;-0.902543, 0.025699,-0.429447, 0.018203;;,
      19;4;-0.901902, 0.027258,-0.430517, 0.022000;;,
      20;4;-0.901280, 0.029138,-0.431489, 0.025752;;,
      21;4;-0.900688, 0.031366,-0.432332, 0.029429;;,
      22;4;-0.900142, 0.033967,-0.433014, 0.033016;;,
      23;4;-0.899734, 0.038515,-0.433206, 0.036441;;,
      24;4;-0.899797, 0.041209,-0.432677, 0.038178;;,
      25;4;-0.900022, 0.043419,-0.431886, 0.039376;;,
      26;4;-0.900372, 0.045211,-0.430899, 0.040151;;,
      27;4;-0.900808, 0.046650,-0.429790, 0.040620;;,
      28;4;-0.901290, 0.047801,-0.428625, 0.040897;;,
      29;4;-0.901777, 0.048730,-0.427474, 0.041100;;,
      30;4;-0.902230, 0.049507,-0.426406, 0.041330;;,
      31;4;-0.902606, 0.050199,-0.425492, 0.041702;;,
      32;4;-0.902866, 0.050868,-0.424798, 0.042339;;,
      33;4;-0.903009, 0.051299,-0.424345, 0.043288;;,
      34;4;-0.903079, 0.051343,-0.424076, 0.044412;;,
      35;4;-0.903096, 0.051164,-0.423941, 0.045542;;,
      36;4;-0.903083, 0.050926,-0.423892, 0.046511;;,
      37;4;-0.903063, 0.050794,-0.423879, 0.047153;;;
    }
    AnimationKey { // Scale
      1;
      38;
      0;3; 1.000000, 1.000000, 1.000000;;,
      1;3; 1.000000, 1.000000, 1.000000;;,
      2;3; 1.000000, 1.000000, 1.000000;;,
      3;3; 1.000000, 1.000000, 1.000000;;,
      4;3; 1.000000, 1.000000, 1.000000;;,
      5;3; 1.000000, 1.000000, 1.000000;;,
      6;3; 1.000000, 1.000000, 1.000000;;,
      7;3; 1.000000, 1.000000, 1.000000;;,
      8;3; 1.000000, 1.000000, 1.000000;;,
      9;3; 1.000000, 1.000000, 1.000000;;,
      10;3; 1.000000, 1.000000, 1.000000;;,
      11;3; 1.000000, 1.000000, 1.000000;;,
      12;3; 1.000000, 1.000000, 1.000000;;,
      13;3; 1.000000, 1.000000, 1.000000;;,
      14;3; 1.000000, 1.000000, 1.000000;;,
      15;3; 1.000000, 1.000000, 1.000000;;,
      16;3; 1.000000, 1.000000, 1.000000;;,
      17;3; 1.000000, 1.000000, 1.000000;;,
      18;3; 1.000000, 1.000000, 1.000000;;,
      19;3; 1.000000, 1.000000, 1.000000;;,
      20;3; 1.000000, 1.000000, 1.000000;;,
      21;3; 1.000000, 1.000000, 1.000000;;,
      22;3; 1.000000, 1.000000, 1.000000;;,
      23;3; 1.000000, 1.000000, 1.000000;;,
      24;3; 1.000000, 1.000000, 1.000000;;,
      25;3; 1.000000, 1.000000, 1.000000;;,
      26;3; 1.000000, 1.000000, 1.000000;;,
      27;3; 1.000000, 1.000000, 1.000000;;,
      28;3; 1.000000, 1.000000, 1.000000;;,
      29;3; 1.000000, 1.000000, 1.000000;;,
      30;3; 1.000000, 1.000000, 1.000000;;,
      31;3; 1.000000, 1.000000, 1.000000;;,
      32;3; 1.000000, 1.000000, 1.000000;;,
      33;3; 1.000000, 1.000000, 1.000000;;,
      34;3; 1.000000, 1.000000, 1.000000;;,
      35;3; 1.000000, 1.000000, 1.000000;;,
      36;3; 1.000000, 1.000000, 1.000000;;,
      37;3; 1.000000, 1.000000, 1.000000;;;
    }
    AnimationKey { // Position
      2;
      38;
      0;3;-1.102459,61.538937, 0.805750;;,
      1;3;-1.242515,62.286392, 0.728906;;,
      2;3;-1.466966,63.266029, 0.769378;;,
      3;3;-1.660278,64.341858, 0.827050;;,
      4;3;-1.874568,65.582321, 0.989836;;,
      5;3;-2.097051,66.932861, 1.198021;;,
      6;3;-2.311791,68.302261, 1.455697;;,
      7;3;-2.502667,69.766930, 1.772562;;,
      8;3;-2.654048,71.293777, 2.089431;;,
      9;3;-2.749899,72.791885, 2.369573;;,
      10;3;-2.778119,74.312866, 2.569362;;,
      11;3;-2.745591,75.884590, 2.690423;;,
      12;3;-2.653306,77.391365, 2.738435;;,
      13;3;-2.503899,78.905029, 2.723302;;,
      14;3;-2.320420,80.424728, 2.654244;;,
      15;3;-2.119842,81.783783, 2.545177;;,
      16;3;-1.907732,83.027992, 2.409652;;,
      17;3;-1.689644,84.156311, 2.258094;;,
      18;3;-1.471125,85.087814, 2.101180;;,
      19;3;-1.257802,85.860069, 1.948629;;,
      20;3;-1.055325,86.469559, 1.805828;;,
      21;3;-0.869279,86.946251, 1.681422;;,
      22;3;-0.758799,87.340866, 1.524735;;,
      23;3;-0.743892,87.671661, 1.376937;;,
      24;3;-0.711373,87.942635, 1.268341;;,
      25;3;-0.678728,88.149765, 1.192281;;,
