xof 0303txt 0032

Frame Root {
  FrameTransformMatrix {
     1.000000, 0.000000, 0.000000, 0.000000,
     0.000000,-0.000000,-1.000000, 0.000000,
     0.000000, 1.000000,-0.000000, 0.000000,
     0.000000, 0.000000, 0.000000, 1.000000;;
  }
  Frame Armature {
    FrameTransformMatrix {
       0.100000, 0.000000, 0.000000, 0.000000,
       0.000000,-0.000000, 0.100000, 0.000000,
       0.000000,-0.100000,-0.000000, 0.000000,
       0.000000, 0.000000, 0.000000, 1.000000;;
    }
    Frame Armature_mixamorig_Hips {
      FrameTransformMatrix {
         0.979800, 0.028489, 0.197942, 0.000000,
        -0.093499, 0.940217, 0.327491, 0.000000,
        -0.176779,-0.339383, 0.923888, 0.000000,
         0.403415,93.370644, 0.622933, 1.000000;;
      }
      Frame Armature_mixamorig_LeftUpLeg {
        FrameTransformMatrix {
          -0.981069, 0.045298, 0.188282, 0.000000,
           0.150225,-0.435545, 0.887534, 0.000000,
           0.122210, 0.899027, 0.420489, 0.000000,
           9.618300,-5.272303,-1.010899, 1.000000;;
        }
        Frame Armature_mixamorig_LeftLeg {
          FrameTransformMatrix {
             0.999836, 0.002316,-0.017960, 0.000000,
            -0.015212,-0.430664,-0.902384, 0.000000,
            -0.009824, 0.902509,-0.430558, 0.000000,
             0.000000,43.364994, 0.000001, 1.000000;;
          }
          Frame Armature_mixamorig_LeftFoot {
            FrameTransformMatrix {
               0.900624, 0.432081, 0.046720, 0.000000,
              -0.381397, 0.734254, 0.561611, 0.000000,
               0.208357,-0.523619, 0.826081, 0.000000,
               0.000002,44.493008,-0.000004, 1.000000;;
            }
            Frame Armature_mixamorig_LeftToeBase {
              FrameTransformMatrix {
                 0.976499,-0.036797, 0.212359, 0.000000,
                -0.108671, 0.766834, 0.632580, 0.000000,
                -0.186121,-0.640790, 0.744813, 0.000000,
                 0.000000,20.000114, 0.000000, 1.000000;;
              }
              Frame Armature_mixamorig_LeftToe_End {
                FrameTransformMatrix {
                   1.000000, 0.000000, 0.000000, 0.000000,
                   0.000000, 1.000000, 0.000000, 0.000000,
                  -0.000000,-0.000000, 1.000000, 0.000000,
                   0.000000,10.000107,-0.000001, 1.000000;;
                }
              } // End of Armature_mixamorig_LeftToe_End
            } // End of Armature_mixamorig_LeftToeBase
          } // End of Armature_mixamorig_LeftFoot
        } // End of Armature_mixamorig_LeftLeg
      } // End of Armature_mixamorig_LeftUpLeg
      Frame Armature_mixamorig_RightUpLeg {
        FrameTransformMatrix {
          -0.994262, 0.105885,-0.015191, 0.000000,
          -0.103146,-0.911391, 0.398487, 0.000000,
           0.028342, 0.397688, 0.917324, 0.000000,
          -9.941000,-5.272399,-1.010900, 1.000000;;
        }
        Frame Armature_mixamorig_RightLeg {
          FrameTransformMatrix {
             0.987906, 0.040071, 0.149788, 0.000000,
             0.089191, 0.643351,-0.760358, 0.000000,
            -0.126834, 0.764522, 0.631996, 0.000000,
             0.000000,43.364788, 0.000000, 1.000000;;
          }
          Frame Armature_mixamorig_RightFoot {
            FrameTransformMatrix {
               0.991100, 0.069445,-0.113571, 0.000000,
               0.110722, 0.043601, 0.992895, 0.000000,
               0.073904,-0.996632, 0.035523, 0.000000,
               0.000001,44.492775,-0.000003, 1.000000;;
            }
            Frame Armature_mixamorig_RightToeBase {
              FrameTransformMatrix {
                 0.991469,-0.007601,-0.130120, 0.000000,
                 0.104818, 0.639873, 0.761298, 0.000000,
                 0.077474,-0.768443, 0.635211, 0.000000,
                 0.000002,19.997448,-0.000000, 1.000000;;
              }
              Frame Armature_mixamorig_RightToe_End {
                FrameTransformMatrix {
                   1.000000, 0.000000, 0.000000, 0.000000,
                   0.000000, 1.000000,-0.000000, 0.000000,
                  -0.000000, 0.000000, 1.000000, 0.000000,
                  -0.000001, 9.997515,-0.000000, 1.000000;;
                }
              } // End of Armature_mixamorig_RightToe_End
            } // End of Armature_mixamorig_RightToeBase
          } // End of Armature_mixamorig_RightFoot
        } // End of Armature_mixamorig_RightLeg
      } // End of Armature_mixamorig_RightUpLeg
      Frame Armature_mixamorig_Spine {
        FrameTransformMatrix {
           0.991729,-0.033468,-0.123907, 0.000000,
           0.073383, 0.939900, 0.333470, 0.000000,
           0.105300,-0.339804, 0.934583, 0.000000,
          -0.038100, 9.490502,-1.392099, 1.000000;;
        }
        Frame Armature_mixamorig_Spine1 {
          FrameTransformMatrix {
             0.999432,-0.005423,-0.033260, 0.000000,
             0.006633, 0.999316, 0.036390, 0.000000,
             0.033040,-0.036590, 0.998784, 0.000000,
            -0.000000,11.190804, 0.000001, 1.000000;;
          }
          Frame Armature_mixamorig_Spine2 {
            FrameTransformMatrix {
               0.999350,-0.010827,-0.034373, 0.000000,
               0.016862, 0.983433, 0.180484, 0.000000,
               0.031849,-0.180946, 0.982977, 0.000000,
              -0.000000,12.789506, 0.000011, 1.000000;;
            }
            Frame Armature_mixamorig_LeftShoulder {
              FrameTransformMatrix {
                -0.156870, 0.078927,-0.984460, 0.000000,
                 0.864647,-0.470722,-0.175517, 0.000000,
                -0.477260,-0.878744, 0.005598, 0.000000,
                 6.728801,11.756605,-2.058489, 1.000000;;
              }
              Frame Armature_mixamorig_LeftArm {
                FrameTransformMatrix {
                   0.959503, 0.276141, 0.055669, 0.000000,
                  -0.233705, 0.670006, 0.704609, 0.000000,
                   0.157273,-0.689085, 0.707409, 0.000000,
                   0.000007,14.448805, 0.000004, 1.000000;;
                }
                Frame Armature_mixamorig_LeftForeArm {
                  FrameTransformMatrix {
                     0.555942, 0.805210, 0.206313, 0.000000,
                    -0.800450, 0.585517,-0.128251, 0.000000,
                    -0.224069,-0.093843, 0.970044, 0.000000,
                     0.000009,23.160288,-0.000001, 1.000000;;
                  }
                  Frame Armature_mixamorig_LeftHand {
                    FrameTransformMatrix {
                       0.896669, 0.442226, 0.020511, 0.000000,
                      -0.441768, 0.890813, 0.106268, 0.000000,
                       0.028723,-0.104348, 0.994126, 0.000000,
                      -0.000001,24.071793,-0.000003, 1.000000;;
                    }
                    Frame Armature_mixamorig_LeftHandIndex1 {
                      FrameTransformMatrix {
                         0.991317, 0.108415, 0.074408, 0.000000,
                        -0.131138, 0.773572, 0.619991, 0.000000,
                         0.009656,-0.624366, 0.781073, 0.000000,
                        -2.855491,14.669416, 0.398798, 1.000000;;
                      }
                      Frame Armature_mixamorig_LeftHandIndex2 {
                        FrameTransformMatrix {
                           0.997054, 0.076697,-0.000049, 0.000000,
                          -0.056821, 0.739093, 0.671202, 0.000000,
                           0.051516,-0.669222, 0.741274, 0.000000,
                          -0.000003, 3.248590, 0.000000, 1.000000;;
                        }
                        Frame Armature_mixamorig_LeftHandIndex3 {
                          FrameTransformMatrix {
                             0.999423,-0.033738,-0.003978, 0.000000,
                             0.033970, 0.993390, 0.109643, 0.000000,
                             0.000253,-0.109715, 0.993963, 0.000000,
                            -0.000004, 2.659611, 0.000001, 1.000000;;
                          }
                          Frame Armature_mixamorig_LeftHandIndex4 {
                            FrameTransformMatrix {
                               1.000000, 0.000000, 0.000000, 0.000000,
                               0.000000, 1.000000, 0.000000, 0.000000,
                               0.000000,-0.000000, 1.000000, 0.000000,
                              -0.000000, 3.633184,-0.000003, 1.000000;;
                            }
                          } // End of Armature_mixamorig_LeftHandIndex4
                        } // End of Armature_mixamorig_LeftHandIndex3
                      } // End of Armature_mixamorig_LeftHandIndex2
                    } // End of Armature_mixamorig_LeftHandIndex1
                    Frame Armature_mixamorig_LeftHandMiddle1 {
                      FrameTransformMatrix {
                         0.999257, 0.036842, 0.011352, 0.000000,
                        -0.035792, 0.777209, 0.628224, 0.000000,
                         0.014322,-0.628163, 0.777950, 0.000000,
                         0.000012,14.409821,-0.000003, 1.000000;;
                      }
                      Frame Armature_mixamorig_LeftHandMiddle2 {
                        FrameTransformMatrix {
                           0.996370, 0.085123, 0.000765, 0.000000,
                          -0.054402, 0.629817, 0.774836, 0.000000,
                           0.065475,-0.772065, 0.632162, 0.000000,
                          -0.000008, 3.259090,-0.000001, 1.000000;;
                        }
                        Frame Armature_mixamorig_LeftHandMiddle3 {
                          FrameTransformMatrix {
                             0.999593,-0.026768,-0.009846, 0.000000,
                             0.028509, 0.947885, 0.317334, 0.000000,
                             0.000838,-0.317486, 0.948263, 0.000000,
                            -0.000007, 2.639900,-0.000001, 1.000000;;
                          }
                          Frame Armature_mixamorig_LeftHandMiddle4 {
                            FrameTransformMatrix {
                               1.000000, 0.000000, 0.000000, 0.000000,
                               0.000000, 1.000000, 0.000000, 0.000000,
                              -0.000000,-0.000000, 1.000000, 0.000000,
                              -0.000007, 3.673912,-0.000002, 1.000000;;
                            }
                          } // End of Armature_mixamorig_LeftHandMiddle4
                        } // End of Armature_mixamorig_LeftHandMiddle3
                      } // End of Armature_mixamorig_LeftHandMiddle2
                    } // End of Armature_mixamorig_LeftHandMiddle1
                    Frame Armature_mixamorig_LeftHandPinky1 {
                      FrameTransformMatrix {
                         0.990371, 0.093080, 0.102480, 0.000000,
                        -0.137883, 0.596753, 0.790490, 0.000000,
                         0.012423,-0.797008, 0.603841, 0.000000,
                         5.614211,11.636414, 0.516598, 1.000000;;
                      }
                      Frame Armature_mixamorig_LeftHandPinky2 {
                        FrameTransformMatrix {
                           0.999999, 0.001148, 0.000780, 0.000000,
                          -0.001077, 0.286580, 0.958056, 0.000000,
                           0.000876,-0.958056, 0.286581, 0.000000,
                           0.000002, 1.559407,-0.000001, 1.000000;;
                        }
                        Frame Armature_mixamorig_LeftHandPinky3 {
                          FrameTransformMatrix {
                             1.000000, 0.000558, 0.000147, 0.000000,
                            -0.000558, 0.870704, 0.491807, 0.000000,
                             0.000147,-0.491807, 0.870704, 0.000000,
                             0.000000, 1.540602,-0.000001, 1.000000;;
                          }
                          Frame Armature_mixamorig_LeftHandPinky4 {
                            FrameTransformMatrix {
                               1.000000, 0.000000,-0.000000, 0.000000,
                               0.000000, 1.000000, 0.000000, 0.000000,
                               0.000000,-0.000000, 1.000000, 0.000000,
                               0.000003, 1.668697,-0.000002, 1.000000;;
                            }
                          } // End of Armature_mixamorig_LeftHandPinky4
                        } // End of Armature_mixamorig_LeftHandPinky3
                      } // End of Armature_mixamorig_LeftHandPinky2
                    } // End of Armature_mixamorig_LeftHandPinky1
                    Frame Armature_mixamorig_LeftHandRing1 {
                      FrameTransformMatrix {
                         0.999939,-0.004046, 0.010233, 0.000000,
                        -0.007225, 0.459970, 0.887905, 0.000000,
                        -0.008299,-0.887925, 0.459913, 0.000000,
                         3.304912,13.191515,-0.321999, 1.000000;;
                      }
                      Frame Armature_mixamorig_LeftHandRing2 {
                        FrameTransformMatrix {
                           0.999748, 0.016759, 0.014929, 0.000000,
                          -0.022417, 0.712828, 0.700981, 0.000000,
                           0.001106,-0.701139, 0.713024, 0.000000,
                          -0.000001, 2.717604, 0.000011, 1.000000;;
                        }
                        Frame Armature_mixamorig_LeftHandRing3 {
                          FrameTransformMatrix {
                             0.999772,-0.021338, 0.000927, 0.000000,
                             0.020293, 0.962567, 0.270282, 0.000000,
                            -0.006660,-0.270202, 0.962781, 0.000000,
                             0.000003, 2.134500, 0.000007, 1.000000;;
                          }
                          Frame Armature_mixamorig_LeftHandRing4 {
                            FrameTransformMatrix {
                               1.000000, 0.000000, 0.000000, 0.000000,
                               0.000000, 1.000000, 0.000000, 0.000000,
                               0.000000,-0.000000, 1.000000, 0.000000,
                               0.000004, 2.786889, 0.000002, 1.000000;;
                            }
                          } // End of Armature_mixamorig_LeftHandRing4
                        } // End of Armature_mixamorig_LeftHandRing3
                      } // End of Armature_mixamorig_LeftHandRing2
                    } // End of Armature_mixamorig_LeftHandRing1
                    Frame Armature_mixamorig_LeftHandThumb1 {
                      FrameTransformMatrix {
                         0.865784, 0.491531,-0.093890, 0.000000,
                        -0.457279, 0.853307, 0.250526, 0.000000,
                         0.203258,-0.173967, 0.963546, 0.000000,
                        -1.508993, 4.173410, 1.926502, 1.000000;;
                      }
                      Frame Armature_mixamorig_LeftHandThumb2 {
                        FrameTransformMatrix {
                           0.954980,-0.274797,-0.111804, 0.000000,
                           0.291795, 0.938075, 0.186738, 0.000000,
                           0.053565,-0.210955, 0.976027, 0.000000,
                           0.000000, 3.870407, 0.000004, 1.000000;;
                        }
                        Frame Armature_mixamorig_LeftHandThumb3 {
                          FrameTransformMatrix {
                             0.618158, 0.106433,-0.778815, 0.000000,
                             0.121239, 0.966025, 0.228246, 0.000000,
                             0.776647,-0.235515, 0.584253, 0.000000,
                            -0.000004, 4.710588,-0.000007, 1.000000;;
                          }
                          Frame Armature_mixamorig_LeftHandThumb4 {
                            FrameTransformMatrix {
                               1.000000, 0.000000,-0.000000, 0.000000,
                              -0.000000, 1.000000,-0.000000, 0.000000,
                               0.000000, 0.000000, 1.000000, 0.000000,
                              -0.000004, 3.830398,-0.000004, 1.000000;;
                            }
                          } // End of Armature_mixamorig_LeftHandThumb4
                        } // End of Armature_mixamorig_LeftHandThumb3
                      } // End of Armature_mixamorig_LeftHandThumb2
                    } // End of Armature_mixamorig_LeftHandThumb1
                  } // End of Armature_mixamorig_LeftHand
                } // End of Armature_mixamorig_LeftForeArm
              } // End of Armature_mixamorig_LeftArm
            } // End of Armature_mixamorig_LeftShoulder
            Frame Armature_mixamorig_Neck {
              FrameTransformMatrix {
                 0.999574,-0.018030,-0.022957, 0.000000,
                 0.013516, 0.982935,-0.183457, 0.000000,
                 0.025873, 0.183069, 0.982760, 0.000000,
                -0.056900,14.235814,-2.088086, 1.000000;;
              }
              Frame Armature_mixamorig_Head {
                FrameTransformMatrix {
                   0.993772,-0.061389, 0.093002, 0.000000,
                   0.096051, 0.895015,-0.435572, 0.000000,
                  -0.056499, 0.441792, 0.895337, 0.000000,
                   0.000001, 3.280205, 0.313302, 1.000000;;
                }
                Frame Armature_mixamorig_HeadTop_End {
                  FrameTransformMatrix {
                     1.000000, 0.000000, 0.000000, 0.000000,
                     0.000000, 1.000000, 0.000000, 0.000000,
                    -0.000000,-0.000000, 1.000000, 0.000000,
                     0.000000,25.653503, 2.450503, 1.000000;;
                  }
                } // End of Armature_mixamorig_HeadTop_End
              } // End of Armature_mixamorig_Head
            } // End of Armature_mixamorig_Neck
            Frame Armature_mixamorig_RightShoulder {
              FrameTransformMatrix {
                 0.215802, 0.002613, 0.976433, 0.000000,
                -0.964245,-0.156961, 0.213528, 0.000000,
                 0.153820,-0.987601,-0.031353, 0.000000,
                -6.728799,11.756706,-2.058490, 1.000000;;
              }
              Frame Armature_mixamorig_RightArm {
                FrameTransformMatrix {
                   0.866136,-0.144857,-0.478356, 0.000000,
                   0.437334, 0.682988, 0.585036, 0.000000,
                   0.241965,-0.715923, 0.654911, 0.000000,
                  -0.000004,14.448806, 0.000009, 1.000000;;
                }
                Frame Armature_mixamorig_RightForeArm {
                  FrameTransformMatrix {
                     0.113476,-0.974689,-0.192624, 0.000000,
                     0.990785, 0.125443,-0.051074, 0.000000,
                     0.073944,-0.185053, 0.979943, 0.000000,
                    -0.000008,23.160295, 0.000009, 1.000000;;
                  }
                  Frame Armature_mixamorig_RightHand {
                    FrameTransformMatrix {
                       0.966829,-0.254652,-0.019825, 0.000000,
                       0.254120, 0.951168, 0.175221, 0.000000,
                      -0.025764,-0.174447, 0.984330, 0.000000,
                       0.000008,24.071709,-0.000005, 1.000000;;
                    }
                    Frame Armature_mixamorig_RightHandIndex1 {
                      FrameTransformMatrix {
                         0.998729, 0.050341,-0.002469, 0.000000,
                        -0.021905, 0.477655, 0.878274, 0.000000,
                         0.045393,-0.877104, 0.478150, 0.000000,
                         2.855497,14.669413, 0.399011, 1.000000;;
                      }
                      Frame Armature_mixamorig_RightHandIndex2 {
                        FrameTransformMatrix {
                           0.996871,-0.079029,-0.001457, 0.000000,
                           0.032722, 0.395833, 0.917739, 0.000000,
                          -0.071951,-0.914916, 0.397181, 0.000000,
                          -0.000005, 3.248600,-0.000008, 1.000000;;
                        }
                        Frame Armature_mixamorig_RightHandIndex3 {
                          FrameTransformMatrix {
                             0.999468, 0.005236, 0.032203, 0.000000,
                            -0.030395, 0.508175, 0.860717, 0.000000,
                            -0.011858,-0.861238, 0.508064, 0.000000,
                            -0.000010, 2.659598, 0.000001, 1.000000;;
                          }
                          Frame Armature_mixamorig_RightHandIndex4 {
                            FrameTransformMatrix {
                               1.000000,-0.000000,-0.000000, 0.000000,
                               0.000000, 1.000000,-0.000000, 0.000000,
                               0.000000, 0.000000, 1.000000, 0.000000,
                              -0.000008, 3.633100,-0.000004, 1.000000;;
                            }
                          } // End of Armature_mixamorig_RightHandIndex4
                        } // End of Armature_mixamorig_RightHandIndex3
                      } // End of Armature_mixamorig_RightHandIndex2
                    } // End of Armature_mixamorig_RightHandIndex1
                    Frame Armature_mixamorig_RightHandMiddle1 {
                      FrameTransformMatrix {
                         0.999736,-0.000171,-0.022970, 0.000000,
                         0.021401, 0.370172, 0.928716, 0.000000,
                         0.008344,-0.928963, 0.370079, 0.000000,
                        -0.000002,14.409807, 0.000002, 1.000000;;
                      }
                      Frame Armature_mixamorig_RightHandMiddle2 {
                        FrameTransformMatrix {
                           0.996114,-0.087998,-0.003724, 0.000000,
                           0.012155, 0.095465, 0.995358, 0.000000,
                          -0.087235,-0.991535, 0.096164, 0.000000,
                          -0.000005, 3.259093, 0.000001, 1.000000;;
                        }
                        Frame Armature_mixamorig_RightHandMiddle3 {
                          FrameTransformMatrix {
                             0.999641, 0.021989, 0.015299, 0.000000,
                            -0.026769, 0.841138, 0.540157, 0.000000,
                            -0.000991,-0.540373, 0.841425, 0.000000,
                             0.000007, 2.639809, 0.000000, 1.000000;;
                          }
                          Frame Armature_mixamorig_RightHandMiddle4 {
                            FrameTransformMatrix {
                               1.000000,-0.000000,-0.000000, 0.000000,
                               0.000000, 1.000000, 0.000000, 0.000000,
                              -0.000000, 0.000000, 1.000000, 0.000000,
                               0.000010, 3.673902, 0.000000, 1.000000;;
                            }
                          } // End of Armature_mixamorig_RightHandMiddle4
                        } // End of Armature_mixamorig_RightHandMiddle3
                      } // End of Armature_mixamorig_RightHandMiddle2
                    } // End of Armature_mixamorig_RightHandMiddle1
                    Frame Armature_mixamorig_RightHandPinky1 {
                      FrameTransformMatrix {
                         0.997426,-0.004354,-0.071564, 0.000000,
                         0.071695, 0.056400, 0.995831, 0.000000,
                        -0.000300,-0.998399, 0.056567, 0.000000,
                        -5.921999,11.636408, 0.516995, 1.000000;;
                      }
                      Frame Armature_mixamorig_RightHandPinky2 {
                        FrameTransformMatrix {
                           0.999994,-0.003052,-0.001570, 0.000000,
                           0.003053, 0.581893, 0.813259, 0.000000,
                          -0.001568,-0.813259, 0.581899, 0.000000,
                           0.000014, 1.559298, 0.000002, 1.000000;;
                        }
                        Frame Armature_mixamorig_RightHandPinky3 {
                          FrameTransformMatrix {
                             0.999998,-0.001636,-0.000375, 0.000000,
                             0.001635, 0.900092, 0.435696, 0.000000,
                            -0.000375,-0.435696, 0.900094, 0.000000,
                            -0.000004, 1.540609, 0.000002, 1.000000;;
                          }
                          Frame Armature_mixamorig_RightHandPinky4 {
                            FrameTransformMatrix {
                               1.000000, 0.000000, 0.000000, 0.000000,
                              -0.000000, 1.000000, 0.000000, 0.000000,
                               0.000000,-0.000000, 1.000000, 0.000000,
                              -0.000000, 1.668691, 0.000004, 1.000000;;
                            }
                          } // End of Armature_mixamorig_RightHandPinky4
                        } // End of Armature_mixamorig_RightHandPinky3
                      } // End of Armature_mixamorig_RightHandPinky2
                    } // End of Armature_mixamorig_RightHandPinky1
                    Frame Armature_mixamorig_RightHandRing1 {
                      FrameTransformMatrix {
                         0.996862, 0.078038, 0.013230, 0.000000,
                        -0.027664, 0.186897, 0.981990, 0.000000,
                         0.074159,-0.979275, 0.188469, 0.000000,
                        -3.304899,13.191504,-0.321996, 1.000000;;
                      }
                      Frame Armature_mixamorig_RightHandRing2 {
                        FrameTransformMatrix {
                           0.999644,-0.022419,-0.014452, 0.000000,
                           0.020302, 0.288066, 0.957395, 0.000000,
                          -0.017301,-0.957348, 0.288419, 0.000000,
                          -0.000010, 2.717607, 0.000000, 1.000000;;
                        }
                        Frame Armature_mixamorig_RightHandRing3 {
                          FrameTransformMatrix {
                             0.999813, 0.019266,-0.001728, 0.000000,
                            -0.013851, 0.775388, 0.631333, 0.000000,
                             0.013503,-0.631191, 0.775510, 0.000000,
                            -0.000010, 2.134500, 0.000002, 1.000000;;
                          }
                          Frame Armature_mixamorig_RightHandRing4 {
                            FrameTransformMatrix {
                               1.000000,-0.000000, 0.000000, 0.000000,
                               0.000000, 1.000000,-0.000000, 0.000000,
                               0.000000, 0.000000, 1.000000, 0.000000,
                               0.000001, 2.786797,-0.000001, 1.000000;;
                            }
                          } // End of Armature_mixamorig_RightHandRing4
                        } // End of Armature_mixamorig_RightHandRing3
                      } // End of Armature_mixamorig_RightHandRing2
                    } // End of Armature_mixamorig_RightHandRing1
                    Frame Armature_mixamorig_RightHandThumb1 {
                      FrameTransformMatrix {
                         0.976822,-0.104942, 0.186561, 0.000000,
                        -0.093487, 0.574892, 0.812871, 0.000000,
                        -0.192557,-0.811471, 0.551757, 0.000000,
                         1.508999, 4.173406, 1.926997, 1.000000;;
                      }
                      Frame Armature_mixamorig_RightHandThumb2 {
                        FrameTransformMatrix {
                           0.951158, 0.004528, 0.308670, 0.000000,
                           0.055871, 0.980855,-0.186552, 0.000000,
                          -0.303606, 0.194686, 0.932696, 0.000000,
                          -0.000009, 3.870405,-0.000003, 1.000000;;
                        }
                        Frame Armature_mixamorig_RightHandThumb3 {
                          FrameTransformMatrix {
                             0.926980, 0.227167,-0.298502, 0.000000,
                            -0.296699, 0.930932,-0.212921, 0.000000,
                             0.229516, 0.285939, 0.930355, 0.000000,
                            -0.000004, 4.710296,-0.000000, 1.000000;;
                          }
                          Frame Armature_mixamorig_RightHandThumb4 {
                            FrameTransformMatrix {
                               1.000000, 0.000000,-0.000001, 0.000000,
                              -0.000000, 1.000000, 0.000000, 0.000000,
                               0.000001,-0.000000, 1.000000, 0.000000,
                               0.000002, 3.830408,-0.000005, 1.000000;;
                            }
                          } // End of Armature_mixamorig_RightHandThumb4
                        } // End of Armature_mixamorig_RightHandThumb3
                      } // End of Armature_mixamorig_RightHandThumb2
                    } // End of Armature_mixamorig_RightHandThumb1
                  } // End of Armature_mixamorig_RightHand
                } // End of Armature_mixamorig_RightForeArm
              } // End of Armature_mixamorig_RightArm
            } // End of Armature_mixamorig_RightShoulder
          } // End of Armature_mixamorig_Spine2
        } // End of Armature_mixamorig_Spine1
      } // End of Armature_mixamorig_Spine
    } // End of Armature_mixamorig_Hips
  } // End of Armature
} // End of Root
AnimationSet Global {
  Animation {
    {Armature}
    AnimationKey { // Rotation
      0;
      43;
      0;4;-0.707107, 0.707107, 0.000000, 0.000000;;,
      1;4;-0.707107, 0.707107, 0.000000, 0.000000;;,
      2;4;-0.707107, 0.707107, 0.000000, 0.000000;;,
      3;4;-0.707107, 0.707107, 0.000000, 0.000000;;,
      4;4;-0.707107, 0.707107, 0.000000, 0.000000;;,
      5;4;-0.707107, 0.707107, 0.000000, 0.000000;;,
      6;4;-0.707107, 0.707107, 0.000000, 0.000000;;,
      7;4;-0.707107, 0.707107, 0.000000, 0.000000;;,
      8;4;-0.707107, 0.707107, 0.000000, 0.000000;;,
      9;4;-0.707107, 0.707107, 0.000000, 0.000000;;,
      10;4;-0.707107, 0.707107, 0.000000, 0.000000;;,
      11;4;-0.707107, 0.707107, 0.000000, 0.000000;;,
      12;4;-0.707107, 0.707107, 0.000000, 0.000000;;,
      13;4;-0.707107, 0.707107, 0.000000, 0.000000;;,
      14;4;-0.707107, 0.707107, 0.000000, 0.000000;;,
      15;4;-0.707107, 0.707107, 0.000000, 0.000000;;,
      16;4;-0.707107, 0.707107, 0.000000, 0.000000;;,
      17;4;-0.707107, 0.707107, 0.000000, 0.000000;;,
      18;4;-0.707107, 0.707107, 0.000000, 0.000000;;,
      19;4;-0.707107, 0.707107, 0.000000, 0.000000;;,
      20;4;-0.707107, 0.707107, 0.000000, 0.000000;;,
      21;4;-0.707107, 0.707107, 0.000000, 0.000000;;,
      22;4;-0.707107, 0.707107, 0.000000, 0.000000;;,
      23;4;-0.707107, 0.707107, 0.000000, 0.000000;;,
      24;4;-0.707107, 0.707107, 0.000000, 0.000000;;,
      25;4;-0.707107, 0.707107, 0.000000, 0.000000;;,
      26;4;-0.707107, 0.707107, 0.000000, 0.000000;;,
      27;4;-0.707107, 0.707107, 0.000000, 0.000000;;,
      28;4;-0.707107, 0.707107, 0.000000, 0.000000;;,
      29;4;-0.707107, 0.707107, 0.000000, 0.000000;;,
      30;4;-0.707107, 0.707107, 0.000000, 0.000000;;,
      31;4;-0.707107, 0.707107, 0.000000, 0.000000;;,
      32;4;-0.707107, 0.707107, 0.000000, 0.000000;;,
      33;4;-0.707107, 0.707107, 0.000000, 0.000000;;,
      34;4;-0.707107, 0.707107, 0.000000, 0.000000;;,
      35;4;-0.707107, 0.707107, 0.000000, 0.000000;;,
      36;4;-0.707107, 0.707107, 0.000000, 0.000000;;,
      37;4;-0.707107, 0.707107, 0.000000, 0.000000;;,
      38;4;-0.707107, 0.707107, 0.000000, 0.000000;;,
      39;4;-0.707107, 0.707107, 0.000000, 0.000000;;,
      40;4;-0.707107, 0.707107, 0.000000, 0.000000;;,
      41;4;-0.707107, 0.707107, 0.000000, 0.000000;;,
      42;4;-0.707107, 0.707107, 0.000000, 0.000000;;;
    }
    AnimationKey { // Scale
      1;
      43;
      0;3; 0.100000, 0.100000, 0.100000;;,
      1;3; 0.100000, 0.100000, 0.100000;;,
      2;3; 0.100000, 0.100000, 0.100000;;,
      3;3; 0.100000, 0.100000, 0.100000;;,
      4;3; 0.100000, 0.100000, 0.100000;;,
      5;3; 0.100000, 0.100000, 0.100000;;,
      6;3; 0.100000, 0.100000, 0.100000;;,
      7;3; 0.100000, 0.100000, 0.100000;;,
      8;3; 0.100000, 0.100000, 0.100000;;,
      9;3; 0.100000, 0.100000, 0.100000;;,
      10;3; 0.100000, 0.100000, 0.100000;;,
      11;3; 0.100000, 0.100000, 0.100000;;,
      12;3; 0.100000, 0.100000, 0.100000;;,
      13;3; 0.100000, 0.100000, 0.100000;;,
      14;3; 0.100000, 0.100000, 0.100000;;,
      15;3; 0.100000, 0.100000, 0.100000;;,
      16;3; 0.100000, 0.100000, 0.100000;;,
      17;3; 0.100000, 0.100000, 0.100000;;,
      18;3; 0.100000, 0.100000, 0.100000;;,
      19;3; 0.100000, 0.100000, 0.100000;;,
      20;3; 0.100000, 0.100000, 0.100000;;,
      21;3; 0.100000, 0.100000, 0.100000;;,
      22;3; 0.100000, 0.100000, 0.100000;;,
      23;3; 0.100000, 0.100000, 0.100000;;,
      24;3; 0.100000, 0.100000, 0.100000;;,
      25;3; 0.100000, 0.100000, 0.100000;;,
      26;3; 0.100000, 0.100000, 0.100000;;,
      27;3; 0.100000, 0.100000, 0.100000;;,
      28;3; 0.100000, 0.100000, 0.100000;;,
      29;3; 0.100000, 0.100000, 0.100000;;,
      30;3; 0.100000, 0.100000, 0.100000;;,
      31;3; 0.100000, 0.100000, 0.100000;;,
      32;3; 0.100000, 0.100000, 0.100000;;,
      33;3; 0.100000, 0.100000, 0.100000;;,
      34;3; 0.100000, 0.100000, 0.100000;;,
      35;3; 0.100000, 0.100000, 0.100000;;,
      36;3; 0.100000, 0.100000, 0.100000;;,
      37;3; 0.100000, 0.100000, 0.100000;;,
      38;3; 0.100000, 0.100000, 0.100000;;,
      39;3; 0.100000, 0.100000, 0.100000;;,
      40;3; 0.100000, 0.100000, 0.100000;;,
      41;3; 0.100000, 0.100000, 0.100000;;,
      42;3; 0.100000, 0.100000, 0.100000;;;
    }
    AnimationKey { // Position
      2;
      43;
      0;3; 0.000000, 0.000000, 0.000000;;,
      1;3; 0.000000, 0.000000, 0.000000;;,
      2;3; 0.000000, 0.000000, 0.000000;;,
      3;3; 0.000000, 0.000000, 0.000000;;,
      4;3; 0.000000, 0.000000, 0.000000;;,
      5;3; 0.000000, 0.000000, 0.000000;;,
      6;3; 0.000000, 0.000000, 0.000000;;,
      7;3; 0.000000, 0.000000, 0.000000;;,
      8;3; 0.000000, 0.000000, 0.000000;;,
      9;3; 0.000000, 0.000000, 0.000000;;,
      10;3; 0.000000, 0.000000, 0.000000;;,
      11;3; 0.000000, 0.000000, 0.000000;;,
      12;3; 0.000000, 0.000000, 0.000000;;,
      13;3; 0.000000, 0.000000, 0.000000;;,
      14;3; 0.000000, 0.000000, 0.000000;;,
      15;3; 0.000000, 0.000000, 0.000000;;,
      16;3; 0.000000, 0.000000, 0.000000;;,
      17;3; 0.000000, 0.000000, 0.000000;;,
      18;3; 0.000000, 0.000000, 0.000000;;,
      19;3; 0.000000, 0.000000, 0.000000;;,
      20;3; 0.000000, 0.000000, 0.000000;;,
      21;3; 0.000000, 0.000000, 0.000000;;,
      22;3; 0.000000, 0.000000, 0.000000;;,
      23;3; 0.000000, 0.000000, 0.000000;;,
      24;3; 0.000000, 0.000000, 0.000000;;,
      25;3; 0.000000, 0.000000, 0.000000;;,
      26;3; 0.000000, 0.000000, 0.000000;;,
      27;3; 0.000000, 0.000000, 0.000000;;,
      28;3; 0.000000, 0.000000, 0.000000;;,
      29;3; 0.000000, 0.000000, 0.000000;;,
      30;3; 0.000000, 0.000000, 0.000000;;,
      31;3; 0.000000, 0.000000, 0.000000;;,
      32;3; 0.000000, 0.000000, 0.000000;;,
      33;3; 0.000000, 0.000000, 0.000000;;,
      34;3; 0.000000, 0.000000, 0.000000;;,
      35;3; 0.000000, 0.000000, 0.000000;;,
      36;3; 0.000000, 0.000000, 0.000000;;,
      37;3; 0.000000, 0.000000, 0.000000;;,
      38;3; 0.000000, 0.000000, 0.000000;;,
      39;3; 0.000000, 0.000000, 0.000000;;,
      40;3; 0.000000, 0.000000, 0.000000;;,
      41;3; 0.000000, 0.000000, 0.000000;;,
      42;3; 0.000000, 0.000000, 0.000000;;;
    }
  }
  Animation {
    {Armature_mixamorig_Hips}
    AnimationKey { // Rotation
      0;
      43;
      0;4;-0.980294, 0.170070,-0.095563, 0.031110;;,
      1;4;-0.980078, 0.165485,-0.102504, 0.039427;;,
      2;4;-0.979703, 0.165516,-0.104019, 0.044341;;,
      3;4;-0.979263, 0.168188,-0.102706, 0.047000;;,
      4;4;-0.978789, 0.173098,-0.098922, 0.047162;;,
      5;4;-0.978345, 0.178963,-0.093363, 0.045797;;,
      6;4;-0.978116, 0.184024,-0.086754, 0.043574;;,
      7;4;-0.978366, 0.186477,-0.079355, 0.041581;;,
      8;4;-0.979325, 0.185203,-0.071036, 0.039701;;,
      9;4;-0.980928, 0.179964,-0.062470, 0.038602;;,
      10;4;-0.982943, 0.171474,-0.054232, 0.038452;;,
      11;4;-0.985022, 0.161097,-0.047228, 0.039360;;,
      12;4;-0.986959, 0.150456,-0.040142, 0.040796;;,
      13;4;-0.988527, 0.141133,-0.032135, 0.043175;;,
      14;4;-0.989586, 0.134515,-0.022300, 0.046128;;,
      15;4;-0.990054, 0.131623,-0.010500, 0.048569;;,
      16;4;-0.989877, 0.132990, 0.002917, 0.049488;;,
      17;4;-0.989079, 0.138594, 0.017555, 0.046980;;,
      18;4;-0.987650, 0.147845, 0.032672, 0.040285;;,
      19;4;-0.985588, 0.159691, 0.047453, 0.029369;;,
      20;4;-0.982972, 0.172885, 0.060454, 0.014879;;,
      21;4;-0.979964, 0.186326, 0.070369,-0.000693;;,
      22;4;-0.976879, 0.199137, 0.076285,-0.015256;;,
      23;4;-0.974101, 0.210693, 0.077827,-0.026058;;,
      24;4;-0.972006, 0.220264, 0.075177,-0.032201;;,
      25;4;-0.970856, 0.226947, 0.069106,-0.034023;;,
      26;4;-0.970818, 0.229849, 0.060670,-0.031653;;,
      27;4;-0.971919, 0.228193, 0.050828,-0.026796;;,
      28;4;-0.974039, 0.221760, 0.040559,-0.020636;;,
      29;4;-0.976888, 0.211022, 0.030852,-0.014387;;,
      30;4;-0.980076, 0.197155, 0.022483,-0.008728;;,
      31;4;-0.983184, 0.181851, 0.016251,-0.003853;;,
      32;4;-0.985876, 0.167013, 0.012466,-0.000293;;,
      33;4;-0.987939, 0.154440, 0.011018, 0.001906;;,
      34;4;-0.989304, 0.145472, 0.010453, 0.002437;;,
      35;4;-0.990015, 0.140704, 0.008397, 0.001312;;,
      36;4;-0.990165, 0.139869, 0.003256,-0.000269;;,
      37;4;-0.989845, 0.142035,-0.005608,-0.001186;;,
      38;4;-0.989103, 0.146089,-0.018247,-0.000375;;,
      39;4;-0.987903, 0.151185,-0.034335, 0.003475;;,
      40;4;-0.986130, 0.156933,-0.053007, 0.010461;;,
      41;4;-0.983640, 0.163296,-0.073456, 0.019781;;,
      42;4;-0.980294, 0.170070,-0.095563, 0.031110;;;
    }
    AnimationKey { // Scale
      1;
      43;
      0;3; 1.000000, 1.000000, 1.000000;;,
      1;3; 1.000000, 1.000000, 1.000000;;,
      2;3; 1.000000, 1.000000, 1.000000;;,
      3;3; 1.000000, 1.000000, 1.000000;;,
      4;3; 1.000000, 1.000000, 1.000000;;,
      5;3; 1.000000, 1.000000, 1.000000;;,
      6;3; 1.000000, 1.000000, 1.000000;;,
      7;3; 1.000000, 1.000000, 1.000000;;,
      8;3; 1.000000, 1.000000, 1.000000;;,
      9;3; 1.000000, 1.000000, 1.000000;;,
      10;3; 1.000000, 1.000000, 1.000000;;,
      11;3; 1.000000, 1.000000, 1.000000;;,
      12;3; 1.000000, 1.000000, 1.000000;;,
      13;3; 1.000000, 1.000000, 1.000000;;,
      14;3; 1.000000, 1.000000, 1.000000;;,
      15;3; 1.000000, 1.000000, 1.000000;;,
      16;3; 1.000000, 1.000000, 1.000000;;,
      17;3; 1.000000, 1.000000, 1.000000;;,
      18;3; 1.000000, 1.000000, 1.000000;;,
      19;3; 1.000000, 1.000000, 1.000000;;,
      20;3; 1.000000, 1.000000, 1.000000;;,
      21;3; 1.000000, 1.000000, 1.000000;;,
      22;3; 1.000000, 1.000000, 1.000000;;,
      23;3; 1.000000, 1.000000, 1.000000;;,
      24;3; 1.000000, 1.000000, 1.000000;;,
      25;3; 1.000000, 1.000000, 1.000000;;,
      26;3; 1.000000, 1.000000, 1.000000;;,
      27;3; 1.000000, 1.000000, 1.000000;;,
      28;3; 1.000000, 1.000000, 1.000000;;,
      29;3; 1.000000, 1.000000, 1.000000;;,
      30;3; 1.000000, 1.000000, 1.000000;;,
      31;3; 1.000000, 1.000000, 1.000000;;,
      32;3; 1.000000, 1.000000, 1.000000;;,
      33;3; 1.000000, 1.000000, 1.000000;;,
      34;3; 1.000000, 1.000000, 1.000000;;,
      35;3; 1.000000, 1.000000, 1.000000;;,
      36;3; 1.000000, 1.000000, 1.000000;;,
      37;3; 1.000000, 1.000000, 1.000000;;,
      38;3; 1.000000, 1.000000, 1.000000;;,
      39;3; 1.000000, 1.000000, 1.000000;;,
      40;3; 1.000000, 1.000000, 1.000000;;,
      41;3; 1.000000, 1.000000, 1.000000;;,
      42;3; 1.000000, 1.000000, 1.000000;;;
    }
