xof 0303txt 0032

Frame Root {
  FrameTransformMatrix {
     1.000000, 0.000000, 0.000000, 0.000000,
     0.000000,-0.000000,-1.000000, 0.000000,
     0.000000, 1.000000,-0.000000, 0.000000,
     0.000000, 0.000000, 0.000000, 1.000000;;
  }
  Frame Armature {
    FrameTransformMatrix {
       0.100000, 0.000000, 0.000000, 0.000000,
       0.000000,-0.000000, 0.100000, 0.000000,
       0.000000,-0.100000,-0.000000, 0.000000,
       0.000000, 0.000000, 0.000000, 1.000000;;
    }
    Frame Armature_mixamorig_Hips {
      FrameTransformMatrix {
         0.636207, 0.042103, 0.770369, 0.000000,
        -0.128224, 0.990393, 0.051766, 0.000000,
        -0.760789,-0.131714, 0.635493, 0.000000,
        -0.557440,89.299553, 0.754240, 1.000000;;
      }
      Frame Armature_mixamorig_LeftUpLeg {
        FrameTransformMatrix {
          -0.655452, 0.035077, 0.754413, 0.000000,
           0.592538,-0.595484, 0.542487, 0.000000,
           0.468275, 0.802601, 0.369522, 0.000000,
           9.618302,-5.272308,-1.010902, 1.000000;;
        }
        Frame Armature_mixamorig_LeftLeg {
          FrameTransformMatrix {
             0.939215,-0.206372,-0.274383, 0.000000,
            -0.083312, 0.638302,-0.765264, 0.000000,
             0.333069, 0.741607, 0.582310, 0.000000,
            -0.000000,43.364990, 0.000010, 1.000000;;
          }
          Frame Armature_mixamorig_LeftFoot {
            FrameTransformMatrix {
               0.986468,-0.105644, 0.125379, 0.000000,
              -0.030785, 0.631770, 0.774544, 0.000000,
              -0.161037,-0.767923, 0.619969, 0.000000,
              -0.000002,44.493008,-0.000001, 1.000000;;
            }
            Frame Armature_mixamorig_LeftToeBase {
              FrameTransformMatrix {
                 0.994511,-0.102587,-0.020576, 0.000000,
                 0.089208, 0.728606, 0.679099, 0.000000,
                -0.054675,-0.677207, 0.733758, 0.000000,
                -0.000001,20.000114, 0.000005, 1.000000;;
              }
              Frame Armature_mixamorig_LeftToe_End {
                FrameTransformMatrix {
                   1.000000, 0.000000, 0.000000, 0.000000,
                  -0.000000, 1.000000, 0.000000, 0.000000,
                  -0.000000,-0.000000, 1.000000, 0.000000,
                  -0.000000,10.000107,-0.000000, 1.000000;;
                }
              } // End of Armature_mixamorig_LeftToe_End
            } // End of Armature_mixamorig_LeftToeBase
          } // End of Armature_mixamorig_LeftFoot
        } // End of Armature_mixamorig_LeftLeg
      } // End of Armature_mixamorig_LeftUpLeg
      Frame Armature_mixamorig_RightUpLeg {
        FrameTransformMatrix {
          -0.915132, 0.326871,-0.236036, 0.000000,
          -0.403118,-0.749740, 0.524889, 0.000000,
          -0.005393, 0.575366, 0.818098, 0.000000,
          -9.940999,-5.272411,-1.010901, 1.000000;;
        }
        Frame Armature_mixamorig_RightLeg {
          FrameTransformMatrix {
             0.992638,-0.042154, 0.113546, 0.000000,
             0.119188, 0.506689,-0.853850, 0.000000,
            -0.021539, 0.861098, 0.507983, 0.000000,
             0.000002,43.364796,-0.000005, 1.000000;;
          }
          Frame Armature_mixamorig_RightFoot {
            FrameTransformMatrix {
               0.928678, 0.368109, 0.045303, 0.000000,
              -0.114071, 0.167262, 0.979291, 0.000000,
               0.352908,-0.914614, 0.197323, 0.000000,
               0.000001,44.492779,-0.000003, 1.000000;;
            }
            Frame Armature_mixamorig_RightToeBase {
              FrameTransformMatrix {
                 0.995216, 0.087002,-0.044445, 0.000000,
                -0.036572, 0.753616, 0.656297, 0.000000,
                 0.090594,-0.651532, 0.753193, 0.000000,
                 0.000001,19.997450, 0.000002, 1.000000;;
              }
              Frame Armature_mixamorig_RightToe_End {
                FrameTransformMatrix {
                   1.000000,-0.000000, 0.000000, 0.000000,
                  -0.000000, 1.000000,-0.000000, 0.000000,
                  -0.000000, 0.000000, 1.000000, 0.000000,
                  -0.000004, 9.997511, 0.000000, 1.000000;;
                }
              } // End of Armature_mixamorig_RightToe_End
            } // End of Armature_mixamorig_RightToeBase
          } // End of Armature_mixamorig_RightFoot
        } // End of Armature_mixamorig_RightLeg
      } // End of Armature_mixamorig_RightUpLeg
      Frame Armature_mixamorig_Spine {
        FrameTransformMatrix {
           0.998161,-0.023411,-0.055910, 0.000000,
           0.025910, 0.998678, 0.044399, 0.000000,
           0.054796,-0.045766, 0.997448, 0.000000,
          -0.038099, 9.490492,-1.392102, 1.000000;;
        }
        Frame Armature_mixamorig_Spine1 {
          FrameTransformMatrix {
             0.992547,-0.048225,-0.111917, 0.000000,
             0.059505, 0.993232, 0.099745, 0.000000,
             0.106349,-0.105661, 0.988699, 0.000000,
            -0.000000,11.190792, 0.000003, 1.000000;;
          }
          Frame Armature_mixamorig_Spine2 {
            FrameTransformMatrix {
               0.992297,-0.052099,-0.112396, 0.000000,
               0.056764, 0.997637, 0.038707, 0.000000,
               0.110114,-0.044789, 0.992909, 0.000000,
              -0.000002,12.789490,-0.000002, 1.000000;;
            }
            Frame Armature_mixamorig_LeftShoulder {
              FrameTransformMatrix {
                 0.283532,-0.032610,-0.958408, 0.000000,
                 0.923546,-0.259820, 0.282058, 0.000000,
                -0.258211,-0.965106,-0.043550, 0.000000,
                 6.728798,11.756594,-2.058501, 1.000000;;
              }
              Frame Armature_mixamorig_LeftArm {
                FrameTransformMatrix {
                   0.982064,-0.001272, 0.188545, 0.000000,
                  -0.101496, 0.839166, 0.534321, 0.000000,
                  -0.158900,-0.543874, 0.823986, 0.000000,
                   0.000001,14.448807,-0.000011, 1.000000;;
                }
                Frame Armature_mixamorig_LeftForeArm {
                  FrameTransformMatrix {
                     0.829686, 0.435014, 0.349833, 0.000000,
                    -0.491813, 0.866096, 0.089433, 0.000000,
                    -0.264084,-0.246254, 0.932534, 0.000000,
                    -0.000004,23.160295, 0.000005, 1.000000;;
                  }
                  Frame Armature_mixamorig_LeftHand {
                    FrameTransformMatrix {
                       0.998095, 0.043826,-0.043419, 0.000000,
                      -0.048663, 0.991886,-0.117449, 0.000000,
                       0.037920, 0.119338, 0.992129, 0.000000,
                       0.000002,24.071802, 0.000001, 1.000000;;
                    }
                    Frame Armature_mixamorig_LeftHandIndex1 {
                      FrameTransformMatrix {
                         0.994700, 0.100569, 0.021406, 0.000000,
                        -0.100617, 0.994924, 0.001192, 0.000000,
                        -0.021177,-0.003340, 0.999770, 0.000000,
                        -2.855496,14.669406, 0.398795, 1.000000;;
                      }
                      Frame Armature_mixamorig_LeftHandIndex2 {
                        FrameTransformMatrix {
                           0.999991, 0.003449,-0.002338, 0.000000,
                          -0.003251, 0.996770, 0.080243, 0.000000,
                           0.002607,-0.080235, 0.996773, 0.000000,
                           0.000002, 3.248595,-0.000006, 1.000000;;
                        }
                        Frame Armature_mixamorig_LeftHandIndex3 {
                          FrameTransformMatrix {
                             0.999969, 0.007822,-0.000973, 0.000000,
                            -0.007626, 0.991258, 0.131714, 0.000000,
                             0.001995,-0.131702, 0.991287, 0.000000,
                            -0.000003, 2.659609,-0.000007, 1.000000;;
                          }
                          Frame Armature_mixamorig_LeftHandIndex4 {
                            FrameTransformMatrix {
                               1.000000,-0.000000, 0.000000, 0.000000,
                               0.000000, 1.000000, 0.000000, 0.000000,
                               0.000000,-0.000000, 1.000000, 0.000000,
                               0.000003, 3.633189, 0.000007, 1.000000;;
                            }
                          } // End of Armature_mixamorig_LeftHandIndex4
                        } // End of Armature_mixamorig_LeftHandIndex3
                      } // End of Armature_mixamorig_LeftHandIndex2
                    } // End of Armature_mixamorig_LeftHandIndex1
                    Frame Armature_mixamorig_LeftHandMiddle1 {
                      FrameTransformMatrix {
                         0.996150,-0.081302,-0.032780, 0.000000,
                         0.083633, 0.993483, 0.077444, 0.000000,
                         0.026270,-0.079888, 0.996458, 0.000000,
                        -0.000002,14.409802,-0.000002, 1.000000;;
                      }
                      Frame Armature_mixamorig_LeftHandMiddle2 {
                        FrameTransformMatrix {
                           0.999810, 0.017624,-0.008318, 0.000000,
                          -0.015303, 0.974272, 0.224856, 0.000000,
                           0.012067,-0.224686, 0.974356, 0.000000,
                          -0.000002, 3.259104, 0.000002, 1.000000;;
                        }
                        Frame Armature_mixamorig_LeftHandMiddle3 {
                          FrameTransformMatrix {
                             0.999664, 0.023500,-0.010966, 0.000000,
                            -0.019399, 0.958287, 0.285149, 0.000000,
                             0.017210,-0.284840, 0.958421, 0.000000,
                            -0.000002, 2.639897, 0.000004, 1.000000;;
                          }
                          Frame Armature_mixamorig_LeftHandMiddle4 {
                            FrameTransformMatrix {
                               1.000000, 0.000000, 0.000000, 0.000000,
                               0.000000, 1.000000, 0.000000, 0.000000,
                               0.000000,-0.000000, 1.000000, 0.000000,
                              -0.000001, 3.673911, 0.000003, 1.000000;;
                            }
                          } // End of Armature_mixamorig_LeftHandMiddle4
                        } // End of Armature_mixamorig_LeftHandMiddle3
                      } // End of Armature_mixamorig_LeftHandMiddle2
                    } // End of Armature_mixamorig_LeftHandMiddle1
                    Frame Armature_mixamorig_LeftHandPinky1 {
                      FrameTransformMatrix {
                         0.993338,-0.109839,-0.034868, 0.000000,
                         0.114859, 0.919041, 0.377056, 0.000000,
                        -0.009370,-0.378548, 0.925534, 0.000000,
                         5.614199,11.636397, 0.516600, 1.000000;;
                      }
                      Frame Armature_mixamorig_LeftHandPinky2 {
                        FrameTransformMatrix {
                           0.999892, 0.003678, 0.014231, 0.000000,
                          -0.007622, 0.957582, 0.288059, 0.000000,
                          -0.012568,-0.288136, 0.957507, 0.000000,
                           0.000000, 1.559402,-0.000003, 1.000000;;
                        }
                        Frame Armature_mixamorig_LeftHandPinky3 {
                          FrameTransformMatrix {
                             0.999241,-0.000332, 0.038957, 0.000000,
                            -0.021889, 0.822404, 0.568483, 0.000000,
                            -0.032227,-0.568904, 0.821772, 0.000000,
                             0.000001, 1.540603, 0.000001, 1.000000;;
                          }
                          Frame Armature_mixamorig_LeftHandPinky4 {
                            FrameTransformMatrix {
                               1.000000, 0.000000, 0.000000, 0.000000,
                              -0.000000, 1.000000, 0.000000, 0.000000,
                              -0.000000,-0.000000, 1.000000, 0.000000,
                              -0.000001, 1.668696,-0.000001, 1.000000;;
                            }
                          } // End of Armature_mixamorig_LeftHandPinky4
                        } // End of Armature_mixamorig_LeftHandPinky3
                      } // End of Armature_mixamorig_LeftHandPinky2
                    } // End of Armature_mixamorig_LeftHandPinky1
                    Frame Armature_mixamorig_LeftHandRing1 {
                      FrameTransformMatrix {
                         0.989036,-0.138118,-0.052259, 0.000000,
                         0.146626, 0.960562, 0.236265, 0.000000,
                         0.017566,-0.241338, 0.970282, 0.000000,
                         3.304901,13.191499,-0.322001, 1.000000;;
                      }
                      Frame Armature_mixamorig_LeftHandRing2 {
                        FrameTransformMatrix {
                           0.999875, 0.009881, 0.012357, 0.000000,
                          -0.013350, 0.946063, 0.323707, 0.000000,
                          -0.008492,-0.323831, 0.946077, 0.000000,
                          -0.000002, 2.717604,-0.000010, 1.000000;;
                        }
                        Frame Armature_mixamorig_LeftHandRing3 {
                          FrameTransformMatrix {
                             0.999844, 0.012304, 0.012676, 0.000000,
                            -0.016163, 0.926731, 0.375378, 0.000000,
                            -0.007129,-0.375524, 0.926785, 0.000000,
                             0.000001, 2.134501, 0.000000, 1.000000;;
                          }
                          Frame Armature_mixamorig_LeftHandRing4 {
                            FrameTransformMatrix {
                               1.000000, 0.000000, 0.000000, 0.000000,
                               0.000000, 1.000000, 0.000000, 0.000000,
                              -0.000000,-0.000000, 1.000000, 0.000000,
                              -0.000008, 2.786880, 0.000004, 1.000000;;
                            }
                          } // End of Armature_mixamorig_LeftHandRing4
                        } // End of Armature_mixamorig_LeftHandRing3
                      } // End of Armature_mixamorig_LeftHandRing2
                    } // End of Armature_mixamorig_LeftHandRing1
                    Frame Armature_mixamorig_LeftHandThumb1 {
                      FrameTransformMatrix {
                         0.683382, 0.626457,-0.374888, 0.000000,
                        -0.470858, 0.770632, 0.429440, 0.000000,
                         0.557927,-0.116952, 0.821608, 0.000000,
                        -1.509002, 4.173403, 1.926500, 1.000000;;
                      }
                      Frame Armature_mixamorig_LeftHandThumb2 {
                        FrameTransformMatrix {
                           0.976163,-0.133678, 0.170985, 0.000000,
                           0.113206, 0.985757, 0.124372, 0.000000,
                          -0.185175,-0.102051, 0.977392, 0.000000,
                          -0.000005, 3.870402, 0.000000, 1.000000;;
                        }
                        Frame Armature_mixamorig_LeftHandThumb3 {
                          FrameTransformMatrix {
                             0.985902,-0.166920,-0.011571, 0.000000,
                             0.167313, 0.984156, 0.058686, 0.000000,
                             0.001592,-0.059795, 0.998209, 0.000000,
                             0.000002, 4.710598, 0.000000, 1.000000;;
                          }
                          Frame Armature_mixamorig_LeftHandThumb4 {
                            FrameTransformMatrix {
                               1.000000, 0.000000,-0.000000, 0.000000,
                              -0.000000, 1.000000,-0.000000, 0.000000,
                               0.000000, 0.000000, 1.000000, 0.000000,
                               0.000000, 3.830401, 0.000001, 1.000000;;
                            }
                          } // End of Armature_mixamorig_LeftHandThumb4
                        } // End of Armature_mixamorig_LeftHandThumb3
                      } // End of Armature_mixamorig_LeftHandThumb2
                    } // End of Armature_mixamorig_LeftHandThumb1
                  } // End of Armature_mixamorig_LeftHand
                } // End of Armature_mixamorig_LeftForeArm
              } // End of Armature_mixamorig_LeftArm
            } // End of Armature_mixamorig_LeftShoulder
            Frame Armature_mixamorig_Neck {
              FrameTransformMatrix {
                 0.986666, 0.001948,-0.162749, 0.000000,
                 0.004576, 0.999201, 0.039702, 0.000000,
                 0.162696,-0.039918, 0.985868, 0.000000,
                -0.056901,14.235800,-2.088099, 1.000000;;
              }
              Frame Armature_mixamorig_Head {
                FrameTransformMatrix {
                   0.917660,-0.089678,-0.387115, 0.000000,
                   0.056496, 0.993749,-0.096284, 0.000000,
                   0.393330, 0.066485, 0.916990, 0.000000,
                  -0.000001, 3.280185, 0.313303, 1.000000;;
                }
                Frame Armature_mixamorig_HeadTop_End {
                  FrameTransformMatrix {
                     1.000000, 0.000000, 0.000000, 0.000000,
                    -0.000000, 1.000000, 0.000000, 0.000000,
                     0.000000,-0.000000, 1.000000, 0.000000,
                    -0.000000,25.653507, 2.450497, 1.000000;;
                  }
                } // End of Armature_mixamorig_HeadTop_End
              } // End of Armature_mixamorig_Head
            } // End of Armature_mixamorig_Neck
            Frame Armature_mixamorig_RightShoulder {
              FrameTransformMatrix {
                 0.417167, 0.081492, 0.905168, 0.000000,
                -0.880910,-0.208710, 0.424778, 0.000000,
                 0.223534,-0.974576,-0.015279, 0.000000,
                -6.728800,11.756704,-2.058503, 1.000000;;
              }
              Frame Armature_mixamorig_RightArm {
                FrameTransformMatrix {
                   0.813069, 0.581231,-0.033011, 0.000000,
                  -0.404014, 0.604173, 0.686839, 0.000000,
                   0.419156,-0.545110, 0.726060, 0.000000,
                   0.000000,14.448808,-0.000001, 1.000000;;
                }
                Frame Armature_mixamorig_RightForeArm {
                  FrameTransformMatrix {
                     0.661911,-0.705053,-0.254508, 0.000000,
                     0.741067, 0.666550, 0.080814, 0.000000,
                     0.112664,-0.242100, 0.963688, 0.000000,
                     0.000002,23.160286,-0.000009, 1.000000;;
                  }
                  Frame Armature_mixamorig_RightHand {
                    FrameTransformMatrix {
                       0.812817,-0.582517, 0.001358, 0.000000,
                       0.577493, 0.806107, 0.129201, 0.000000,
                      -0.076357,-0.104233, 0.991617, 0.000000,
                       0.000005,24.071712, 0.000005, 1.000000;;
                    }
                    Frame Armature_mixamorig_RightHandIndex1 {
                      FrameTransformMatrix {
                         0.986236,-0.133553, 0.097475, 0.000000,
                         0.047426, 0.793267, 0.607024, 0.000000,
                        -0.158394,-0.594047, 0.788682, 0.000000,
                         2.855495,14.669409, 0.399005, 1.000000;;
                      }
                      Frame Armature_mixamorig_RightHandIndex2 {
                        FrameTransformMatrix {
                           0.997469,-0.069136, 0.016620, 0.000000,
                           0.009346, 0.359191, 0.933217, 0.000000,
                          -0.070489,-0.930700, 0.358928, 0.000000,
                          -0.000003, 3.248596,-0.000003, 1.000000;;
                        }
                        Frame Armature_mixamorig_RightHandIndex3 {
                          FrameTransformMatrix {
                             0.998454,-0.055101, 0.007313, 0.000000,
                             0.019226, 0.465791, 0.884686, 0.000000,
                            -0.052154,-0.883178, 0.466130, 0.000000,
                             0.000005, 2.659615,-0.000000, 1.000000;;
                          }
                          Frame Armature_mixamorig_RightHandIndex4 {
                            FrameTransformMatrix {
                               1.000000, 0.000000,-0.000000, 0.000000,
                              -0.000000, 1.000000, 0.000000, 0.000000,
                              -0.000000,-0.000000, 1.000000, 0.000000,
                               0.000011, 3.633094, 0.000007, 1.000000;;
                            }
                          } // End of Armature_mixamorig_RightHandIndex4
                        } // End of Armature_mixamorig_RightHandIndex3
                      } // End of Armature_mixamorig_RightHandIndex2
                    } // End of Armature_mixamorig_RightHandIndex1
                    Frame Armature_mixamorig_RightHandMiddle1 {
                      FrameTransformMatrix {
                         0.999391,-0.034762,-0.002957, 0.000000,
                         0.026674, 0.706714, 0.706996, 0.000000,
                        -0.022487,-0.706645, 0.707211, 0.000000,
                         0.000002,14.409804,-0.000004, 1.000000;;
                      }
                      Frame Armature_mixamorig_RightHandMiddle2 {
                        FrameTransformMatrix {
                           0.998054,-0.058333,-0.022016, 0.000000,
                           0.041962, 0.367263, 0.929170, 0.000000,
                          -0.046115,-0.928286, 0.368996, 0.000000,
                          -0.000005, 3.259089,-0.000007, 1.000000;;
                        }
                        Frame Armature_mixamorig_RightHandMiddle3 {
                          FrameTransformMatrix {
                             0.999299,-0.033369,-0.016977, 0.000000,
                             0.036308, 0.753100, 0.656904, 0.000000,
                            -0.009135,-0.657060, 0.753783, 0.000000,
                             0.000004, 2.639805,-0.000001, 1.000000;;
                          }
                          Frame Armature_mixamorig_RightHandMiddle4 {
                            FrameTransformMatrix {
                               1.000000, 0.000000, 0.000000, 0.000000,
                               0.000000, 1.000000,-0.000000, 0.000000,
                              -0.000000,-0.000000, 1.000000, 0.000000,
                               0.000011, 3.673911,-0.000001, 1.000000;;
                            }
                          } // End of Armature_mixamorig_RightHandMiddle4
                        } // End of Armature_mixamorig_RightHandMiddle3
                      } // End of Armature_mixamorig_RightHandMiddle2
                    } // End of Armature_mixamorig_RightHandMiddle1
                    Frame Armature_mixamorig_RightHandPinky1 {
                      FrameTransformMatrix {
                         0.977811, 0.161023,-0.134006, 0.000000,
                        -0.008473, 0.669554, 0.742715, 0.000000,
                         0.209319,-0.725099, 0.656062, 0.000000,
                        -5.921999,11.636402, 0.516992, 1.000000;;
                      }
                      Frame Armature_mixamorig_RightHandPinky2 {
                        FrameTransformMatrix {
                           0.999536,-0.028772,-0.009963, 0.000000,
                           0.027251, 0.699404, 0.714207, 0.000000,
                          -0.013581,-0.714148, 0.699863, 0.000000,
                          -0.000009, 1.559296, 0.000002, 1.000000;;
                        }
                        Frame Armature_mixamorig_RightHandPinky3 {
                          FrameTransformMatrix {
                             0.999844,-0.015128,-0.009113, 0.000000,
                             0.017561, 0.906317, 0.422232, 0.000000,
                             0.001872,-0.422327, 0.906442, 0.000000,
                             0.000004, 1.540610, 0.000004, 1.000000;;
                          }
                          Frame Armature_mixamorig_RightHandPinky4 {
                            FrameTransformMatrix {
                               1.000000, 0.000000, 0.000000, 0.000000,
                               0.000000, 1.000000, 0.000000, 0.000000,
                               0.000000,-0.000000, 1.000000, 0.000000,
                              -0.000003, 1.668695, 0.000002, 1.000000;;
                            }
                          } // End of Armature_mixamorig_RightHandPinky4
                        } // End of Armature_mixamorig_RightHandPinky3
                      } // End of Armature_mixamorig_RightHandPinky2
                    } // End of Armature_mixamorig_RightHandPinky1
                    Frame Armature_mixamorig_RightHandRing1 {
                      FrameTransformMatrix {
                         0.995315,-0.023464,-0.093798, 0.000000,
                         0.092207, 0.522250, 0.847793, 0.000000,
                         0.029093,-0.852470, 0.521966, 0.000000,
                        -3.304905,13.191500,-0.321997, 1.000000;;
                      }
                      Frame Armature_mixamorig_RightHandRing2 {
                        FrameTransformMatrix {
                           0.999422,-0.031045,-0.013864, 0.000000,
                           0.031077, 0.668701, 0.742882, 0.000000,
                          -0.013791,-0.742883, 0.669279, 0.000000,
                           0.000000, 2.717604,-0.000003, 1.000000;;
                        }
                        Frame Armature_mixamorig_RightHandRing3 {
                          FrameTransformMatrix {
                             0.999297,-0.034227,-0.015306, 0.000000,
                             0.032615, 0.592178, 0.805147, 0.000000,
                            -0.018494,-0.805080, 0.592878, 0.000000,
                            -0.000005, 2.134497,-0.000001, 1.000000;;
                          }
                          Frame Armature_mixamorig_RightHandRing4 {
                            FrameTransformMatrix {
                               1.000000, 0.000000,-0.000000, 0.000000,
                              -0.000000, 1.000000,-0.000000, 0.000000,
                              -0.000000, 0.000000, 1.000000, 0.000000,
                              -0.000001, 2.786803, 0.000001, 1.000000;;
                            }
                          } // End of Armature_mixamorig_RightHandRing4
                        } // End of Armature_mixamorig_RightHandRing3
                      } // End of Armature_mixamorig_RightHandRing2
                    } // End of Armature_mixamorig_RightHandRing1
                    Frame Armature_mixamorig_RightHandThumb1 {
                      FrameTransformMatrix {
                         0.168316,-0.684488, 0.709328, 0.000000,
                         0.403240, 0.704442, 0.584088, 0.000000,
                        -0.899482, 0.187718, 0.394582, 0.000000,
                         1.508997, 4.173401, 1.926992, 1.000000;;
                      }
                      Frame Armature_mixamorig_RightHandThumb2 {
                        FrameTransformMatrix {
                           0.966645, 0.187883,-0.174063, 0.000000,
                          -0.168866, 0.978501, 0.118409, 0.000000,
                           0.192568,-0.085066, 0.977590, 0.000000,
                          -0.000002, 3.870406, 0.000014, 1.000000;;
                        }
                        Frame Armature_mixamorig_RightHandThumb3 {
                          FrameTransformMatrix {
                             0.834257, 0.548569, 0.055562, 0.000000,
                            -0.546506, 0.809318, 0.215255, 0.000000,
                             0.073115,-0.209943, 0.974976, 0.000000,
                            -0.000003, 4.710298,-0.000011, 1.000000;;
                          }
                          Frame Armature_mixamorig_RightHandThumb4 {
                            FrameTransformMatrix {
                               1.000000, 0.000000,-0.000001, 0.000000,
                              -0.000000, 1.000000, 0.000000, 0.000000,
                               0.000001,-0.000000, 1.000000, 0.000000,
                              -0.000006, 3.830407,-0.000012, 1.000000;;
                            }
                          } // End of Armature_mixamorig_RightHandThumb4
                        } // End of Armature_mixamorig_RightHandThumb3
                      } // End of Armature_mixamorig_RightHandThumb2
                    } // End of Armature_mixamorig_RightHandThumb1
                  } // End of Armature_mixamorig_RightHand
                } // End of Armature_mixamorig_RightForeArm
              } // End of Armature_mixamorig_RightArm
            } // End of Armature_mixamorig_RightShoulder
          } // End of Armature_mixamorig_Spine2
        } // End of Armature_mixamorig_Spine1
      } // End of Armature_mixamorig_Spine
    } // End of Armature_mixamorig_Hips
  } // End of Armature
} // End of Root
AnimationSet Global {
  Animation {
    {Armature}
    AnimationKey { // Rotation
      0;
      103;
      0;4;-0.707107, 0.707107, 0.000000, 0.000000;;,
      1;4;-0.707107, 0.707107, 0.000000, 0.000000;;,
      2;4;-0.707107, 0.707107, 0.000000, 0.000000;;,
      3;4;-0.707107, 0.707107, 0.000000, 0.000000;;,
      4;4;-0.707107, 0.707107, 0.000000, 0.000000;;,
      5;4;-0.707107, 0.707107, 0.000000, 0.000000;;,
      6;4;-0.707107, 0.707107, 0.000000, 0.000000;;,
      7;4;-0.707107, 0.707107, 0.000000, 0.000000;;,
      8;4;-0.707107, 0.707107, 0.000000, 0.000000;;,
      9;4;-0.707107, 0.707107, 0.000000, 0.000000;;,
      10;4;-0.707107, 0.707107, 0.000000, 0.000000;;,
      11;4;-0.707107, 0.707107, 0.000000, 0.000000;;,
      12;4;-0.707107, 0.707107, 0.000000, 0.000000;;,
      13;4;-0.707107, 0.707107, 0.000000, 0.000000;;,
      14;4;-0.707107, 0.707107, 0.000000, 0.000000;;,
      15;4;-0.707107, 0.707107, 0.000000, 0.000000;;,
      16;4;-0.707107, 0.707107, 0.000000, 0.000000;;,
      17;4;-0.707107, 0.707107, 0.000000, 0.000000;;,
      18;4;-0.707107, 0.707107, 0.000000, 0.000000;;,
      19;4;-0.707107, 0.707107, 0.000000, 0.000000;;,
      20;4;-0.707107, 0.707107, 0.000000, 0.000000;;,
      21;4;-0.707107, 0.707107, 0.000000, 0.000000;;,
      22;4;-0.707107, 0.707107, 0.000000, 0.000000;;,
      23;4;-0.707107, 0.707107, 0.000000, 0.000000;;,
      24;4;-0.707107, 0.707107, 0.000000, 0.000000;;,
      25;4;-0.707107, 0.707107, 0.000000, 0.000000;;,
      26;4;-0.707107, 0.707107, 0.000000, 0.000000;;,
      27;4;-0.707107, 0.707107, 0.000000, 0.000000;;,
      28;4;-0.707107, 0.707107, 0.000000, 0.000000;;,
      29;4;-0.707107, 0.707107, 0.000000, 0.000000;;,
      30;4;-0.707107, 0.707107, 0.000000, 0.000000;;,
      31;4;-0.707107, 0.707107, 0.000000, 0.000000;;,
      32;4;-0.707107, 0.707107, 0.000000, 0.000000;;,
      33;4;-0.707107, 0.707107, 0.000000, 0.000000;;,
      34;4;-0.707107, 0.707107, 0.000000, 0.000000;;,
      35;4;-0.707107, 0.707107, 0.000000, 0.000000;;,
      36;4;-0.707107, 0.707107, 0.000000, 0.000000;;,
      37;4;-0.707107, 0.707107, 0.000000, 0.000000;;,
      38;4;-0.707107, 0.707107, 0.000000, 0.000000;;,
      39;4;-0.707107, 0.707107, 0.000000, 0.000000;;,
      40;4;-0.707107, 0.707107, 0.000000, 0.000000;;,
      41;4;-0.707107, 0.707107, 0.000000, 0.000000;;,
      42;4;-0.707107, 0.707107, 0.000000, 0.000000;;,
      43;4;-0.707107, 0.707107, 0.000000, 0.000000;;,
      44;4;-0.707107, 0.707107, 0.000000, 0.000000;;,
      45;4;-0.707107, 0.707107, 0.000000, 0.000000;;,
      46;4;-0.707107, 0.707107, 0.000000, 0.000000;;,
      47;4;-0.707107, 0.707107, 0.000000, 0.000000;;,
      48;4;-0.707107, 0.707107, 0.000000, 0.000000;;,
      49;4;-0.707107, 0.707107, 0.000000, 0.000000;;,
      50;4;-0.707107, 0.707107, 0.000000, 0.000000;;,
      51;4;-0.707107, 0.707107, 0.000000, 0.000000;;,
      52;4;-0.707107, 0.707107, 0.000000, 0.000000;;,
      53;4;-0.707107, 0.707107, 0.000000, 0.000000;;,
      54;4;-0.707107, 0.707107, 0.000000, 0.000000;;,
      55;4;-0.707107, 0.707107, 0.000000, 0.000000;;,
      56;4;-0.707107, 0.707107, 0.000000, 0.000000;;,
      57;4;-0.707107, 0.707107, 0.000000, 0.000000;;,
      58;4;-0.707107, 0.707107, 0.000000, 0.000000;;,
      59;4;-0.707107, 0.707107, 0.000000, 0.000000;;,
      60;4;-0.707107, 0.707107, 0.000000, 0.000000;;,
      61;4;-0.707107, 0.707107, 0.000000, 0.000000;;,
      62;4;-0.707107, 0.707107, 0.000000, 0.000000;;,
      63;4;-0.707107, 0.707107, 0.000000, 0.000000;;,
      64;4;-0.707107, 0.707107, 0.000000, 0.000000;;,
      65;4;-0.707107, 0.707107, 0.000000, 0.000000;;,
      66;4;-0.707107, 0.707107, 0.000000, 0.000000;;,
      67;4;-0.707107, 0.707107, 0.000000, 0.000000;;,
      68;4;-0.707107, 0.707107, 0.000000, 0.000000;;,
      69;4;-0.707107, 0.707107, 0.000000, 0.000000;;,
      70;4;-0.707107, 0.707107, 0.000000, 0.000000;;,
      71;4;-0.707107, 0.707107, 0.000000, 0.000000;;,
      72;4;-0.707107, 0.707107, 0.000000, 0.000000;;,
      73;4;-0.707107, 0.707107, 0.000000, 0.000000;;,
      74;4;-0.707107, 0.707107, 0.000000, 0.000000;;,
      75;4;-0.707107, 0.707107, 0.000000, 0.000000;;,
      76;4;-0.707107, 0.707107, 0.000000, 0.000000;;,
      77;4;-0.707107, 0.707107, 0.000000, 0.000000;;,
      78;4;-0.707107, 0.707107, 0.000000, 0.000000;;,
      79;4;-0.707107, 0.707107, 0.000000, 0.000000;;,
      80;4;-0.707107, 0.707107, 0.000000, 0.000000;;,
      81;4;-0.707107, 0.707107, 0.000000, 0.000000;;,
      82;4;-0.707107, 0.707107, 0.000000, 0.000000;;,
      83;4;-0.707107, 0.707107, 0.000000, 0.000000;;,
      84;4;-0.707107, 0.707107, 0.000000, 0.000000;;,
      85;4;-0.707107, 0.707107, 0.000000, 0.000000;;,
      86;4;-0.707107, 0.707107, 0.000000, 0.000000;;,
      87;4;-0.707107, 0.707107, 0.000000, 0.000000;;,
      88;4;-0.707107, 0.707107, 0.000000, 0.000000;;,
      89;4;-0.707107, 0.707107, 0.000000, 0.000000;;,
      90;4;-0.707107, 0.707107, 0.000000, 0.000000;;,
      91;4;-0.707107, 0.707107, 0.000000, 0.000000;;,
      92;4;-0.707107, 0.707107, 0.000000, 0.000000;;,
      93;4;-0.707107, 0.707107, 0.000000, 0.000000;;,
      94;4;-0.707107, 0.707107, 0.000000, 0.000000;;,
      95;4;-0.707107, 0.707107, 0.000000, 0.000000;;,
      96;4;-0.707107, 0.707107, 0.000000, 0.000000;;,
      97;4;-0.707107, 0.707107, 0.000000, 0.000000;;,
      98;4;-0.707107, 0.707107, 0.000000, 0.000000;;,
      99;4;-0.707107, 0.707107, 0.000000, 0.000000;;,
      100;4;-0.707107, 0.707107, 0.000000, 0.000000;;,
      101;4;-0.707107, 0.707107, 0.000000, 0.000000;;,
      102;4;-0.707107, 0.707107, 0.000000, 0.000000;;;
    }
    AnimationKey { // Scale
      1;
      103;
      0;3; 0.100000, 0.100000, 0.100000;;,
      1;3; 0.100000, 0.100000, 0.100000;;,
      2;3; 0.100000, 0.100000, 0.100000;;,
      3;3; 0.100000, 0.100000, 0.100000;;,
      4;3; 0.100000, 0.100000, 0.100000;;,
      5;3; 0.100000, 0.100000, 0.100000;;,
      6;3; 0.100000, 0.100000, 0.100000;;,
      7;3; 0.100000, 0.100000, 0.100000;;,
      8;3; 0.100000, 0.100000, 0.100000;;,
      9;3; 0.100000, 0.100000, 0.100000;;,
      10;3; 0.100000, 0.100000, 0.100000;;,
      11;3; 0.100000, 0.100000, 0.100000;;,
      12;3; 0.100000, 0.100000, 0.100000;;,
      13;3; 0.100000, 0.100000, 0.100000;;,
      14;3; 0.100000, 0.100000, 0.100000;;,
      15;3; 0.100000, 0.100000, 0.100000;;,
      16;3; 0.100000, 0.100000, 0.100000;;,
      17;3; 0.100000, 0.100000, 0.100000;;,
      18;3; 0.100000, 0.100000, 0.100000;;,
      19;3; 0.100000, 0.100000, 0.100000;;,
      20;3; 0.100000, 0.100000, 0.100000;;,
      21;3; 0.100000, 0.100000, 0.100000;;,
      22;3; 0.100000, 0.100000, 0.100000;;,
      23;3; 0.100000, 0.100000, 0.100000;;,
      24;3; 0.100000, 0.100000, 0.100000;;,
      25;3; 0.100000, 0.100000, 0.100000;;,
      26;3; 0.100000, 0.100000, 0.100000;;,
      27;3; 0.100000, 0.100000, 0.100000;;,
      28;3; 0.100000, 0.100000, 0.100000;;,
      29;3; 0.100000, 0.100000, 0.100000;;,
      30;3; 0.100000, 0.100000, 0.100000;;,
      31;3; 0.100000, 0.100000, 0.100000;;,
      32;3; 0.100000, 0.100000, 0.100000;;,
      33;3; 0.100000, 0.100000, 0.100000;;,
      34;3; 0.100000, 0.100000, 0.100000;;,
      35;3; 0.100000, 0.100000, 0.100000;;,
      36;3; 0.100000, 0.100000, 0.100000;;,
      37;3; 0.100000, 0.100000, 0.100000;;,
      38;3; 0.100000, 0.100000, 0.100000;;,
      39;3; 0.100000, 0.100000, 0.100000;;,
      40;3; 0.100000, 0.100000, 0.100000;;,
      41;3; 0.100000, 0.100000, 0.100000;;,
      42;3; 0.100000, 0.100000, 0.100000;;,
      43;3; 0.100000, 0.100000, 0.100000;;,
      44;3; 0.100000, 0.100000, 0.100000;;,
      45;3; 0.100000, 0.100000, 0.100000;;,
      46;3; 0.100000, 0.100000, 0.100000;;,
      47;3; 0.100000, 0.100000, 0.100000;;,
      48;3; 0.100000, 0.100000, 0.100000;;,
      49;3; 0.100000, 0.100000, 0.100000;;,
      50;3; 0.100000, 0.100000, 0.100000;;,
      51;3; 0.100000, 0.100000, 0.100000;;,
      52;3; 0.100000, 0.100000, 0.100000;;,
      53;3; 0.100000, 0.100000, 0.100000;;,
      54;3; 0.100000, 0.100000, 0.100000;;,
      55;3; 0.100000, 0.100000, 0.100000;;,
      56;3; 0.100000, 0.100000, 0.100000;;,
      57;3; 0.100000, 0.100000, 0.100000;;,
      58;3; 0.100000, 0.100000, 0.100000;;,
      59;3; 0.100000, 0.100000, 0.100000;;,
      60;3; 0.100000, 0.100000, 0.100000;;,
      61;3; 0.100000, 0.100000, 0.100000;;,
      62;3; 0.100000, 0.100000, 0.100000;;,
      63;3; 0.100000, 0.100000, 0.100000;;,
      64;3; 0.100000, 0.100000, 0.100000;;,
      65;3; 0.100000, 0.100000, 0.100000;;,
      66;3; 0.100000, 0.100000, 0.100000;;,
      67;3; 0.100000, 0.100000, 0.100000;;,
      68;3; 0.100000, 0.100000, 0.100000;;,
      69;3; 0.100000, 0.100000, 0.100000;;,
      70;3; 0.100000, 0.100000, 0.100000;;,
      71;3; 0.100000, 0.100000, 0.100000;;,
      72;3; 0.100000, 0.100000, 0.100000;;,
      73;3; 0.100000, 0.100000, 0.100000;;,
      74;3; 0.100000, 0.100000, 0.100000;;,
      75;3; 0.100000, 0.100000, 0.100000;;,
      76;3; 0.100000, 0.100000, 0.100000;;,
      77;3; 0.100000, 0.100000, 0.100000;;,
      78;3; 0.100000, 0.100000, 0.100000;;,
      79;3; 0.100000, 0.100000, 0.100000;;,
      80;3; 0.100000, 0.100000, 0.100000;;,
      81;3; 0.100000, 0.100000, 0.100000;;,
      82;3; 0.100000, 0.100000, 0.100000;;,
      83;3; 0.100000, 0.100000, 0.100000;;,
      84;3; 0.100000, 0.100000, 0.100000;;,
      85;3; 0.100000, 0.100000, 0.100000;;,
      86;3; 0.100000, 0.100000, 0.100000;;,
      87;3; 0.100000, 0.100000, 0.100000;;,
      88;3; 0.100000, 0.100000, 0.100000;;,
      89;3; 0.100000, 0.100000, 0.100000;;,
      90;3; 0.100000, 0.100000, 0.100000;;,
      91;3; 0.100000, 0.100000, 0.100000;;,
      92;3; 0.100000, 0.100000, 0.100000;;,
      93;3; 0.100000, 0.100000, 0.100000;;,
      94;3; 0.100000, 0.100000, 0.100000;;,
      95;3; 0.100000, 0.100000, 0.100000;;,
      96;3; 0.100000, 0.100000, 0.100000;;,
      97;3; 0.100000, 0.100000, 0.100000;;,
      98;3; 0.100000, 0.100000, 0.100000;;,
      99;3; 0.100000, 0.100000, 0.100000;;,
      100;3; 0.100000, 0.100000, 0.100000;;,
      101;3; 0.100000, 0.100000, 0.100000;;,
      102;3; 0.100000, 0.100000, 0.100000;;;
    }
    AnimationKey { // Position
      2;
      103;
      0;3; 0.000000, 0.000000, 0.000000;;,
      1;3; 0.000000, 0.000000, 0.000000;;,
      2;3; 0.000000, 0.000000, 0.000000;;,
      3;3; 0.000000, 0.000000, 0.000000;;,
      4;3; 0.000000, 0.000000, 0.000000;;,
      5;3; 0.000000, 0.000000, 0.000000;;,
      6;3; 0.000000, 0.000000, 0.000000;;,
      7;3; 0.000000, 0.000000, 0.000000;;,
