xof 0303txt 0032

Frame Root {
  FrameTransformMatrix {
     1.000000, 0.000000, 0.000000, 0.000000,
     0.000000,-0.000000,-1.000000, 0.000000,
     0.000000, 1.000000,-0.000000, 0.000000,
     0.000000, 0.000000, 0.000000, 1.000000;;
  }
  Frame Armature {
    FrameTransformMatrix {
       0.100000, 0.000000, 0.000000, 0.000000,
       0.000000,-0.000000, 0.100000, 0.000000,
       0.000000,-0.100000,-0.000000, 0.000000,
       0.000000, 0.000000, 0.000000, 1.000000;;
    }
    Frame Armature_mixamorig_Hips {
      FrameTransformMatrix {
         0.398477,-0.027178, 0.916776, 0.000000,
        -0.170180, 0.980013, 0.103022, 0.000000,
        -0.901252,-0.197069, 0.385888, 0.000000,
         0.006036,76.947021, 0.991151, 1.000000;;
      }
      Frame Armature_mixamorig_LeftUpLeg {
        FrameTransformMatrix {
          -0.834245,-0.295669, 0.465414, 0.000000,
           0.541537,-0.280454, 0.792509, 0.000000,
          -0.103794, 0.913195, 0.394078, 0.000000,
           9.618301,-5.272303,-1.010899, 1.000000;;
        }
        Frame Armature_mixamorig_LeftLeg {
          FrameTransformMatrix {
             0.951348,-0.299775,-0.071222, 0.000000,
            -0.018686, 0.174593,-0.984463, 0.000000,
             0.307552, 0.937898, 0.160497, 0.000000,
            -0.000002,43.364994,-0.000003, 1.000000;;
          }
          Frame Armature_mixamorig_LeftFoot {
            FrameTransformMatrix {
               0.964473,-0.253861, 0.073113, 0.000000,
               0.010307, 0.312705, 0.949795, 0.000000,
              -0.263979,-0.915298, 0.304212, 0.000000,
               0.000000,44.493015, 0.000001, 1.000000;;
            }
            Frame Armature_mixamorig_LeftToeBase {
              FrameTransformMatrix {
                 0.999058,-0.040714,-0.015034, 0.000000,
                 0.039920, 0.726107, 0.686422, 0.000000,
                -0.017031,-0.686375, 0.727048, 0.000000,
                 0.000001,20.000109,-0.000000, 1.000000;;
              }
              Frame Armature_mixamorig_LeftToe_End {
                FrameTransformMatrix {
                   1.000000, 0.000000, 0.000000, 0.000000,
                  -0.000000, 1.000000, 0.000000, 0.000000,
                  -0.000000,-0.000000, 1.000000, 0.000000,
                   0.000003,10.000114,-0.000000, 1.000000;;
                }
              } // End of Armature_mixamorig_LeftToe_End
            } // End of Armature_mixamorig_LeftToeBase
          } // End of Armature_mixamorig_LeftFoot
        } // End of Armature_mixamorig_LeftLeg
      } // End of Armature_mixamorig_LeftUpLeg
      Frame Armature_mixamorig_RightUpLeg {
        FrameTransformMatrix {
          -0.598114, 0.593446,-0.538716, 0.000000,
          -0.753240,-0.645770, 0.124962, 0.000000,
          -0.273658, 0.480421, 0.833473, 0.000000,
          -9.941000,-5.272391,-1.010900, 1.000000;;
        }
        Frame Armature_mixamorig_RightLeg {
          FrameTransformMatrix {
             0.981723, 0.048429, 0.184049, 0.000000,
             0.035999, 0.902368,-0.429461, 0.000000,
            -0.186878, 0.428237, 0.884132, 0.000000,
            -0.000002,43.364796, 0.000002, 1.000000;;
          }
          Frame Armature_mixamorig_RightFoot {
            FrameTransformMatrix {
               0.819495, 0.566879,-0.084122, 0.000000,
              -0.262004, 0.501147, 0.824746, 0.000000,
               0.509688,-0.653835, 0.559212, 0.000000,
              -0.000005,44.492775,-0.000003, 1.000000;;
            }
            Frame Armature_mixamorig_RightToeBase {
              FrameTransformMatrix {
                 0.937801, 0.272450,-0.215176, 0.000000,
                -0.066131, 0.748633, 0.659678, 0.000000,
                 0.340817,-0.604417, 0.720086, 0.000000,
                 0.000002,19.997450, 0.000001, 1.000000;;
              }
              Frame Armature_mixamorig_RightToe_End {
                FrameTransformMatrix {
                   1.000000, 0.000000, 0.000000, 0.000000,
                   0.000000, 1.000000,-0.000000, 0.000000,
                  -0.000000, 0.000000, 1.000000, 0.000000,
                  -0.000012, 9.997506, 0.000001, 1.000000;;
                }
              } // End of Armature_mixamorig_RightToe_End
            } // End of Armature_mixamorig_RightToeBase
          } // End of Armature_mixamorig_RightFoot
        } // End of Armature_mixamorig_RightLeg
      } // End of Armature_mixamorig_RightUpLeg
      Frame Armature_mixamorig_Spine {
        FrameTransformMatrix {
           0.951370,-0.140598,-0.274095, 0.000000,
           0.132222, 0.990013,-0.048896, 0.000000,
           0.278232, 0.010276, 0.960459, 0.000000,
          -0.038100, 9.490504,-1.392098, 1.000000;;
        }
        Frame Armature_mixamorig_Spine1 {
          FrameTransformMatrix {
             0.999098,-0.034757,-0.024400, 0.000000,
             0.037602, 0.991072, 0.127919, 0.000000,
             0.019736,-0.128721, 0.991485, 0.000000,
            -0.000001,11.190806, 0.000000, 1.000000;;
          }
          Frame Armature_mixamorig_Spine2 {
            FrameTransformMatrix {
               0.979674, 0.075173, 0.185979, 0.000000,
              -0.105435, 0.981699, 0.158590, 0.000000,
              -0.170654,-0.174976, 0.969670, 0.000000,
              -0.000001,12.789513,-0.000005, 1.000000;;
            }
            Frame Armature_mixamorig_LeftShoulder {
              FrameTransformMatrix {
                 0.214626, 0.034182,-0.976098, 0.000000,
                 0.971384, 0.096624, 0.216973, 0.000000,
                 0.101731,-0.994734,-0.012466, 0.000000,
                 6.728800,11.756608,-2.058504, 1.000000;;
              }
              Frame Armature_mixamorig_LeftArm {
                FrameTransformMatrix {
                   0.909025, 0.350533, 0.225387, 0.000000,
                  -0.327337, 0.935299,-0.134414, 0.000000,
                  -0.257921, 0.048408, 0.964952, 0.000000,
                   0.000000,14.448810,-0.000001, 1.000000;;
                }
                Frame Armature_mixamorig_LeftForeArm {
                  FrameTransformMatrix {
                    -0.146968, 0.210198, 0.966549, 0.000000,
                    -0.982761, 0.079778,-0.166782, 0.000000,
                    -0.112166,-0.974398, 0.194849, 0.000000,
                     0.000002,23.160286, 0.000008, 1.000000;;
                  }
                  Frame Armature_mixamorig_LeftHand {
                    FrameTransformMatrix {
                       0.999725,-0.015888,-0.017249, 0.000000,
                       0.016500, 0.999219, 0.035903, 0.000000,
                       0.016665,-0.036177, 0.999206, 0.000000,
                      -0.000000,24.071795, 0.000001, 1.000000;;
                    }
                    Frame Armature_mixamorig_LeftHandIndex1 {
                      FrameTransformMatrix {
                         0.988747, 0.135985, 0.062354, 0.000000,
                        -0.082832, 0.150559, 0.985125, 0.000000,
                         0.124574,-0.979204, 0.160129, 0.000000,
                        -2.855501,14.669406, 0.398798, 1.000000;;
                      }
                      Frame Armature_mixamorig_LeftHandIndex2 {
                        FrameTransformMatrix {
                           0.997070, 0.076496,-0.000118, 0.000000,
                          -0.029214, 0.382212, 0.923613, 0.000000,
                           0.070698,-0.920903, 0.383327, 0.000000,
                           0.000007, 3.248593,-0.000003, 1.000000;;
                        }
                        Frame Armature_mixamorig_LeftHandIndex3 {
                          FrameTransformMatrix {
                             0.999409,-0.011674,-0.032334, 0.000000,
                             0.034375, 0.349022, 0.936484, 0.000000,
                             0.000352,-0.937042, 0.349217, 0.000000,
                            -0.000001, 2.659616, 0.000003, 1.000000;;
                          }
                          Frame Armature_mixamorig_LeftHandIndex4 {
                            FrameTransformMatrix {
                               1.000000, 0.000000,-0.000000, 0.000000,
                              -0.000000, 1.000000, 0.000000, 0.000000,
                               0.000000,-0.000000, 1.000000, 0.000000,
                              -0.000003, 3.633184, 0.000005, 1.000000;;
                            }
                          } // End of Armature_mixamorig_LeftHandIndex4
                        } // End of Armature_mixamorig_LeftHandIndex3
                      } // End of Armature_mixamorig_LeftHandIndex2
                    } // End of Armature_mixamorig_LeftHandIndex1
                    Frame Armature_mixamorig_LeftHandMiddle1 {
                      FrameTransformMatrix {
                         0.994538,-0.042224, 0.095452, 0.000000,
                        -0.092919, 0.058355, 0.993962, 0.000000,
                        -0.047539,-0.997402, 0.054113, 0.000000,
                        -0.000003,14.409807,-0.000001, 1.000000;;
                      }
                      Frame Armature_mixamorig_LeftHandMiddle2 {
                        FrameTransformMatrix {
                           0.996338, 0.085492, 0.001154, 0.000000,
                          -0.020925, 0.230734, 0.972792, 0.000000,
                           0.082899,-0.969254, 0.231678, 0.000000,
                           0.000004, 3.259095, 0.000000, 1.000000;;
                        }
                        Frame Armature_mixamorig_LeftHandMiddle3 {
                          FrameTransformMatrix {
                             0.999614,-0.009081,-0.026251, 0.000000,
                             0.027720, 0.386748, 0.921769, 0.000000,
                             0.001782,-0.922141, 0.386850, 0.000000,
                            -0.000005, 2.639905,-0.000002, 1.000000;;
                          }
                          Frame Armature_mixamorig_LeftHandMiddle4 {
                            FrameTransformMatrix {
                               1.000000, 0.000000,-0.000000, 0.000000,
                              -0.000000, 1.000000, 0.000000, 0.000000,
                               0.000000,-0.000000, 1.000000, 0.000000,
                              -0.000000, 3.673910, 0.000004, 1.000000;;
                            }
                          } // End of Armature_mixamorig_LeftHandMiddle4
                        } // End of Armature_mixamorig_LeftHandMiddle3
                      } // End of Armature_mixamorig_LeftHandMiddle2
                    } // End of Armature_mixamorig_LeftHandMiddle1
                    Frame Armature_mixamorig_LeftHandPinky1 {
                      FrameTransformMatrix {
                         0.977772,-0.143650, 0.152731, 0.000000,
                        -0.143405, 0.073232, 0.986951, 0.000000,
                        -0.152960,-0.986915, 0.051004, 0.000000,
                         5.614198,11.636399, 0.516603, 1.000000;;
                      }
                      Frame Armature_mixamorig_LeftHandPinky2 {
                        FrameTransformMatrix {
                           0.999999, 0.001189, 0.000793, 0.000000,
                          -0.001088, 0.273814, 0.961782, 0.000000,
                           0.000926,-0.961782, 0.273815, 0.000000,
                           0.000001, 1.559405, 0.000002, 1.000000;;
                        }
                        Frame Armature_mixamorig_LeftHandPinky3 {
                          FrameTransformMatrix {
                             0.999999, 0.000923, 0.000286, 0.000000,
                            -0.000825, 0.661969, 0.749531, 0.000000,
                             0.000502,-0.749531, 0.661969, 0.000000,
                             0.000002, 1.540606,-0.000001, 1.000000;;
                          }
                          Frame Armature_mixamorig_LeftHandPinky4 {
                            FrameTransformMatrix {
                               1.000000, 0.000000,-0.000000, 0.000000,
                              -0.000000, 1.000000, 0.000000, 0.000000,
                              -0.000000,-0.000000, 1.000000, 0.000000,
                              -0.000005, 1.668703, 0.000003, 1.000000;;
                            }
                          } // End of Armature_mixamorig_LeftHandPinky4
                        } // End of Armature_mixamorig_LeftHandPinky3
                      } // End of Armature_mixamorig_LeftHandPinky2
                    } // End of Armature_mixamorig_LeftHandPinky1
                    Frame Armature_mixamorig_LeftHandRing1 {
                      FrameTransformMatrix {
                         0.994629,-0.068155, 0.077894, 0.000000,
                        -0.078562,-0.007167, 0.996884, 0.000000,
                        -0.067384,-0.997649,-0.012483, 0.000000,
                         3.304897,13.191504,-0.322001, 1.000000;;
                      }
                      Frame Armature_mixamorig_LeftHandRing2 {
                        FrameTransformMatrix {
                           0.999748, 0.011747, 0.019128, 0.000000,
                          -0.022396, 0.464624, 0.885224, 0.000000,
                           0.001512,-0.885430, 0.464771, 0.000000,
                          -0.000007, 2.717608, 0.000002, 1.000000;;
                        }
                        Frame Armature_mixamorig_LeftHandRing3 {
                          FrameTransformMatrix {
                             0.999784,-0.020719, 0.001725, 0.000000,
                             0.004583, 0.300559, 0.953752, 0.000000,
                            -0.020279,-0.953538, 0.300589, 0.000000,
                            -0.000008, 2.134503,-0.000000, 1.000000;;
                          }
                          Frame Armature_mixamorig_LeftHandRing4 {
                            FrameTransformMatrix {
                               1.000000,-0.000000, 0.000000, 0.000000,
                              -0.000000, 1.000000, 0.000000, 0.000000,
                              -0.000000,-0.000000, 1.000000, 0.000000,
                              -0.000001, 2.786891,-0.000000, 1.000000;;
                            }
                          } // End of Armature_mixamorig_LeftHandRing4
                        } // End of Armature_mixamorig_LeftHandRing3
                      } // End of Armature_mixamorig_LeftHandRing2
                    } // End of Armature_mixamorig_LeftHandRing1
                    Frame Armature_mixamorig_LeftHandThumb1 {
                      FrameTransformMatrix {
                         0.857972, 0.512606, 0.033459, 0.000000,
                        -0.403244, 0.631711, 0.662069, 0.000000,
                         0.318244,-0.581529, 0.748695, 0.000000,
                        -1.509001, 4.173406, 1.926504, 1.000000;;
                      }
                      Frame Armature_mixamorig_LeftHandThumb2 {
                        FrameTransformMatrix {
                           0.922590,-0.322810,-0.211235, 0.000000,
                           0.321783, 0.945960,-0.040200, 0.000000,
                           0.212797,-0.030884, 0.976608, 0.000000,
                          -0.000005, 3.870409,-0.000002, 1.000000;;
                        }
                        Frame Armature_mixamorig_LeftHandThumb3 {
                          FrameTransformMatrix {
                             0.590012, 0.029187,-0.806867, 0.000000,
                             0.439672, 0.826561, 0.351404, 0.000000,
                             0.677181,-0.562089, 0.474849, 0.000000,
                             0.000001, 4.710591, 0.000000, 1.000000;;
                          }
                          Frame Armature_mixamorig_LeftHandThumb4 {
                            FrameTransformMatrix {
                               1.000000, 0.000000,-0.000000, 0.000000,
                              -0.000000, 1.000000,-0.000000, 0.000000,
                               0.000000, 0.000000, 1.000000, 0.000000,
                              -0.000003, 3.830404,-0.000007, 1.000000;;
                            }
                          } // End of Armature_mixamorig_LeftHandThumb4
                        } // End of Armature_mixamorig_LeftHandThumb3
                      } // End of Armature_mixamorig_LeftHandThumb2
                    } // End of Armature_mixamorig_LeftHandThumb1
                  } // End of Armature_mixamorig_LeftHand
                } // End of Armature_mixamorig_LeftForeArm
              } // End of Armature_mixamorig_LeftArm
            } // End of Armature_mixamorig_LeftShoulder
            Frame Armature_mixamorig_Neck {
              FrameTransformMatrix {
                 0.930865, 0.116797,-0.346192, 0.000000,
                -0.086828, 0.991100, 0.100905, 0.000000,
                 0.354896,-0.063870, 0.932722, 0.000000,
                -0.056901,14.235818,-2.088102, 1.000000;;
              }
              Frame Armature_mixamorig_Head {
                FrameTransformMatrix {
                   0.789907,-0.401235,-0.463743, 0.000000,
                   0.205096, 0.885542,-0.416834, 0.000000,
                   0.577912, 0.234148, 0.781788, 0.000000,
                  -0.000004, 3.280204, 0.313299, 1.000000;;
                }
                Frame Armature_mixamorig_HeadTop_End {
                  FrameTransformMatrix {
                     1.000000,-0.000000,-0.000000, 0.000000,
                     0.000000, 1.000000, 0.000000, 0.000000,
                    -0.000000,-0.000000, 1.000000, 0.000000,
                    -0.000000,25.653505, 2.450498, 1.000000;;
                  }
                } // End of Armature_mixamorig_HeadTop_End
              } // End of Armature_mixamorig_Head
            } // End of Armature_mixamorig_Neck
            Frame Armature_mixamorig_RightShoulder {
              FrameTransformMatrix {
                -0.014605,-0.044186, 0.998916, 0.000000,
                -0.962707,-0.269293,-0.025988, 0.000000,
                 0.270150,-0.962044,-0.038605, 0.000000,
                -6.728801,11.756706,-2.058498, 1.000000;;
              }
              Frame Armature_mixamorig_RightArm {
                FrameTransformMatrix {
                   0.874394, 0.273922,-0.400501, 0.000000,
                   0.046722, 0.774041, 0.631409, 0.000000,
                   0.482961,-0.570813, 0.664019, 0.000000,
                   0.000005,14.448806,-0.000005, 1.000000;;
                }
                Frame Armature_mixamorig_RightForeArm {
                  FrameTransformMatrix {
                     0.879649,-0.226901, 0.418012, 0.000000,
                     0.198892, 0.973822, 0.110059, 0.000000,
                    -0.432042,-0.013674, 0.901750, 0.000000,
                     0.000001,23.160303,-0.000022, 1.000000;;
                  }
                  Frame Armature_mixamorig_RightHand {
                    FrameTransformMatrix {
                       0.998862,-0.047546, 0.003671, 0.000000,
                       0.047620, 0.998586,-0.023615, 0.000000,
                      -0.002543, 0.023763, 0.999714, 0.000000,
                       0.000004,24.071712, 0.000011, 1.000000;;
                    }
                    Frame Armature_mixamorig_RightHandIndex1 {
                      FrameTransformMatrix {
                         0.998714, 0.050631,-0.002458, 0.000000,
                        -0.022053, 0.477644, 0.878276, 0.000000,
                         0.045642,-0.877093, 0.478147, 0.000000,
                         2.855503,14.669401, 0.399014, 1.000000;;
                      }
                      Frame Armature_mixamorig_RightHandIndex2 {
                        FrameTransformMatrix {
                           0.996875,-0.078980,-0.001345, 0.000000,
                           0.032600, 0.395843, 0.917739, 0.000000,
                          -0.071951,-0.914916, 0.397181, 0.000000,
                           0.000000, 3.248597, 0.000001, 1.000000;;
                        }
                        Frame Armature_mixamorig_RightHandIndex3 {
                          FrameTransformMatrix {
                             0.999468, 0.005236, 0.032203, 0.000000,
                            -0.030395, 0.508175, 0.860717, 0.000000,
                            -0.011858,-0.861238, 0.508064, 0.000000,
                             0.000002, 2.659605, 0.000002, 1.000000;;
                          }
                          Frame Armature_mixamorig_RightHandIndex4 {
                            FrameTransformMatrix {
                               1.000000,-0.000000,-0.000000, 0.000000,
                              -0.000000, 1.000000,-0.000000, 0.000000,
                              -0.000000, 0.000000, 1.000000, 0.000000,
                               0.000002, 3.633098, 0.000011, 1.000000;;
                            }
                          } // End of Armature_mixamorig_RightHandIndex4
                        } // End of Armature_mixamorig_RightHandIndex3
                      } // End of Armature_mixamorig_RightHandIndex2
                    } // End of Armature_mixamorig_RightHandIndex1
                    Frame Armature_mixamorig_RightHandMiddle1 {
                      FrameTransformMatrix {
                         0.999742,-0.000381,-0.022721, 0.000000,
                         0.021247, 0.370196, 0.928710, 0.000000,
                         0.008058,-0.928953, 0.370109, 0.000000,
                         0.000002,14.409798, 0.000004, 1.000000;;
                      }
                      Frame Armature_mixamorig_RightHandMiddle2 {
                        FrameTransformMatrix {
                           0.996114,-0.087994,-0.003677, 0.000000,
                           0.012109, 0.095488, 0.995357, 0.000000,
                          -0.087234,-0.991534, 0.096182, 0.000000,
                           0.000002, 3.259096, 0.000004, 1.000000;;
                        }
                        Frame Armature_mixamorig_RightHandMiddle3 {
                          FrameTransformMatrix {
                             0.999638, 0.021894, 0.015601, 0.000000,
                            -0.026851, 0.841341, 0.539837, 0.000000,
                            -0.001306,-0.540061, 0.841625, 0.000000,
                             0.000001, 2.639811, 0.000002, 1.000000;;
                          }
                          Frame Armature_mixamorig_RightHandMiddle4 {
                            FrameTransformMatrix {
                               1.000000, 0.000000, 0.000000, 0.000000,
                               0.000000, 1.000000, 0.000000, 0.000000,
                               0.000000,-0.000000, 1.000000, 0.000000,
                               0.000003, 3.673905, 0.000008, 1.000000;;
                            }
                          } // End of Armature_mixamorig_RightHandMiddle4
                        } // End of Armature_mixamorig_RightHandMiddle3
                      } // End of Armature_mixamorig_RightHandMiddle2
                    } // End of Armature_mixamorig_RightHandMiddle1
                    Frame Armature_mixamorig_RightHandPinky1 {
                      FrameTransformMatrix {
                         0.997427,-0.004672,-0.071538, 0.000000,
                         0.071688, 0.056431, 0.995830, 0.000000,
                        -0.000615,-0.998396, 0.056621, 0.000000,
                        -5.921998,11.636398, 0.517000, 1.000000;;
                      }
                      Frame Armature_mixamorig_RightHandPinky2 {
                        FrameTransformMatrix {
                           0.999994,-0.003101,-0.001650, 0.000000,
                           0.003147, 0.581881, 0.813268, 0.000000,
                          -0.001562,-0.813268, 0.581887, 0.000000,
                          -0.000002, 1.559289,-0.000007, 1.000000;;
                        }
                        Frame Armature_mixamorig_RightHandPinky3 {
                          FrameTransformMatrix {
                             0.999999,-0.001704,-0.000334, 0.000000,
                             0.001679, 0.900090, 0.435702, 0.000000,
                            -0.000442,-0.435702, 0.900091, 0.000000,
                             0.000000, 1.540613, 0.000007, 1.000000;;
                          }
                          Frame Armature_mixamorig_RightHandPinky4 {
                            FrameTransformMatrix {
                               1.000000,-0.000000,-0.000000, 0.000000,
                               0.000000, 1.000000, 0.000000, 0.000000,
                              -0.000000,-0.000000, 1.000000, 0.000000,
                              -0.000005, 1.668690, 0.000010, 1.000000;;
                            }
                          } // End of Armature_mixamorig_RightHandPinky4
                        } // End of Armature_mixamorig_RightHandPinky3
                      } // End of Armature_mixamorig_RightHandPinky2
                    } // End of Armature_mixamorig_RightHandPinky1
                    Frame Armature_mixamorig_RightHandRing1 {
                      FrameTransformMatrix {
                         0.996876, 0.077877, 0.013184, 0.000000,
                        -0.027586, 0.186871, 0.981997, 0.000000,
                         0.074011,-0.979293, 0.188436, 0.000000,
                        -3.304899,13.191498,-0.321989, 1.000000;;
                      }
                      Frame Armature_mixamorig_RightHandRing2 {
                        FrameTransformMatrix {
                           0.999636,-0.022663,-0.014665, 0.000000,
                           0.020575, 0.287990, 0.957412, 0.000000,
                          -0.017474,-0.957365, 0.288351, 0.000000,
                          -0.000003, 2.717599, 0.000004, 1.000000;;
                        }
                        Frame Armature_mixamorig_RightHandRing3 {
                          FrameTransformMatrix {
                             0.999816, 0.019076,-0.001872, 0.000000,
                            -0.013611, 0.775376, 0.631353, 0.000000,
                             0.013495,-0.631211, 0.775493, 0.000000,
                             0.000000, 2.134493, 0.000000, 1.000000;;
                          }
                          Frame Armature_mixamorig_RightHandRing4 {
                            FrameTransformMatrix {
                               1.000000, 0.000000,-0.000000, 0.000000,
                              -0.000000, 1.000000,-0.000000, 0.000000,
                              -0.000000, 0.000000, 1.000000, 0.000000,
                              -0.000006, 2.786798, 0.000004, 1.000000;;
                            }
                          } // End of Armature_mixamorig_RightHandRing4
                        } // End of Armature_mixamorig_RightHandRing3
                      } // End of Armature_mixamorig_RightHandRing2
                    } // End of Armature_mixamorig_RightHandRing1
                    Frame Armature_mixamorig_RightHandThumb1 {
                      FrameTransformMatrix {
                         0.976822,-0.104942, 0.186561, 0.000000,
                        -0.093486, 0.574892, 0.812871, 0.000000,
                        -0.192557,-0.811472, 0.551757, 0.000000,
                         1.509003, 4.173392, 1.926999, 1.000000;;
                      }
                      Frame Armature_mixamorig_RightHandThumb2 {
                        FrameTransformMatrix {
                           0.951158, 0.004528, 0.308671, 0.000000,
                           0.055871, 0.980855,-0.186552, 0.000000,
                          -0.303606, 0.194686, 0.932695, 0.000000,
                           0.000001, 3.870415,-0.000007, 1.000000;;
                        }
                        Frame Armature_mixamorig_RightHandThumb3 {
                          FrameTransformMatrix {
                             0.927029, 0.227094,-0.298404, 0.000000,
                            -0.296605, 0.930953,-0.212960, 0.000000,
                             0.229438, 0.285928, 0.930378, 0.000000,
                            -0.000009, 4.710294,-0.000002, 1.000000;;
                          }
                          Frame Armature_mixamorig_RightHandThumb4 {
                            FrameTransformMatrix {
                               1.000000, 0.000000,-0.000001, 0.000000,
                              -0.000000, 1.000000, 0.000000, 0.000000,
                               0.000001,-0.000000, 1.000000, 0.000000,
                              -0.000002, 3.830407, 0.000000, 1.000000;;
                            }
                          } // End of Armature_mixamorig_RightHandThumb4
                        } // End of Armature_mixamorig_RightHandThumb3
                      } // End of Armature_mixamorig_RightHandThumb2
                    } // End of Armature_mixamorig_RightHandThumb1
                  } // End of Armature_mixamorig_RightHand
                } // End of Armature_mixamorig_RightForeArm
              } // End of Armature_mixamorig_RightArm
            } // End of Armature_mixamorig_RightShoulder
          } // End of Armature_mixamorig_Spine2
        } // End of Armature_mixamorig_Spine1
      } // End of Armature_mixamorig_Spine
    } // End of Armature_mixamorig_Hips
  } // End of Armature
} // End of Root
AnimationSet Global {
  Animation {
    {Armature}
    AnimationKey { // Rotation
      0;
      41;
      0;4;-0.707107, 0.707107, 0.000000, 0.000000;;,
      1;4;-0.707107, 0.707107, 0.000000, 0.000000;;,
      2;4;-0.707107, 0.707107, 0.000000, 0.000000;;,
      3;4;-0.707107, 0.707107, 0.000000, 0.000000;;,
      4;4;-0.707107, 0.707107, 0.000000, 0.000000;;,
      5;4;-0.707107, 0.707107, 0.000000, 0.000000;;,
      6;4;-0.707107, 0.707107, 0.000000, 0.000000;;,
      7;4;-0.707107, 0.707107, 0.000000, 0.000000;;,
      8;4;-0.707107, 0.707107, 0.000000, 0.000000;;,
      9;4;-0.707107, 0.707107, 0.000000, 0.000000;;,
      10;4;-0.707107, 0.707107, 0.000000, 0.000000;;,
      11;4;-0.707107, 0.707107, 0.000000, 0.000000;;,
      12;4;-0.707107, 0.707107, 0.000000, 0.000000;;,
      13;4;-0.707107, 0.707107, 0.000000, 0.000000;;,
      14;4;-0.707107, 0.707107, 0.000000, 0.000000;;,
      15;4;-0.707107, 0.707107, 0.000000, 0.000000;;,
      16;4;-0.707107, 0.707107, 0.000000, 0.000000;;,
      17;4;-0.707107, 0.707107, 0.000000, 0.000000;;,
      18;4;-0.707107, 0.707107, 0.000000, 0.000000;;,
      19;4;-0.707107, 0.707107, 0.000000, 0.000000;;,
      20;4;-0.707107, 0.707107, 0.000000, 0.000000;;,
      21;4;-0.707107, 0.707107, 0.000000, 0.000000;;,
      22;4;-0.707107, 0.707107, 0.000000, 0.000000;;,
      23;4;-0.707107, 0.707107, 0.000000, 0.000000;;,
      24;4;-0.707107, 0.707107, 0.000000, 0.000000;;,
      25;4;-0.707107, 0.707107, 0.000000, 0.000000;;,
      26;4;-0.707107, 0.707107, 0.000000, 0.000000;;,
      27;4;-0.707107, 0.707107, 0.000000, 0.000000;;,
      28;4;-0.707107, 0.707107, 0.000000, 0.000000;;,
      29;4;-0.707107, 0.707107, 0.000000, 0.000000;;,
      30;4;-0.707107, 0.707107, 0.000000, 0.000000;;,
      31;4;-0.707107, 0.707107, 0.000000, 0.000000;;,
      32;4;-0.707107, 0.707107, 0.000000, 0.000000;;,
      33;4;-0.707107, 0.707107, 0.000000, 0.000000;;,
      34;4;-0.707107, 0.707107, 0.000000, 0.000000;;,
      35;4;-0.707107, 0.707107, 0.000000, 0.000000;;,
      36;4;-0.707107, 0.707107, 0.000000, 0.000000;;,
      37;4;-0.707107, 0.707107, 0.000000, 0.000000;;,
      38;4;-0.707107, 0.707107, 0.000000, 0.000000;;,
      39;4;-0.707107, 0.707107, 0.000000, 0.000000;;,
      40;4;-0.707107, 0.707107, 0.000000, 0.000000;;;
    }
    AnimationKey { // Scale
      1;
      41;
      0;3; 0.100000, 0.100000, 0.100000;;,
      1;3; 0.100000, 0.100000, 0.100000;;,
      2;3; 0.100000, 0.100000, 0.100000;;,
      3;3; 0.100000, 0.100000, 0.100000;;,
      4;3; 0.100000, 0.100000, 0.100000;;,
      5;3; 0.100000, 0.100000, 0.100000;;,
      6;3; 0.100000, 0.100000, 0.100000;;,
      7;3; 0.100000, 0.100000, 0.100000;;,
      8;3; 0.100000, 0.100000, 0.100000;;,
      9;3; 0.100000, 0.100000, 0.100000;;,
      10;3; 0.100000, 0.100000, 0.100000;;,
      11;3; 0.100000, 0.100000, 0.100000;;,
      12;3; 0.100000, 0.100000, 0.100000;;,
      13;3; 0.100000, 0.100000, 0.100000;;,
      14;3; 0.100000, 0.100000, 0.100000;;,
      15;3; 0.100000, 0.100000, 0.100000;;,
      16;3; 0.100000, 0.100000, 0.100000;;,
      17;3; 0.100000, 0.100000, 0.100000;;,
      18;3; 0.100000, 0.100000, 0.100000;;,
      19;3; 0.100000, 0.100000, 0.100000;;,
      20;3; 0.100000, 0.100000, 0.100000;;,
      21;3; 0.100000, 0.100000, 0.100000;;,
      22;3; 0.100000, 0.100000, 0.100000;;,
      23;3; 0.100000, 0.100000, 0.100000;;,
      24;3; 0.100000, 0.100000, 0.100000;;,
      25;3; 0.100000, 0.100000, 0.100000;;,
      26;3; 0.100000, 0.100000, 0.100000;;,
      27;3; 0.100000, 0.100000, 0.100000;;,
      28;3; 0.100000, 0.100000, 0.100000;;,
      29;3; 0.100000, 0.100000, 0.100000;;,
      30;3; 0.100000, 0.100000, 0.100000;;,
      31;3; 0.100000, 0.100000, 0.100000;;,
      32;3; 0.100000, 0.100000, 0.100000;;,
      33;3; 0.100000, 0.100000, 0.100000;;,
      34;3; 0.100000, 0.100000, 0.100000;;,
      35;3; 0.100000, 0.100000, 0.100000;;,
      36;3; 0.100000, 0.100000, 0.100000;;,
      37;3; 0.100000, 0.100000, 0.100000;;,
      38;3; 0.100000, 0.100000, 0.100000;;,
      39;3; 0.100000, 0.100000, 0.100000;;,
      40;3; 0.100000, 0.100000, 0.100000;;;
    }
    AnimationKey { // Position
      2;
      41;
      0;3; 0.000000, 0.000000, 0.000000;;,
      1;3; 0.000000, 0.000000, 0.000000;;,
      2;3; 0.000000, 0.000000, 0.000000;;,
      3;3; 0.000000, 0.000000, 0.000000;;,
      4;3; 0.000000, 0.000000, 0.000000;;,
      5;3; 0.000000, 0.000000, 0.000000;;,
      6;3; 0.000000, 0.000000, 0.000000;;,
      7;3; 0.000000, 0.000000, 0.000000;;,
      8;3; 0.000000, 0.000000, 0.000000;;,
      9;3; 0.000000, 0.000000, 0.000000;;,
      10;3; 0.000000, 0.000000, 0.000000;;,
      11;3; 0.000000, 0.000000, 0.000000;;,
      12;3; 0.000000, 0.000000, 0.000000;;,
      13;3; 0.000000, 0.000000, 0.000000;;,
      14;3; 0.000000, 0.000000, 0.000000;;,
      15;3; 0.000000, 0.000000, 0.000000;;,
      16;3; 0.000000, 0.000000, 0.000000;;,
      17;3; 0.000000, 0.000000, 0.000000;;,
      18;3; 0.000000, 0.000000, 0.000000;;,
      19;3; 0.000000, 0.000000, 0.000000;;,
      20;3; 0.000000, 0.000000, 0.000000;;,
      21;3; 0.000000, 0.000000, 0.000000;;,
      22;3; 0.000000, 0.000000, 0.000000;;,
      23;3; 0.000000, 0.000000, 0.000000;;,
      24;3; 0.000000, 0.000000, 0.000000;;,
      25;3; 0.000000, 0.000000, 0.000000;;,
      26;3; 0.000000, 0.000000, 0.000000;;,
      27;3; 0.000000, 0.000000, 0.000000;;,
      28;3; 0.000000, 0.000000, 0.000000;;,
      29;3; 0.000000, 0.000000, 0.000000;;,
      30;3; 0.000000, 0.000000, 0.000000;;,
      31;3; 0.000000, 0.000000, 0.000000;;,
      32;3; 0.000000, 0.000000, 0.000000;;,
      33;3; 0.000000, 0.000000, 0.000000;;,
      34;3; 0.000000, 0.000000, 0.000000;;,
      35;3; 0.000000, 0.000000, 0.000000;;,
      36;3; 0.000000, 0.000000, 0.000000;;,
      37;3; 0.000000, 0.000000, 0.000000;;,
      38;3; 0.000000, 0.000000, 0.000000;;,
      39;3; 0.000000, 0.000000, 0.000000;;,
      40;3; 0.000000, 0.000000, 0.000000;;;
    }
  }
  Animation {
    {Armature_mixamorig_Hips}
    AnimationKey { // Rotation
      0;
      41;
      0;4;-0.831321, 0.090245,-0.546728, 0.043004;;,
      1;4;-0.831687, 0.089933,-0.546271, 0.042382;;,
      2;4;-0.832056, 0.089592,-0.545814, 0.041740;;,
      3;4;-0.832038, 0.088671,-0.546031, 0.041242;;,
      4;4;-0.831498, 0.086623,-0.547194, 0.041058;;,
      5;4;-0.830175, 0.084126,-0.549598, 0.040918;;,
      6;4;-0.827276, 0.081793,-0.554332, 0.040503;;,
      7;4;-0.823737, 0.078959,-0.560082, 0.039124;;,
      8;4;-0.819168, 0.075156,-0.567417, 0.036789;;,
      9;4;-0.814242, 0.070097,-0.575286, 0.033799;;,
      10;4;-0.809510, 0.064601,-0.582719, 0.030968;;,
      11;4;-0.806072, 0.059724,-0.588064, 0.029358;;,
      12;4;-0.803813, 0.055935,-0.591563, 0.028458;;,
      13;4;-0.803851, 0.054779,-0.591618, 0.028493;;,
      14;4;-0.807909, 0.056635,-0.585791, 0.030402;;,
      15;4;-0.814485, 0.059254,-0.576232, 0.032569;;,
      16;4;-0.822452, 0.061701,-0.564418, 0.034605;;,
      17;4;-0.832252, 0.062750,-0.549645, 0.036176;;,
      18;4;-0.841425, 0.063154,-0.535365, 0.037400;;,
      19;4;-0.846750, 0.063125,-0.526848, 0.038213;;,
      20;4;-0.850097, 0.063186,-0.521379, 0.038819;;,
      21;4;-0.852668, 0.063240,-0.517112, 0.039410;;,
      22;4;-0.854832, 0.063285,-0.513476, 0.040003;;,
      23;4;-0.856687, 0.063313,-0.510324, 0.040599;;,
      24;4;-0.857993, 0.063351,-0.508078, 0.041124;;,
      25;4;-0.859078, 0.063372,-0.506198, 0.041613;;,
      26;4;-0.860078, 0.063069,-0.504520, 0.041794;;,
      27;4;-0.860985, 0.062731,-0.503017, 0.041757;;,
      28;4;-0.861680, 0.062684,-0.501872, 0.041255;;,
      29;4;-0.862272, 0.062884,-0.500880, 0.040647;;,
      30;4;-0.862810, 0.063219,-0.499965, 0.039967;;,
      31;4;-0.863313, 0.063666,-0.499098, 0.039221;;,
      32;4;-0.863771, 0.064301,-0.498286, 0.038412;;,
      33;4;-0.864150, 0.065305,-0.497558, 0.037627;;,
      34;4;-0.864512, 0.066371,-0.496846, 0.036847;;,
      35;4;-0.864833, 0.067596,-0.496178, 0.036090;;,
      36;4;-0.865145, 0.068844,-0.495516, 0.035336;;,
      37;4;-0.865454, 0.070093,-0.494854, 0.034582;;,
      38;4;-0.865766, 0.071320,-0.494185, 0.033826;;,
      39;4;-0.866099, 0.072444,-0.493489, 0.033051;;,
      40;4;-0.866437, 0.073537,-0.492785, 0.032271;;;
    }
    AnimationKey { // Scale
      1;
      41;
      0;3; 1.000000, 1.000000, 1.000000;;,
      1;3; 1.000000, 1.000000, 1.000000;;,
      2;3; 1.000000, 1.000000, 1.000000;;,
      3;3; 1.000000, 1.000000, 1.000000;;,
      4;3; 1.000000, 1.000000, 1.000000;;,
      5;3; 1.000000, 1.000000, 1.000000;;,
      6;3; 1.000000, 1.000000, 1.000000;;,
      7;3; 1.000000, 1.000000, 1.000000;;,
      8;3; 1.000000, 1.000000, 1.000000;;,
      9;3; 1.000000, 1.000000, 1.000000;;,
      10;3; 1.000000, 1.000000, 1.000000;;,
      11;3; 1.000000, 1.000000, 1.000000;;,
      12;3; 1.000000, 1.000000, 1.000000;;,
      13;3; 1.000000, 1.000000, 1.000000;;,
      14;3; 1.000000, 1.000000, 1.000000;;,
      15;3; 1.000000, 1.000000, 1.000000;;,
      16;3; 1.000000, 1.000000, 1.000000;;,
      17;3; 1.000000, 1.000000, 1.000000;;,
      18;3; 1.000000, 1.000000, 1.000000;;,
      19;3; 1.000000, 1.000000, 1.000000;;,
      20;3; 1.000000, 1.000000, 1.000000;;,
      21;3; 1.000000, 1.000000, 1.000000;;,
      22;3; 1.000000, 1.000000, 1.000000;;,
      23;3; 1.000000, 1.000000, 1.000000;;,
      24;3; 1.000000, 1.000000, 1.000000;;,
      25;3; 1.000000, 1.000000, 1.000000;;,
      26;3; 1.000000, 1.000000, 1.000000;;,
      27;3; 1.000000, 1.000000, 1.000000;;,
      28;3; 1.000000, 1.000000, 1.000000;;,
      29;3; 1.000000, 1.000000, 1.000000;;,
      30;3; 1.000000, 1.000000, 1.000000;;,
      31;3; 1.000000, 1.000000, 1.000000;;,
      32;3; 1.000000, 1.000000, 1.000000;;,
      33;3; 1.000000, 1.000000, 1.000000;;,
      34;3; 1.000000, 1.000000, 1.000000;;,
      35;3; 1.000000, 1.000000, 1.000000;;,
      36;3; 1.000000, 1.000000, 1.000000;;,
      37;3; 1.000000, 1.000000, 1.000000;;,
      38;3; 1.000000, 1.000000, 1.000000;;,
      39;3; 1.000000, 1.000000, 1.000000;;,
      40;3; 1.000000, 1.000000, 1.000000;;;
    }
    AnimationKey { // Position
      2;
      41;
      0;3; 0.006036,76.947021, 0.991151;;,
      1;3;-0.078876,76.980766, 0.848728;;,
      2;3;-0.163691,77.014542, 0.706239;;,
      3;3;-0.273136,77.072197, 0.513276;;,
      4;3;-0.419651,77.160248, 0.244775;;,
      5;3;-0.606710,77.298576,-0.108018;;,
      6;3;-0.906150,77.541954,-0.604631;;,
      7;3;-1.227016,77.849457,-1.173515;;,
      8;3;-1.529493,78.255386,-1.873193;;,
      9;3;-1.921237,78.864868,-2.800756;;,
