xof 0303txt 0032

Frame Root {
  FrameTransformMatrix {
     1.000000, 0.000000, 0.000000, 0.000000,
     0.000000,-0.000000,-1.000000, 0.000000,
     0.000000, 1.000000,-0.000000, 0.000000,
     0.000000, 0.000000, 0.000000, 1.000000;;
  }
  Frame Armature {
    FrameTransformMatrix {
       0.100000, 0.000000, 0.000000, 0.000000,
       0.000000,-0.000000, 0.100000, 0.000000,
       0.000000,-0.100000,-0.000000, 0.000000,
       0.000000, 0.000000, 0.000000, 1.000000;;
    }
    Frame Armature_mixamorig_Hips {
      FrameTransformMatrix {
         0.978139,-0.018737, 0.207106, 0.000000,
         0.009901, 0.998999, 0.043618, 0.000000,
        -0.207716,-0.040613, 0.977346, 0.000000,
        -0.164577,102.700081, 1.213936, 1.000000;;
      }
      Frame Armature_mixamorig_LeftUpLeg {
        FrameTransformMatrix {
          -0.950784,-0.153913, 0.268972, 0.000000,
           0.233587,-0.926277, 0.295756, 0.000000,
           0.203584, 0.343980, 0.916817, 0.000000,
           9.618264,-5.272307,-1.010887, 1.000000;;
        }
        Frame Armature_mixamorig_LeftLeg {
          FrameTransformMatrix {
             0.995404, 0.064035, 0.071203, 0.000000,
            -0.024243, 0.887824,-0.459543, 0.000000,
            -0.092643, 0.455705, 0.885297, 0.000000,
             0.000001,43.364994,-0.000001, 1.000000;;
          }
          Frame Armature_mixamorig_LeftFoot {
            FrameTransformMatrix {
               0.971363,-0.145327, 0.187974, 0.000000,
              -0.073383, 0.568957, 0.819087, 0.000000,
              -0.225984,-0.809425, 0.541999, 0.000000,
              -0.000002,44.492844, 0.000000, 1.000000;;
            }
            Frame Armature_mixamorig_LeftToeBase {
              FrameTransformMatrix {
                 0.993167,-0.095687, 0.066800, 0.000000,
                 0.021647, 0.713545, 0.700275, 0.000000,
                -0.114672,-0.694045, 0.710740, 0.000000,
                 0.000001,19.998133, 0.000000, 1.000000;;
              }
              Frame Armature_mixamorig_LeftToe_End {
                FrameTransformMatrix {
                   1.000000,-0.000000,-0.000000, 0.000000,
                  -0.000000, 1.000000,-0.000000, 0.000000,
                   0.000000,-0.000000, 1.000000, 0.000000,
                  -0.000003, 9.998183,-0.000000, 1.000000;;
                }
              } // End of Armature_mixamorig_LeftToe_End
            } // End of Armature_mixamorig_LeftToeBase
          } // End of Armature_mixamorig_LeftFoot
        } // End of Armature_mixamorig_LeftLeg
      } // End of Armature_mixamorig_LeftUpLeg
      Frame Armature_mixamorig_RightUpLeg {
        FrameTransformMatrix {
          -0.982391, 0.081372,-0.168172, 0.000000,
          -0.118651,-0.967068, 0.225158, 0.000000,
          -0.144324, 0.241159, 0.959617, 0.000000,
          -9.940977,-5.272411,-1.010885, 1.000000;;
        }
        Frame Armature_mixamorig_RightLeg {
          FrameTransformMatrix {
             0.995532,-0.063369,-0.070008, 0.000000,
             0.022155, 0.877438,-0.479179, 0.000000,
             0.091792, 0.475487, 0.874921, 0.000000,
             0.000003,43.364841, 0.000000, 1.000000;;
          }
          Frame Armature_mixamorig_RightFoot {
            FrameTransformMatrix {
               0.988444, 0.117499,-0.095770, 0.000000,
               0.034166, 0.442844, 0.895947, 0.000000,
               0.147684,-0.888866, 0.433713, 0.000000,
               0.000001,44.493111,-0.000001, 1.000000;;
            }
            Frame Armature_mixamorig_RightToeBase {
              FrameTransformMatrix {
                 0.992703, 0.099500,-0.068116, 0.000000,
                -0.018632, 0.684679, 0.728606, 0.000000,
                 0.119134,-0.722020, 0.681537, 0.000000,
                -0.000001,20.000797, 0.000001, 1.000000;;
              }
              Frame Armature_mixamorig_RightToe_End {
                FrameTransformMatrix {
                   1.000000, 0.000000,-0.000000, 0.000000,
                  -0.000000, 1.000000,-0.000000, 0.000000,
                   0.000000,-0.000000, 1.000000, 0.000000,
                   0.000000,10.000779, 0.000000, 1.000000;;
                }
              } // End of Armature_mixamorig_RightToe_End
            } // End of Armature_mixamorig_RightToeBase
          } // End of Armature_mixamorig_RightFoot
        } // End of Armature_mixamorig_RightLeg
      } // End of Armature_mixamorig_RightUpLeg
      Frame Armature_mixamorig_Spine {
        FrameTransformMatrix {
           0.999283, 0.018281,-0.033165, 0.000000,
          -0.017647, 0.999658, 0.019309, 0.000000,
           0.033507,-0.018710, 0.999263, 0.000000,
          -0.038105, 9.490514,-1.392063, 1.000000;;
        }
        Frame Armature_mixamorig_Spine1 {
          FrameTransformMatrix {
             0.997413, 0.029371,-0.065608, 0.000000,
            -0.025993, 0.998321, 0.051760, 0.000000,
             0.067018,-0.049921, 0.996502, 0.000000,
            -0.000000,11.190846,-0.000000, 1.000000;;
          }
          Frame Armature_mixamorig_Spine2 {
            FrameTransformMatrix {
               0.997503, 0.025454,-0.065869, 0.000000,
              -0.026134, 0.999613,-0.009483, 0.000000,
               0.065602, 0.011181, 0.997783, 0.000000,
              -0.000000,12.789520,-0.000001, 1.000000;;
            }
            Frame Armature_mixamorig_LeftShoulder {
              FrameTransformMatrix {
                 0.002551,-0.023850,-0.999712, 0.000000,
                 0.953470,-0.301332, 0.009622, 0.000000,
                -0.301475,-0.953221, 0.021971, 0.000000,
                 6.728775,11.756631,-2.058461, 1.000000;;
              }
              Frame Armature_mixamorig_LeftArm {
                FrameTransformMatrix {
                   0.998022, 0.011118, 0.061883, 0.000000,
                  -0.059254, 0.495445, 0.866616, 0.000000,
                  -0.021024,-0.868568, 0.495123, 0.000000,
                  -0.000001,14.448795, 0.000025, 1.000000;;
                }
                Frame Armature_mixamorig_LeftForeArm {
                  FrameTransformMatrix {
                     0.962608, 0.270897, 0.000000, 0.000000,
                    -0.270897, 0.962608, 0.000002, 0.000000,
                     0.000000,-0.000002, 1.000000, 0.000000,
                    -0.000000,23.160309, 0.000002, 1.000000;;
                  }
                  Frame Armature_mixamorig_LeftHand {
                    FrameTransformMatrix {
                       0.999186,-0.002881,-0.040245, 0.000000,
                       0.006384, 0.996170, 0.087200, 0.000000,
                       0.039840,-0.087386, 0.995377, 0.000000,
                      -0.000000,24.071754,-0.000002, 1.000000;;
                    }
                    Frame Armature_mixamorig_LeftHandIndex1 {
                      FrameTransformMatrix {
                         0.997243, 0.074047,-0.004763, 0.000000,
                        -0.073548, 0.994933, 0.068552, 0.000000,
                         0.009815,-0.068013, 0.997636, 0.000000,
                        -2.855504,14.669357, 0.398768, 1.000000;;
                      }
                      Frame Armature_mixamorig_LeftHandIndex2 {
                        FrameTransformMatrix {
                           0.999902, 0.013869,-0.001701, 0.000000,
                          -0.012721, 0.953898, 0.299861, 0.000000,
                           0.005781,-0.299810, 0.953981, 0.000000,
                           0.000002, 3.248613, 0.000003, 1.000000;;
                        }
                        Frame Armature_mixamorig_LeftHandIndex3 {
                          FrameTransformMatrix {
                             0.999979, 0.006533, 0.000389, 0.000000,
                            -0.006523, 0.990072, 0.140406, 0.000000,
                             0.000532,-0.140406, 0.990094, 0.000000,
                             0.000008, 2.659581,-0.000000, 1.000000;;
                          }
                          Frame Armature_mixamorig_LeftHandIndex4 {
                            FrameTransformMatrix {
                               1.000000, 0.000000,-0.000000, 0.000000,
                              -0.000000, 1.000000,-0.000000, 0.000000,
                               0.000000, 0.000000, 1.000000, 0.000000,
                               0.000007, 3.633178,-0.000001, 1.000000;;
                            }
                          } // End of Armature_mixamorig_LeftHandIndex4
                        } // End of Armature_mixamorig_LeftHandIndex3
                      } // End of Armature_mixamorig_LeftHandIndex2
                    } // End of Armature_mixamorig_LeftHandIndex1
                    Frame Armature_mixamorig_LeftHandMiddle1 {
                      FrameTransformMatrix {
                         0.999435, 0.033314,-0.004342, 0.000000,
                        -0.031591, 0.975886, 0.215981, 0.000000,
                         0.011433,-0.215722, 0.976388, 0.000000,
                        -0.000017,14.409810, 0.000025, 1.000000;;
                      }
                      Frame Armature_mixamorig_LeftHandMiddle2 {
                        FrameTransformMatrix {
                           0.999880, 0.015339, 0.002215, 0.000000,
                          -0.015296, 0.953767, 0.300159, 0.000000,
                           0.002491,-0.300157, 0.953887, 0.000000,
                          -0.000000, 3.259077, 0.000000, 1.000000;;
                        }
                        Frame Armature_mixamorig_LeftHandMiddle3 {
                          FrameTransformMatrix {
                             0.999865, 0.016302, 0.002093, 0.000000,
                            -0.016125, 0.948307, 0.316944, 0.000000,
                             0.003182,-0.316935, 0.948442, 0.000000,
                             0.000004, 2.639879, 0.000000, 1.000000;;
                          }
                          Frame Armature_mixamorig_LeftHandMiddle4 {
                            FrameTransformMatrix {
                               1.000000, 0.000000,-0.000000, 0.000000,
                              -0.000000, 1.000000,-0.000000, 0.000000,
                               0.000000, 0.000000, 1.000000, 0.000000,
                               0.000003, 3.673873,-0.000002, 1.000000;;
                            }
                          } // End of Armature_mixamorig_LeftHandMiddle4
                        } // End of Armature_mixamorig_LeftHandMiddle3
                      } // End of Armature_mixamorig_LeftHandMiddle2
                    } // End of Armature_mixamorig_LeftHandMiddle1
                    Frame Armature_mixamorig_LeftHandPinky1 {
                      FrameTransformMatrix {
                         0.999866, 0.012228,-0.010857, 0.000000,
                        -0.006719, 0.912531, 0.408952, 0.000000,
                         0.014908,-0.408824, 0.912492, 0.000000,
                         5.614218,11.636353, 0.516562, 1.000000;;
                      }
                      Frame Armature_mixamorig_LeftHandPinky2 {
                        FrameTransformMatrix {
                           0.999864, 0.016497, 0.000430, 0.000000,
                          -0.015865, 0.953770, 0.300119, 0.000000,
                           0.004541,-0.300085, 0.953902, 0.000000,
                           0.000000, 1.559382,-0.000000, 1.000000;;
                        }
                        Frame Armature_mixamorig_LeftHandPinky3 {
                          FrameTransformMatrix {
                             0.999857, 0.014742, 0.008233, 0.000000,
                            -0.016477, 0.958388, 0.284993, 0.000000,
                            -0.003689,-0.285088, 0.958494, 0.000000,
                             0.000002, 1.540617,-0.000001, 1.000000;;
                          }
                          Frame Armature_mixamorig_LeftHandPinky4 {
                            FrameTransformMatrix {
                               1.000000, 0.000000,-0.000000, 0.000000,
                               0.000000, 1.000000, 0.000000, 0.000000,
                               0.000000,-0.000000, 1.000000, 0.000000,
                              -0.000000, 1.668721, 0.000006, 1.000000;;
                            }
                          } // End of Armature_mixamorig_LeftHandPinky4
                        } // End of Armature_mixamorig_LeftHandPinky3
                      } // End of Armature_mixamorig_LeftHandPinky2
                    } // End of Armature_mixamorig_LeftHandPinky1
                    Frame Armature_mixamorig_LeftHandRing1 {
                      FrameTransformMatrix {
                         0.999513, 0.030726,-0.005430, 0.000000,
                        -0.027549, 0.950729, 0.308798, 0.000000,
                         0.014650,-0.308498, 0.951112, 0.000000,
                         3.304941,13.191459,-0.322013, 1.000000;;
                      }
                      Frame Armature_mixamorig_LeftHandRing2 {
                        FrameTransformMatrix {
                           0.999813, 0.019030, 0.003392, 0.000000,
                          -0.018983, 0.933515, 0.358034, 0.000000,
                           0.003647,-0.358031, 0.933702, 0.000000,
                          -0.000004, 2.717633, 0.000005, 1.000000;;
                        }
                        Frame Armature_mixamorig_LeftHandRing3 {
                          FrameTransformMatrix {
                             0.999855, 0.017005, 0.000557, 0.000000,
                            -0.016350, 0.951303, 0.307824, 0.000000,
                             0.004705,-0.307788, 0.951443, 0.000000,
                             0.000003, 2.134463, 0.000004, 1.000000;;
                          }
                          Frame Armature_mixamorig_LeftHandRing4 {
                            FrameTransformMatrix {
                               1.000000, 0.000000,-0.000000, 0.000000,
                              -0.000000, 1.000000, 0.000006, 0.000000,
                               0.000000,-0.000006, 1.000000, 0.000000,
                               0.000000, 2.786889,-0.000005, 1.000000;;
                            }
                          } // End of Armature_mixamorig_LeftHandRing4
                        } // End of Armature_mixamorig_LeftHandRing3
                      } // End of Armature_mixamorig_LeftHandRing2
                    } // End of Armature_mixamorig_LeftHandRing1
                    Frame Armature_mixamorig_LeftHandThumb1 {
                      FrameTransformMatrix {
                         0.753100, 0.586347,-0.298391, 0.000000,
                        -0.530631, 0.809467, 0.251384, 0.000000,
                         0.388936,-0.030981, 0.920744, 0.000000,
                        -1.509050, 4.173384, 1.926538, 1.000000;;
                      }
                      Frame Armature_mixamorig_LeftHandThumb2 {
                        FrameTransformMatrix {
                           0.935085,-0.320052, 0.152261, 0.000000,
                           0.288953, 0.937189, 0.195406, 0.000000,
                          -0.205238,-0.138725, 0.968831, 0.000000,
                           0.000004, 3.870384, 0.000008, 1.000000;;
                        }
                        Frame Armature_mixamorig_LeftHandThumb3 {
                          FrameTransformMatrix {
                             0.997835,-0.065148, 0.009018, 0.000000,
                             0.064890, 0.997542, 0.026442, 0.000000,
                            -0.010718,-0.025799, 0.999610, 0.000000,
                            -0.000002, 4.710654,-0.000001, 1.000000;;
                          }
                          Frame Armature_mixamorig_LeftHandThumb4 {
                            FrameTransformMatrix {
                               1.000000, 0.000000, 0.000000, 0.000000,
                              -0.000000, 1.000000, 0.000000, 0.000000,
                              -0.000000,-0.000000, 1.000000, 0.000000,
                               0.000003, 3.830354, 0.000003, 1.000000;;
                            }
                          } // End of Armature_mixamorig_LeftHandThumb4
                        } // End of Armature_mixamorig_LeftHandThumb3
                      } // End of Armature_mixamorig_LeftHandThumb2
                    } // End of Armature_mixamorig_LeftHandThumb1
                  } // End of Armature_mixamorig_LeftHand
                } // End of Armature_mixamorig_LeftForeArm
              } // End of Armature_mixamorig_LeftArm
            } // End of Armature_mixamorig_LeftShoulder
            Frame Armature_mixamorig_Neck {
              FrameTransformMatrix {
                 0.991935,-0.123721,-0.027535, 0.000000,
                 0.121493, 0.990006,-0.071608, 0.000000,
                 0.036120, 0.067685, 0.997053, 0.000000,
                -0.056866,14.235787,-2.088093, 1.000000;;
              }
              Frame Armature_mixamorig_Head {
                FrameTransformMatrix {
                   0.991411, 0.129887, 0.015288, 0.000000,
                  -0.130770, 0.986164, 0.101880, 0.000000,
                  -0.001844,-0.103004, 0.994679, 0.000000,
                   0.000001, 3.280224, 0.313331, 1.000000;;
                }
                Frame Armature_mixamorig_HeadTop_End {
                  FrameTransformMatrix {
                     1.000000,-0.000000, 0.000000, 0.000000,
                     0.000000, 1.000000, 0.000000, 0.000000,
                     0.000000, 0.000000, 1.000000, 0.000000,
                     0.000001,25.653519, 2.450461, 1.000000;;
                  }
                } // End of Armature_mixamorig_HeadTop_End
              } // End of Armature_mixamorig_Head
            } // End of Armature_mixamorig_Neck
            Frame Armature_mixamorig_RightShoulder {
              FrameTransformMatrix {
                 0.002553, 0.023850, 0.999712, 0.000000,
                -0.953469,-0.301338, 0.009624, 0.000000,
                 0.301481,-0.953219, 0.021971, 0.000000,
                -6.728768,11.756744,-2.058464, 1.000000;;
              }
              Frame Armature_mixamorig_RightArm {
                FrameTransformMatrix {
                   0.996386,-0.033161, 0.078202, 0.000000,
                  -0.045532, 0.568704, 0.821281, 0.000000,
                  -0.071708,-0.821874, 0.565139, 0.000000,
                   0.000001,14.448825, 0.000015, 1.000000;;
                }
                Frame Armature_mixamorig_RightForeArm {
                  FrameTransformMatrix {
                     0.950569,-0.310513, 0.000000, 0.000000,
                     0.310513, 0.950569,-0.000001, 0.000000,
                    -0.000000, 0.000001, 1.000000, 0.000000,
                    -0.000001,23.160280, 0.000000, 1.000000;;
                  }
                  Frame Armature_mixamorig_RightHand {
                    FrameTransformMatrix {
                       0.998686, 0.027906, 0.042971, 0.000000,
                      -0.026236, 0.998896,-0.038956, 0.000000,
                      -0.044011, 0.037778, 0.998317, 0.000000,
                      -0.000001,24.071705,-0.000006, 1.000000;;
                    }
                    Frame Armature_mixamorig_RightHandIndex1 {
                      FrameTransformMatrix {
                         0.997222,-0.074334, 0.004742, 0.000000,
                         0.073836, 0.994917, 0.068472, 0.000000,
                        -0.009808,-0.067932, 0.997642, 0.000000,
                         2.855497,14.669406, 0.399000, 1.000000;;
                      }
                      Frame Armature_mixamorig_RightHandIndex2 {
                        FrameTransformMatrix {
                           0.999891,-0.014658, 0.001579, 0.000000,
                           0.013509, 0.953873, 0.299908, 0.000000,
                          -0.005902,-0.299854, 0.953967, 0.000000,
                          -0.000001, 3.248595, 0.000000, 1.000000;;
                        }
                        Frame Armature_mixamorig_RightHandIndex3 {
                          FrameTransformMatrix {
                             0.999976,-0.006905,-0.000416, 0.000000,
                             0.006895, 0.990059, 0.140481, 0.000000,
                            -0.000558,-0.140480, 0.990083, 0.000000,
                             0.000003, 2.659600,-0.000001, 1.000000;;
                          }
                          Frame Armature_mixamorig_RightHandIndex4 {
                            FrameTransformMatrix {
                               1.000000, 0.000000,-0.000000, 0.000000,
                              -0.000000, 1.000000, 0.000000, 0.000000,
                               0.000000, 0.000000, 1.000000, 0.000000,
                              -0.000000, 3.633096, 0.000003, 1.000000;;
                            }
                          } // End of Armature_mixamorig_RightHandIndex4
                        } // End of Armature_mixamorig_RightHandIndex3
                      } // End of Armature_mixamorig_RightHandIndex2
                    } // End of Armature_mixamorig_RightHandIndex1
                    Frame Armature_mixamorig_RightHandMiddle1 {
                      FrameTransformMatrix {
                         0.999420,-0.033784, 0.004305, 0.000000,
                         0.032059, 0.975894, 0.215878, 0.000000,
                        -0.011494,-0.215615, 0.976411, 0.000000,
                         0.000006,14.409801,-0.000002, 1.000000;;
                      }
                      Frame Armature_mixamorig_RightHandMiddle2 {
                        FrameTransformMatrix {
                           0.999867,-0.016126,-0.002336, 0.000000,
                           0.016084, 0.953761, 0.300135, 0.000000,
                          -0.002612,-0.300133, 0.953894, 0.000000,
                           0.000001, 3.259091, 0.000004, 1.000000;;
                        }
                        Frame Armature_mixamorig_RightHandMiddle3 {
                          FrameTransformMatrix {
                             0.999851,-0.017133,-0.002228, 0.000000,
                             0.016956, 0.948302, 0.316917, 0.000000,
                            -0.003317,-0.316907, 0.948451, 0.000000,
                            -0.000001, 2.639799,-0.000000, 1.000000;;
                          }
                          Frame Armature_mixamorig_RightHandMiddle4 {
                            FrameTransformMatrix {
                               1.000000, 0.000000,-0.000000, 0.000000,
                              -0.000000, 1.000000,-0.000000, 0.000000,
                               0.000000, 0.000000, 1.000000, 0.000000,
                               0.000000, 3.673906,-0.000001, 1.000000;;
                            }
                          } // End of Armature_mixamorig_RightHandMiddle4
                        } // End of Armature_mixamorig_RightHandMiddle3
                      } // End of Armature_mixamorig_RightHandMiddle2
                    } // End of Armature_mixamorig_RightHandMiddle1
                    Frame Armature_mixamorig_RightHandPinky1 {
                      FrameTransformMatrix {
                         0.999854,-0.013322, 0.010703, 0.000000,
                         0.007781, 0.912537, 0.408921, 0.000000,
                        -0.015215,-0.408778, 0.912507, 0.000000,
                        -5.921981,11.636420, 0.517000, 1.000000;;
                      }
                      Frame Armature_mixamorig_RightHandPinky2 {
                        FrameTransformMatrix {
                           0.999851,-0.017281,-0.000550, 0.000000,
                           0.016650, 0.953775, 0.300059, 0.000000,
                          -0.004661,-0.300023, 0.953920, 0.000000,
                          -0.000001, 1.559320,-0.000004, 1.000000;;
                        }
                        Frame Armature_mixamorig_RightHandPinky3 {
                          FrameTransformMatrix {
                             0.999845,-0.015487,-0.008341, 0.000000,
                             0.017221, 0.958404, 0.284896, 0.000000,
                             0.003581,-0.284996, 0.958522, 0.000000,
                            -0.000000, 1.540597, 0.000002, 1.000000;;
                          }
                          Frame Armature_mixamorig_RightHandPinky4 {
                            FrameTransformMatrix {
                               1.000000, 0.000001,-0.000001, 0.000000,
                              -0.000001, 1.000000,-0.000000, 0.000000,
                               0.000001,-0.000000, 1.000000, 0.000000,
                              -0.000001, 1.668687, 0.000001, 1.000000;;
                            }
                          } // End of Armature_mixamorig_RightHandPinky4
                        } // End of Armature_mixamorig_RightHandPinky3
                      } // End of Armature_mixamorig_RightHandPinky2
                    } // End of Armature_mixamorig_RightHandPinky1
                    Frame Armature_mixamorig_RightHandRing1 {
                      FrameTransformMatrix {
                         0.999488,-0.031567, 0.005289, 0.000000,
                         0.028391, 0.950666, 0.308915, 0.000000,
                        -0.014780,-0.308606, 0.951075, 0.000000,
                        -3.304945,13.191504,-0.322002, 1.000000;;
                      }
                      Frame Armature_mixamorig_RightHandRing2 {
                        FrameTransformMatrix {
                           0.999794,-0.019970,-0.003565, 0.000000,
                           0.019922, 0.933507, 0.358005, 0.000000,
                          -0.003822,-0.358003, 0.933713, 0.000000,
                          -0.000001, 2.717592,-0.000001, 1.000000;;
                        }
                        Frame Armature_mixamorig_RightHandRing3 {
                          FrameTransformMatrix {
                             0.999841,-0.017809,-0.000683, 0.000000,
                             0.017155, 0.951316, 0.307738, 0.000000,
                            -0.004831,-0.307701, 0.951471, 0.000000,
                             0.000001, 2.134492, 0.000003, 1.000000;;
                          }
                          Frame Armature_mixamorig_RightHandRing4 {
                            FrameTransformMatrix {
                               1.000000,-0.000000, 0.000000, 0.000000,
                              -0.000000, 1.000000,-0.000000, 0.000000,
                               0.000000, 0.000000, 1.000000, 0.000000,
                              -0.000000, 2.786809, 0.000003, 1.000000;;
                            }
                          } // End of Armature_mixamorig_RightHandRing4
                        } // End of Armature_mixamorig_RightHandRing3
                      } // End of Armature_mixamorig_RightHandRing2
                    } // End of Armature_mixamorig_RightHandRing1
                    Frame Armature_mixamorig_RightHandThumb1 {
                      FrameTransformMatrix {
                         0.755420,-0.586221, 0.292720, 0.000000,
                         0.531289, 0.809465, 0.249995, 0.000000,
                        -0.383499,-0.033332, 0.922939, 0.000000,
                         1.509042, 4.173415, 1.926994, 1.000000;;
                      }
                      Frame Armature_mixamorig_RightHandThumb2 {
                        FrameTransformMatrix {
                           0.934872, 0.320606,-0.152401, 0.000000,
                          -0.289735, 0.937189, 0.194244, 0.000000,
                           0.205104,-0.137438, 0.969042, 0.000000,
                          -0.000003, 3.870425,-0.000011, 1.000000;;
                        }
                        Frame Armature_mixamorig_RightHandThumb3 {
                          FrameTransformMatrix {
                             0.997828, 0.065250,-0.009024, 0.000000,
                            -0.064995, 0.997542, 0.026182, 0.000000,
                             0.010710,-0.025538, 0.999617, 0.000000,
                             0.000003, 4.710329,-0.000002, 1.000000;;
                          }
                          Frame Armature_mixamorig_RightHandThumb4 {
                            FrameTransformMatrix {
                               1.000000, 0.000000,-0.000000, 0.000000,
                              -0.000000, 1.000000,-0.000000, 0.000000,
                               0.000000, 0.000000, 1.000000, 0.000000,
                              -0.000001, 3.830365, 0.000001, 1.000000;;
                            }
                          } // End of Armature_mixamorig_RightHandThumb4
                        } // End of Armature_mixamorig_RightHandThumb3
                      } // End of Armature_mixamorig_RightHandThumb2
                    } // End of Armature_mixamorig_RightHandThumb1
                  } // End of Armature_mixamorig_RightHand
                } // End of Armature_mixamorig_RightForeArm
              } // End of Armature_mixamorig_RightArm
            } // End of Armature_mixamorig_RightShoulder
          } // End of Armature_mixamorig_Spine2
        } // End of Armature_mixamorig_Spine1
      } // End of Armature_mixamorig_Spine
    } // End of Armature_mixamorig_Hips
  } // End of Armature
} // End of Root
AnimationSet Global {
  Animation {
    {Armature}
    AnimationKey { // Rotation
      0;
      38;
      0;4;-0.707107, 0.707107, 0.000000, 0.000000;;,
      1;4;-0.707107, 0.707107, 0.000000, 0.000000;;,
      2;4;-0.707107, 0.707107, 0.000000, 0.000000;;,
      3;4;-0.707107, 0.707107, 0.000000, 0.000000;;,
      4;4;-0.707107, 0.707107, 0.000000, 0.000000;;,
      5;4;-0.707107, 0.707107, 0.000000, 0.000000;;,
      6;4;-0.707107, 0.707107, 0.000000, 0.000000;;,
      7;4;-0.707107, 0.707107, 0.000000, 0.000000;;,
      8;4;-0.707107, 0.707107, 0.000000, 0.000000;;,
      9;4;-0.707107, 0.707107, 0.000000, 0.000000;;,
      10;4;-0.707107, 0.707107, 0.000000, 0.000000;;,
      11;4;-0.707107, 0.707107, 0.000000, 0.000000;;,
      12;4;-0.707107, 0.707107, 0.000000, 0.000000;;,
      13;4;-0.707107, 0.707107, 0.000000, 0.000000;;,
      14;4;-0.707107, 0.707107, 0.000000, 0.000000;;,
      15;4;-0.707107, 0.707107, 0.000000, 0.000000;;,
      16;4;-0.707107, 0.707107, 0.000000, 0.000000;;,
      17;4;-0.707107, 0.707107, 0.000000, 0.000000;;,
      18;4;-0.707107, 0.707107, 0.000000, 0.000000;;,
      19;4;-0.707107, 0.707107, 0.000000, 0.000000;;,
      20;4;-0.707107, 0.707107, 0.000000, 0.000000;;,
      21;4;-0.707107, 0.707107, 0.000000, 0.000000;;,
      22;4;-0.707107, 0.707107, 0.000000, 0.000000;;,
      23;4;-0.707107, 0.707107, 0.000000, 0.000000;;,
      24;4;-0.707107, 0.707107, 0.000000, 0.000000;;,
      25;4;-0.707107, 0.707107, 0.000000, 0.000000;;,
      26;4;-0.707107, 0.707107, 0.000000, 0.000000;;,
      27;4;-0.707107, 0.707107, 0.000000, 0.000000;;,
      28;4;-0.707107, 0.707107, 0.000000, 0.000000;;,
      29;4;-0.707107, 0.707107, 0.000000, 0.000000;;,
      30;4;-0.707107, 0.707107, 0.000000, 0.000000;;,
      31;4;-0.707107, 0.707107, 0.000000, 0.000000;;,
      32;4;-0.707107, 0.707107, 0.000000, 0.000000;;,
      33;4;-0.707107, 0.707107, 0.000000, 0.000000;;,
      34;4;-0.707107, 0.707107, 0.000000, 0.000000;;,
      35;4;-0.707107, 0.707107, 0.000000, 0.000000;;,
      36;4;-0.707107, 0.707107, 0.000000, 0.000000;;,
      37;4;-0.707107, 0.707107, 0.000000, 0.000000;;;
    }
    AnimationKey { // Scale
      1;
      38;
      0;3; 0.100000, 0.100000, 0.100000;;,
      1;3; 0.100000, 0.100000, 0.100000;;,
      2;3; 0.100000, 0.100000, 0.100000;;,
      3;3; 0.100000, 0.100000, 0.100000;;,
      4;3; 0.100000, 0.100000, 0.100000;;,
      5;3; 0.100000, 0.100000, 0.100000;;,
      6;3; 0.100000, 0.100000, 0.100000;;,
      7;3; 0.100000, 0.100000, 0.100000;;,
      8;3; 0.100000, 0.100000, 0.100000;;,
      9;3; 0.100000, 0.100000, 0.100000;;,
      10;3; 0.100000, 0.100000, 0.100000;;,
      11;3; 0.100000, 0.100000, 0.100000;;,
      12;3; 0.100000, 0.100000, 0.100000;;,
      13;3; 0.100000, 0.100000, 0.100000;;,
      14;3; 0.100000, 0.100000, 0.100000;;,
      15;3; 0.100000, 0.100000, 0.100000;;,
      16;3; 0.100000, 0.100000, 0.100000;;,
      17;3; 0.100000, 0.100000, 0.100000;;,
      18;3; 0.100000, 0.100000, 0.100000;;,
      19;3; 0.100000, 0.100000, 0.100000;;,
      20;3; 0.100000, 0.100000, 0.100000;;,
      21;3; 0.100000, 0.100000, 0.100000;;,
      22;3; 0.100000, 0.100000, 0.100000;;,
      23;3; 0.100000, 0.100000, 0.100000;;,
      24;3; 0.100000, 0.100000, 0.100000;;,
      25;3; 0.100000, 0.100000, 0.100000;;,
      26;3; 0.100000, 0.100000, 0.100000;;,
      27;3; 0.100000, 0.100000, 0.100000;;,
      28;3; 0.100000, 0.100000, 0.100000;;,
      29;3; 0.100000, 0.100000, 0.100000;;,
      30;3; 0.100000, 0.100000, 0.100000;;,
      31;3; 0.100000, 0.100000, 0.100000;;,
      32;3; 0.100000, 0.100000, 0.100000;;,
      33;3; 0.100000, 0.100000, 0.100000;;,
      34;3; 0.100000, 0.100000, 0.100000;;,
      35;3; 0.100000, 0.100000, 0.100000;;,
      36;3; 0.100000, 0.100000, 0.100000;;,
      37;3; 0.100000, 0.100000, 0.100000;;;
    }
    AnimationKey { // Position
      2;
      38;
      0;3; 0.000000, 0.000000, 0.000000;;,
      1;3; 0.000000, 0.000000, 0.000000;;,
      2;3; 0.000000, 0.000000, 0.000000;;,
      3;3; 0.000000, 0.000000, 0.000000;;,
      4;3; 0.000000, 0.000000, 0.000000;;,
      5;3; 0.000000, 0.000000, 0.000000;;,
      6;3; 0.000000, 0.000000, 0.000000;;,
      7;3; 0.000000, 0.000000, 0.000000;;,
      8;3; 0.000000, 0.000000, 0.000000;;,
      9;3; 0.000000, 0.000000, 0.000000;;,
      10;3; 0.000000, 0.000000, 0.000000;;,
      11;3; 0.000000, 0.000000, 0.000000;;,
      12;3; 0.000000, 0.000000, 0.000000;;,
      13;3; 0.000000, 0.000000, 0.000000;;,
      14;3; 0.000000, 0.000000, 0.000000;;,
      15;3; 0.000000, 0.000000, 0.000000;;,
      16;3; 0.000000, 0.000000, 0.000000;;,
      17;3; 0.000000, 0.000000, 0.000000;;,
      18;3; 0.000000, 0.000000, 0.000000;;,
      19;3; 0.000000, 0.000000, 0.000000;;,
      20;3; 0.000000, 0.000000, 0.000000;;,
      21;3; 0.000000, 0.000000, 0.000000;;,
      22;3; 0.000000, 0.000000, 0.000000;;,
      23;3; 0.000000, 0.000000, 0.000000;;,
      24;3; 0.000000, 0.000000, 0.000000;;,
      25;3; 0.000000, 0.000000, 0.000000;;,
      26;3; 0.000000, 0.000000, 0.000000;;,
      27;3; 0.000000, 0.000000, 0.000000;;,
      28;3; 0.000000, 0.000000, 0.000000;;,
      29;3; 0.000000, 0.000000, 0.000000;;,
      30;3; 0.000000, 0.000000, 0.000000;;,
      31;3; 0.000000, 0.000000, 0.000000;;,
      32;3; 0.000000, 0.000000, 0.000000;;,
      33;3; 0.000000, 0.000000, 0.000000;;,
      34;3; 0.000000, 0.000000, 0.000000;;,
      35;3; 0.000000, 0.000000, 0.000000;;,
      36;3; 0.000000, 0.000000, 0.000000;;,
      37;3; 0.000000, 0.000000, 0.000000;;;
    }
  }
  Animation {
    {Armature_mixamorig_Hips}
    AnimationKey { // Rotation
      0;
      38;
      0;4;-0.994294, 0.021179,-0.104301,-0.007201;;,
      1;4;-0.994671, 0.020637,-0.100721,-0.007656;;,
      2;4;-0.995073, 0.019679,-0.096843,-0.008022;;,
      3;4;-0.995399, 0.018785,-0.093654,-0.007555;;,
      4;4;-0.995788, 0.017173,-0.089764,-0.007283;;,
      5;4;-0.996145, 0.015021,-0.086097,-0.007566;;,
      6;4;-0.995956, 0.012434,-0.088700,-0.007090;;,
      7;4;-0.994895, 0.012968,-0.099891,-0.006159;;,
      8;4;-0.992833, 0.015900,-0.118248,-0.006856;;,
      9;4;-0.989264, 0.022281,-0.144201,-0.008108;;,
      10;4;-0.984359, 0.029610,-0.173416,-0.009337;;,
      11;4;-0.978985, 0.034951,-0.200624,-0.010843;;,
      12;4;-0.974362, 0.038027,-0.221446,-0.011588;;,
      13;4;-0.970476, 0.037848,-0.237910,-0.011929;;,
      14;4;-0.966650, 0.037032,-0.253183,-0.010743;;,
      15;4;-0.962152, 0.037724,-0.269667,-0.010985;;,
      16;4;-0.958943, 0.038133,-0.280801,-0.011187;;,
      17;4;-0.956463, 0.037697,-0.289261,-0.009274;;,
      18;4;-0.954154, 0.033359,-0.297387,-0.006236;;,
      19;4;-0.951487, 0.029779,-0.306242,-0.000908;;,
      20;4;-0.947752, 0.028915,-0.317633, 0.006247;;,
      21;4;-0.944276, 0.026283,-0.327862, 0.012554;;,
      22;4;-0.941581, 0.025151,-0.335551, 0.014051;;,
      23;4;-0.937214, 0.027440,-0.347312, 0.015866;;,
      24;4;-0.929405, 0.030427,-0.367487, 0.015296;;,
      25;4;-0.920655, 0.032095,-0.388829, 0.013295;;,
      26;4;-0.913725, 0.032819,-0.404608, 0.017921;;,
      27;4;-0.909235, 0.036822,-0.413933, 0.024389;;,
      28;4;-0.905423, 0.043235,-0.421529, 0.025557;;,
      29;4;-0.901576, 0.048905,-0.428963, 0.027583;;,
      30;4;-0.899148, 0.055058,-0.432961, 0.032356;;,
      31;4;-0.898246, 0.060941,-0.433728, 0.036342;;,
      32;4;-0.898054, 0.064909,-0.433342, 0.038734;;,
      33;4;-0.897870, 0.065237,-0.433378, 0.041906;;,
      34;4;-0.898544, 0.062900,-0.432101, 0.044165;;,
      35;4;-0.900223, 0.059877,-0.428913, 0.045242;;,
      36;4;-0.901860, 0.055707,-0.425904, 0.046389;;,
      37;4;-0.903063, 0.050794,-0.423879, 0.047153;;;
    }
    AnimationKey { // Scale
      1;
      38;
      0;3; 1.000000, 1.000000, 1.000000;;,
      1;3; 1.000000, 1.000000, 1.000000;;,
      2;3; 1.000000, 1.000000, 1.000000;;,
      3;3; 1.000000, 1.000000, 1.000000;;,
      4;3; 1.000000, 1.000000, 1.000000;;,
      5;3; 1.000000, 1.000000, 1.000000;;,
      6;3; 1.000000, 1.000000, 1.000000;;,
      7;3; 1.000000, 1.000000, 1.000000;;,
      8;3; 1.000000, 1.000000, 1.000000;;,
      9;3; 1.000000, 1.000000, 1.000000;;,
      10;3; 1.000000, 1.000000, 1.000000;;,
      11;3; 1.000000, 1.000000, 1.000000;;,
      12;3; 1.000000, 1.000000, 1.000000;;,
      13;3; 1.000000, 1.000000, 1.000000;;,
      14;3; 1.000000, 1.000000, 1.000000;;,
      15;3; 1.000000, 1.000000, 1.000000;;,
      16;3; 1.000000, 1.000000, 1.000000;;,
      17;3; 1.000000, 1.000000, 1.000000;;,
      18;3; 1.000000, 1.000000, 1.000000;;,
      19;3; 1.000000, 1.000000, 1.000000;;,
      20;3; 1.000000, 1.000000, 1.000000;;,
      21;3; 1.000000, 1.000000, 1.000000;;,
      22;3; 1.000000, 1.000000, 1.000000;;,
      23;3; 1.000000, 1.000000, 1.000000;;,
      24;3; 1.000000, 1.000000, 1.000000;;,
      25;3; 1.000000, 1.000000, 1.000000;;,
      26;3; 1.000000, 1.000000, 1.000000;;,
      27;3; 1.000000, 1.000000, 1.000000;;,
      28;3; 1.000000, 1.000000, 1.000000;;,
      29;3; 1.000000, 1.000000, 1.000000;;,
      30;3; 1.000000, 1.000000, 1.000000;;,
      31;3; 1.000000, 1.000000, 1.000000;;,
      32;3; 1.000000, 1.000000, 1.000000;;,
      33;3; 1.000000, 1.000000, 1.000000;;,
      34;3; 1.000000, 1.000000, 1.000000;;,
      35;3; 1.000000, 1.000000, 1.000000;;,
      36;3; 1.000000, 1.000000, 1.000000;;,
      37;3; 1.000000, 1.000000, 1.000000;;;
    }
    AnimationKey { // Position
      2;
      38;
      0;3;-0.164577,102.700081, 1.213936;;,
      1;3; 0.126596,102.629364, 1.388076;;,
      2;3; 0.495165,102.550491, 1.580912;;,
      3;3; 0.944494,102.455025, 1.793228;;,
      4;3; 1.494690,102.334717, 2.013384;;,
      5;3; 2.134504,102.271530, 2.237306;;,
      6;3; 2.809468,102.263901, 2.373822;;,
      7;3; 3.422999,102.299652, 2.304353;;,
      8;3; 3.991908,102.396896, 2.003625;;,
      9;3; 4.485766,102.501770, 1.507586;;,
      10;3; 4.796475,102.544434, 0.916346;;,
      11;3; 4.848698,102.620361, 0.269915;;,
      12;3; 4.817067,102.770538,-0.349130;;,
      13;3; 4.695745,102.804970,-0.918702;;,
      14;3; 4.350313,102.615166,-1.514729;;,
      15;3; 3.762866,102.229858,-2.124566;;,
      16;3; 3.077973,101.691704,-2.670325;;,
      17;3; 2.348305,101.014557,-3.183897;;,
      18;3; 1.655414,100.259171,-3.207336;;,
      19;3; 1.249743,99.423309,-3.168922;;,
      20;3; 0.885124,98.465027,-3.058043;;,
      21;3; 0.486231,97.431801,-2.917263;;,
      22;3; 0.203318,96.461029,-2.694008;;,
      23;3;-0.192647,95.518250,-2.437930;;,
      24;3;-0.514678,94.869606,-2.165814;;,
      25;3;-0.562487,94.455765,-1.921579;;,
