xof 0303txt 0032

Frame Root {
  FrameTransformMatrix {
     1.000000, 0.000000, 0.000000, 0.000000,
     0.000000,-0.000000,-1.000000, 0.000000,
     0.000000, 1.000000,-0.000000, 0.000000,
     0.000000, 0.000000, 0.000000, 1.000000;;
  }
  Frame Armature {
    FrameTransformMatrix {
       0.100000, 0.000000, 0.000000, 0.000000,
       0.000000,-0.000000, 0.100000, 0.000000,
       0.000000,-0.100000,-0.000000, 0.000000,
       0.000000, 0.000000, 0.000000, 1.000000;;
    }
    Frame Armature_mixamorig_Hips {
      FrameTransformMatrix {
         0.979389, 0.033239, 0.199229, 0.000000,
        -0.098324, 0.940065, 0.326512, 0.000000,
        -0.176435,-0.339371, 0.923958, 0.000000,
         0.356733,93.658333, 0.669748, 1.000000;;
      }
      Frame Armature_mixamorig_LeftUpLeg {
        FrameTransformMatrix {
          -0.980889, 0.049860, 0.188108, 0.000000,
           0.147489,-0.439901, 0.886010, 0.000000,
           0.126902, 0.896662, 0.424233, 0.000000,
           9.618267,-5.272324,-1.010885, 1.000000;;
        }
        Frame Armature_mixamorig_LeftLeg {
          FrameTransformMatrix {
             0.997234,-0.072341, 0.017041, 0.000000,
            -0.016176,-0.435056,-0.900258, 0.000000,
             0.072539, 0.897493,-0.435023, 0.000000,
            -0.000000,43.365002, 0.000002, 1.000000;;
          }
          Frame Armature_mixamorig_LeftFoot {
            FrameTransformMatrix {
               0.924834, 0.330735, 0.187874, 0.000000,
              -0.288876, 0.289390, 0.912581, 0.000000,
               0.247454,-0.898258, 0.363179, 0.000000,
               0.000000,44.492844, 0.000006, 1.000000;;
            }
            Frame Armature_mixamorig_LeftToeBase {
              FrameTransformMatrix {
                 0.976496,-0.036814, 0.212367, 0.000000,
                -0.108680, 0.766778, 0.632645, 0.000000,
                -0.186128,-0.640856, 0.744755, 0.000000,
                -0.000001,19.998138, 0.000002, 1.000000;;
              }
              Frame Armature_mixamorig_LeftToe_End {
                FrameTransformMatrix {
                   1.000000,-0.000000,-0.000000, 0.000000,
                   0.000000, 1.000000,-0.000000, 0.000000,
                   0.000000,-0.000000, 1.000000, 0.000000,
                   0.000002, 9.998179, 0.000001, 1.000000;;
                }
              } // End of Armature_mixamorig_LeftToe_End
            } // End of Armature_mixamorig_LeftToeBase
          } // End of Armature_mixamorig_LeftFoot
        } // End of Armature_mixamorig_LeftLeg
      } // End of Armature_mixamorig_LeftUpLeg
      Frame Armature_mixamorig_RightUpLeg {
        FrameTransformMatrix {
          -0.993709, 0.110947,-0.015280, 0.000000,
          -0.107998,-0.913175, 0.392972, 0.000000,
           0.029647, 0.392175, 0.919337, 0.000000,
          -9.940974,-5.272419,-1.010885, 1.000000;;
        }
        Frame Armature_mixamorig_RightLeg {
          FrameTransformMatrix {
             0.987962, 0.038956, 0.149708, 0.000000,
             0.088228, 0.653035,-0.752171, 0.000000,
            -0.127066, 0.756325, 0.641737, 0.000000,
            -0.000003,43.364841, 0.000000, 1.000000;;
          }
          Frame Armature_mixamorig_RightFoot {
            FrameTransformMatrix {
               0.991121, 0.068832,-0.113766, 0.000000,
               0.110436, 0.050402, 0.992604, 0.000000,
               0.074057,-0.996354, 0.042353, 0.000000,
              -0.000000,44.493107, 0.000003, 1.000000;;
            }
            Frame Armature_mixamorig_RightToeBase {
              FrameTransformMatrix {
                 0.991472,-0.007616,-0.130100, 0.000000,
                 0.104801, 0.639986, 0.761206, 0.000000,
                 0.077464,-0.768349, 0.635325, 0.000000,
                -0.000001,20.000795, 0.000001, 1.000000;;
              }
              Frame Armature_mixamorig_RightToe_End {
                FrameTransformMatrix {
                   1.000000, 0.000000,-0.000000, 0.000000,
                  -0.000000, 1.000000,-0.000000, 0.000000,
                   0.000000, 0.000000, 1.000000, 0.000000,
                  -0.000003,10.000779, 0.000000, 1.000000;;
                }
              } // End of Armature_mixamorig_RightToe_End
            } // End of Armature_mixamorig_RightToeBase
          } // End of Armature_mixamorig_RightFoot
        } // End of Armature_mixamorig_RightLeg
      } // End of Armature_mixamorig_RightUpLeg
      Frame Armature_mixamorig_Spine {
        FrameTransformMatrix {
           0.991596,-0.038352,-0.123559, 0.000000,
           0.077893, 0.939528, 0.333497, 0.000000,
           0.103297,-0.340318, 0.934619, 0.000000,
          -0.038104, 9.490506,-1.392060, 1.000000;;
        }
        Frame Armature_mixamorig_Spine1 {
          FrameTransformMatrix {
             0.999432,-0.005423,-0.033260, 0.000000,
             0.006633, 0.999316, 0.036390, 0.000000,
             0.033040,-0.036590, 0.998784, 0.000000,
             0.000000,11.190854, 0.000007, 1.000000;;
          }
          Frame Armature_mixamorig_Spine2 {
            FrameTransformMatrix {
               0.999350,-0.010826,-0.034373, 0.000000,
               0.016861, 0.983433, 0.180484, 0.000000,
               0.031850,-0.180946, 0.982977, 0.000000,
              -0.000001,12.789527,-0.000007, 1.000000;;
            }
            Frame Armature_mixamorig_LeftShoulder {
              FrameTransformMatrix {
                -0.156869, 0.078926,-0.984460, 0.000000,
                 0.864647,-0.470722,-0.175516, 0.000000,
                -0.477260,-0.878744, 0.005598, 0.000000,
                 6.728773,11.756631,-2.058456, 1.000000;;
              }
              Frame Armature_mixamorig_LeftArm {
                FrameTransformMatrix {
                   0.959504, 0.276141, 0.055670, 0.000000,
                  -0.233705, 0.670003, 0.704612, 0.000000,
                   0.157273,-0.689088, 0.707406, 0.000000,
                   0.000005,14.448790, 0.000010, 1.000000;;
                }
                Frame Armature_mixamorig_LeftForeArm {
                  FrameTransformMatrix {
                     0.555943, 0.805210, 0.206311, 0.000000,
                    -0.800450, 0.585517,-0.128253, 0.000000,
                    -0.224069,-0.093840, 0.970045, 0.000000,
                    -0.000006,23.160311,-0.000004, 1.000000;;
                  }
                  Frame Armature_mixamorig_LeftHand {
                    FrameTransformMatrix {
                       0.896669, 0.442226, 0.020511, 0.000000,
                      -0.441768, 0.890813, 0.106268, 0.000000,
                       0.028723,-0.104348, 0.994126, 0.000000,
                       0.000001,24.071758, 0.000006, 1.000000;;
                    }
                    Frame Armature_mixamorig_LeftHandIndex1 {
                      FrameTransformMatrix {
                         0.991317, 0.108414, 0.074408, 0.000000,
                        -0.131137, 0.773574, 0.619989, 0.000000,
                         0.009656,-0.624364, 0.781074, 0.000000,
                        -2.855503,14.669359, 0.398764, 1.000000;;
                      }
                      Frame Armature_mixamorig_LeftHandIndex2 {
                        FrameTransformMatrix {
                           0.997054, 0.076697,-0.000049, 0.000000,
                          -0.056821, 0.739089, 0.671207, 0.000000,
                           0.051515,-0.669227, 0.741270, 0.000000,
                           0.000001, 3.248600, 0.000000, 1.000000;;
                        }
                        Frame Armature_mixamorig_LeftHandIndex3 {
                          FrameTransformMatrix {
                             0.999423,-0.033738,-0.003979, 0.000000,
                             0.033970, 0.993391, 0.109641, 0.000000,
                             0.000253,-0.109713, 0.993963, 0.000000,
                             0.000003, 2.659583,-0.000008, 1.000000;;
                          }
                          Frame Armature_mixamorig_LeftHandIndex4 {
                            FrameTransformMatrix {
                               1.000000, 0.000000,-0.000000, 0.000000,
                              -0.000000, 1.000000,-0.000000, 0.000000,
                               0.000000, 0.000000, 1.000000, 0.000000,
                               0.000001, 3.633182,-0.000011, 1.000000;;
                            }
                          } // End of Armature_mixamorig_LeftHandIndex4
                        } // End of Armature_mixamorig_LeftHandIndex3
                      } // End of Armature_mixamorig_LeftHandIndex2
                    } // End of Armature_mixamorig_LeftHandIndex1
                    Frame Armature_mixamorig_LeftHandMiddle1 {
                      FrameTransformMatrix {
                         0.999257, 0.036841, 0.011352, 0.000000,
                        -0.035791, 0.777210, 0.628223, 0.000000,
                         0.014321,-0.628162, 0.777951, 0.000000,
                        -0.000013,14.409821, 0.000021, 1.000000;;
                      }
                      Frame Armature_mixamorig_LeftHandMiddle2 {
                        FrameTransformMatrix {
                           0.996370, 0.085123, 0.000765, 0.000000,
                          -0.054402, 0.629817, 0.774836, 0.000000,
                           0.065475,-0.772065, 0.632162, 0.000000,
                           0.000003, 3.259068,-0.000001, 1.000000;;
                        }
                        Frame Armature_mixamorig_LeftHandMiddle3 {
                          FrameTransformMatrix {
                             0.999593,-0.026768,-0.009846, 0.000000,
                             0.028509, 0.947884, 0.317336, 0.000000,
                             0.000838,-0.317488, 0.948262, 0.000000,
                             0.000001, 2.639870, 0.000005, 1.000000;;
                          }
                          Frame Armature_mixamorig_LeftHandMiddle4 {
                            FrameTransformMatrix {
                               1.000000,-0.000000,-0.000000, 0.000000,
                               0.000000, 1.000000,-0.000000, 0.000000,
                               0.000000, 0.000000, 1.000000, 0.000000,
                               0.000005, 3.673860,-0.000003, 1.000000;;
                            }
                          } // End of Armature_mixamorig_LeftHandMiddle4
                        } // End of Armature_mixamorig_LeftHandMiddle3
                      } // End of Armature_mixamorig_LeftHandMiddle2
                    } // End of Armature_mixamorig_LeftHandMiddle1
                    Frame Armature_mixamorig_LeftHandPinky1 {
                      FrameTransformMatrix {
                         0.990371, 0.093079, 0.102480, 0.000000,
                        -0.137883, 0.596752, 0.790490, 0.000000,
                         0.012423,-0.797009, 0.603840, 0.000000,
                         5.614222,11.636364, 0.516554, 1.000000;;
                      }
                      Frame Armature_mixamorig_LeftHandPinky2 {
                        FrameTransformMatrix {
                           0.999999, 0.001149, 0.000781, 0.000000,
                          -0.001077, 0.286583, 0.958055, 0.000000,
                           0.000877,-0.958055, 0.286584, 0.000000,
                          -0.000003, 1.559374, 0.000001, 1.000000;;
                        }
                        Frame Armature_mixamorig_LeftHandPinky3 {
                          FrameTransformMatrix {
                             1.000000, 0.000558, 0.000147, 0.000000,
                            -0.000558, 0.870704, 0.491807, 0.000000,
                             0.000147,-0.491807, 0.870704, 0.000000,
                            -0.000008, 1.540614, 0.000002, 1.000000;;
                          }
                          Frame Armature_mixamorig_LeftHandPinky4 {
                            FrameTransformMatrix {
                               1.000000,-0.000000,-0.000000, 0.000000,
                              -0.000000, 1.000000, 0.000000, 0.000000,
                              -0.000000, 0.000000, 1.000000, 0.000000,
                              -0.000003, 1.668718, 0.000004, 1.000000;;
                            }
                          } // End of Armature_mixamorig_LeftHandPinky4
                        } // End of Armature_mixamorig_LeftHandPinky3
                      } // End of Armature_mixamorig_LeftHandPinky2
                    } // End of Armature_mixamorig_LeftHandPinky1
                    Frame Armature_mixamorig_LeftHandRing1 {
                      FrameTransformMatrix {
                         0.999939,-0.004045, 0.010232, 0.000000,
                        -0.007225, 0.459971, 0.887905, 0.000000,
                        -0.008298,-0.887925, 0.459914, 0.000000,
                         3.304938,13.191461,-0.322019, 1.000000;;
                      }
                      Frame Armature_mixamorig_LeftHandRing2 {
                        FrameTransformMatrix {
                           0.999748, 0.016758, 0.014929, 0.000000,
                          -0.022417, 0.712827, 0.700982, 0.000000,
                           0.001105,-0.701140, 0.713023, 0.000000,
                           0.000008, 2.717637,-0.000005, 1.000000;;
                        }
                        Frame Armature_mixamorig_LeftHandRing3 {
                          FrameTransformMatrix {
                             0.999772,-0.021338, 0.000927, 0.000000,
                             0.020294, 0.962567, 0.270283, 0.000000,
                            -0.006660,-0.270202, 0.962781, 0.000000,
                             0.000004, 2.134460,-0.000005, 1.000000;;
                          }
                          Frame Armature_mixamorig_LeftHandRing4 {
                            FrameTransformMatrix {
                               1.000000, 0.000000,-0.000000, 0.000000,
                               0.000000, 1.000000, 0.000006, 0.000000,
                              -0.000000,-0.000006, 1.000000, 0.000000,
                              -0.000006, 2.786889, 0.000005, 1.000000;;
                            }
                          } // End of Armature_mixamorig_LeftHandRing4
                        } // End of Armature_mixamorig_LeftHandRing3
                      } // End of Armature_mixamorig_LeftHandRing2
                    } // End of Armature_mixamorig_LeftHandRing1
                    Frame Armature_mixamorig_LeftHandThumb1 {
                      FrameTransformMatrix {
                         0.865784, 0.491531,-0.093891, 0.000000,
                        -0.457279, 0.853307, 0.250526, 0.000000,
                         0.203259,-0.173967, 0.963546, 0.000000,
                        -1.509048, 4.173392, 1.926530, 1.000000;;
                      }
                      Frame Armature_mixamorig_LeftHandThumb2 {
                        FrameTransformMatrix {
                           0.954980,-0.274796,-0.111804, 0.000000,
                           0.291794, 0.938075, 0.186739, 0.000000,
                           0.053565,-0.210956, 0.976027, 0.000000,
                          -0.000009, 3.870374, 0.000006, 1.000000;;
                        }
                        Frame Armature_mixamorig_LeftHandThumb3 {
                          FrameTransformMatrix {
                             0.618159, 0.106431,-0.778815, 0.000000,
                             0.121239, 0.966026, 0.228245, 0.000000,
                             0.776647,-0.235514, 0.584253, 0.000000,
                            -0.000001, 4.710642,-0.000010, 1.000000;;
                          }
                          Frame Armature_mixamorig_LeftHandThumb4 {
                            FrameTransformMatrix {
                               1.000000, 0.000000,-0.000000, 0.000000,
                              -0.000000, 1.000000, 0.000000, 0.000000,
                               0.000000,-0.000000, 1.000000, 0.000000,
                              -0.000006, 3.830362, 0.000009, 1.000000;;
                            }
                          } // End of Armature_mixamorig_LeftHandThumb4
                        } // End of Armature_mixamorig_LeftHandThumb3
                      } // End of Armature_mixamorig_LeftHandThumb2
                    } // End of Armature_mixamorig_LeftHandThumb1
                  } // End of Armature_mixamorig_LeftHand
                } // End of Armature_mixamorig_LeftForeArm
              } // End of Armature_mixamorig_LeftArm
            } // End of Armature_mixamorig_LeftShoulder
            Frame Armature_mixamorig_Neck {
              FrameTransformMatrix {
                 0.999574,-0.018030,-0.022957, 0.000000,
                 0.013516, 0.982935,-0.183457, 0.000000,
                 0.025873, 0.183069, 0.982760, 0.000000,
                -0.056868,14.235783,-2.088089, 1.000000;;
              }
              Frame Armature_mixamorig_Head {
                FrameTransformMatrix {
                   0.993772,-0.061389, 0.093002, 0.000000,
                   0.096051, 0.895015,-0.435572, 0.000000,
                  -0.056499, 0.441792, 0.895337, 0.000000,
                  -0.000000, 3.280206, 0.313333, 1.000000;;
                }
                Frame Armature_mixamorig_HeadTop_End {
                  FrameTransformMatrix {
                     1.000000, 0.000000, 0.000000, 0.000000,
                    -0.000000, 1.000000,-0.000000, 0.000000,
                     0.000000, 0.000000, 1.000000, 0.000000,
                     0.000000,25.653488, 2.450462, 1.000000;;
                  }
                } // End of Armature_mixamorig_HeadTop_End
              } // End of Armature_mixamorig_Head
            } // End of Armature_mixamorig_Neck
            Frame Armature_mixamorig_RightShoulder {
              FrameTransformMatrix {
                 0.215802, 0.002613, 0.976433, 0.000000,
                -0.964245,-0.156962, 0.213528, 0.000000,
                 0.153821,-0.987601,-0.031353, 0.000000,
                -6.728769,11.756752,-2.058458, 1.000000;;
              }
              Frame Armature_mixamorig_RightArm {
                FrameTransformMatrix {
                   0.866136,-0.144856,-0.478357, 0.000000,
                   0.437334, 0.682986, 0.585037, 0.000000,
                   0.241965,-0.715923, 0.654910, 0.000000,
                  -0.000009,14.448817, 0.000003, 1.000000;;
                }
                Frame Armature_mixamorig_RightForeArm {
                  FrameTransformMatrix {
                     0.113475,-0.974690,-0.192622, 0.000000,
                     0.990785, 0.125443,-0.051074, 0.000000,
                     0.073945,-0.185051, 0.979943, 0.000000,
                    -0.000001,23.160288,-0.000004, 1.000000;;
                  }
                  Frame Armature_mixamorig_RightHand {
                    FrameTransformMatrix {
                       0.966829,-0.254652,-0.019824, 0.000000,
                       0.254120, 0.951168, 0.175221, 0.000000,
                      -0.025764,-0.174447, 0.984329, 0.000000,
                       0.000001,24.071701, 0.000005, 1.000000;;
                    }
                    Frame Armature_mixamorig_RightHandIndex1 {
                      FrameTransformMatrix {
                         0.998729, 0.050341,-0.002469, 0.000000,
                        -0.021905, 0.477654, 0.878275, 0.000000,
                         0.045393,-0.877104, 0.478150, 0.000000,
                         2.855507,14.669395, 0.398998, 1.000000;;
                      }
                      Frame Armature_mixamorig_RightHandIndex2 {
                        FrameTransformMatrix {
                           0.996871,-0.079028,-0.001457, 0.000000,
                           0.032722, 0.395833, 0.917739, 0.000000,
                          -0.071950,-0.914916, 0.397181, 0.000000,
                          -0.000000, 3.248591, 0.000005, 1.000000;;
                        }
                        Frame Armature_mixamorig_RightHandIndex3 {
                          FrameTransformMatrix {
                             0.999468, 0.005237, 0.032204, 0.000000,
                            -0.030396, 0.508175, 0.860717, 0.000000,
                            -0.011858,-0.861238, 0.508064, 0.000000,
                            -0.000005, 2.659607, 0.000003, 1.000000;;
                          }
                          Frame Armature_mixamorig_RightHandIndex4 {
                            FrameTransformMatrix {
                               1.000000, 0.000000,-0.000000, 0.000000,
                              -0.000000, 1.000000, 0.000000, 0.000000,
                               0.000000,-0.000000, 1.000000, 0.000000,
                               0.000008, 3.633096,-0.000005, 1.000000;;
                            }
                          } // End of Armature_mixamorig_RightHandIndex4
                        } // End of Armature_mixamorig_RightHandIndex3
                      } // End of Armature_mixamorig_RightHandIndex2
                    } // End of Armature_mixamorig_RightHandIndex1
                    Frame Armature_mixamorig_RightHandMiddle1 {
                      FrameTransformMatrix {
                         0.999736,-0.000171,-0.022970, 0.000000,
                         0.021402, 0.370172, 0.928717, 0.000000,
                         0.008344,-0.928963, 0.370078, 0.000000,
                         0.000013,14.409797, 0.000000, 1.000000;;
                      }
                      Frame Armature_mixamorig_RightHandMiddle2 {
                        FrameTransformMatrix {
                           0.996113,-0.087999,-0.003724, 0.000000,
                           0.012154, 0.095465, 0.995359, 0.000000,
                          -0.087235,-0.991536, 0.096164, 0.000000,
                           0.000001, 3.259095,-0.000000, 1.000000;;
                        }
                        Frame Armature_mixamorig_RightHandMiddle3 {
                          FrameTransformMatrix {
                             0.999641, 0.021969, 0.015331, 0.000000,
                            -0.026769, 0.841138, 0.540157, 0.000000,
                            -0.001029,-0.540374, 0.841424, 0.000000,
                             0.000009, 2.639796, 0.000002, 1.000000;;
                          }
                          Frame Armature_mixamorig_RightHandMiddle4 {
                            FrameTransformMatrix {
                               1.000000, 0.000000,-0.000000, 0.000000,
                              -0.000000, 1.000000,-0.000000, 0.000000,
                               0.000000, 0.000000, 1.000000, 0.000000,
                               0.000011, 3.673909,-0.000000, 1.000000;;
                            }
                          } // End of Armature_mixamorig_RightHandMiddle4
                        } // End of Armature_mixamorig_RightHandMiddle3
                      } // End of Armature_mixamorig_RightHandMiddle2
                    } // End of Armature_mixamorig_RightHandMiddle1
                    Frame Armature_mixamorig_RightHandPinky1 {
                      FrameTransformMatrix {
                         0.997427,-0.004354,-0.071564, 0.000000,
                         0.071696, 0.056399, 0.995831, 0.000000,
                        -0.000300,-0.998399, 0.056566, 0.000000,
                        -5.921973,11.636401, 0.516998, 1.000000;;
                      }
                      Frame Armature_mixamorig_RightHandPinky2 {
                        FrameTransformMatrix {
                           0.999994,-0.003052,-0.001570, 0.000000,
                           0.003053, 0.581894, 0.813259, 0.000000,
                          -0.001568,-0.813259, 0.581900, 0.000000,
                           0.000006, 1.559307, 0.000001, 1.000000;;
                        }
                        Frame Armature_mixamorig_RightHandPinky3 {
                          FrameTransformMatrix {
                             0.999999,-0.001635,-0.000375, 0.000000,
                             0.001635, 0.900092, 0.435697, 0.000000,
                            -0.000375,-0.435697, 0.900094, 0.000000,
                             0.000006, 1.540594, 0.000002, 1.000000;;
                          }
                          Frame Armature_mixamorig_RightHandPinky4 {
                            FrameTransformMatrix {
                               1.000000, 0.000001,-0.000001, 0.000000,
                              -0.000001, 1.000000, 0.000000, 0.000000,
                               0.000001, 0.000000, 1.000000, 0.000000,
                              -0.000004, 1.668689, 0.000003, 1.000000;;
                            }
                          } // End of Armature_mixamorig_RightHandPinky4
                        } // End of Armature_mixamorig_RightHandPinky3
                      } // End of Armature_mixamorig_RightHandPinky2
                    } // End of Armature_mixamorig_RightHandPinky1
                    Frame Armature_mixamorig_RightHandRing1 {
                      FrameTransformMatrix {
                         0.996863, 0.078037, 0.013230, 0.000000,
                        -0.027663, 0.186897, 0.981990, 0.000000,
                         0.074159,-0.979275, 0.188469, 0.000000,
                        -3.304944,13.191501,-0.322000, 1.000000;;
                      }
                      Frame Armature_mixamorig_RightHandRing2 {
                        FrameTransformMatrix {
                           0.999644,-0.022419,-0.014452, 0.000000,
                           0.020302, 0.288066, 0.957395, 0.000000,
                          -0.017301,-0.957348, 0.288419, 0.000000,
                           0.000005, 2.717589, 0.000000, 1.000000;;
                        }
                        Frame Armature_mixamorig_RightHandRing3 {
                          FrameTransformMatrix {
                             0.999813, 0.019266,-0.001727, 0.000000,
                            -0.013851, 0.775388, 0.631333, 0.000000,
                             0.013503,-0.631191, 0.775510, 0.000000,
                             0.000002, 2.134499, 0.000002, 1.000000;;
                          }
                          Frame Armature_mixamorig_RightHandRing4 {
                            FrameTransformMatrix {
                               1.000000, 0.000000,-0.000000, 0.000000,
                               0.000000, 1.000000,-0.000000, 0.000000,
                               0.000000, 0.000000, 1.000000, 0.000000,
                              -0.000002, 2.786818,-0.000002, 1.000000;;
                            }
                          } // End of Armature_mixamorig_RightHandRing4
                        } // End of Armature_mixamorig_RightHandRing3
                      } // End of Armature_mixamorig_RightHandRing2
                    } // End of Armature_mixamorig_RightHandRing1
                    Frame Armature_mixamorig_RightHandThumb1 {
                      FrameTransformMatrix {
                         0.976822,-0.104943, 0.186561, 0.000000,
                        -0.093486, 0.574891, 0.812871, 0.000000,
                        -0.192558,-0.811472, 0.551756, 0.000000,
                         1.509048, 4.173399, 1.926997, 1.000000;;
                      }
                      Frame Armature_mixamorig_RightHandThumb2 {
                        FrameTransformMatrix {
                           0.951158, 0.004528, 0.308671, 0.000000,
                           0.055871, 0.980855,-0.186554, 0.000000,
                          -0.303607, 0.194688, 0.932695, 0.000000,
                          -0.000007, 3.870425,-0.000016, 1.000000;;
                        }
                        Frame Armature_mixamorig_RightHandThumb3 {
                          FrameTransformMatrix {
                             0.926979, 0.227167,-0.298505, 0.000000,
                            -0.296701, 0.930931,-0.212923, 0.000000,
                             0.229518, 0.285942, 0.930354, 0.000000,
                             0.000010, 4.710325, 0.000002, 1.000000;;
                          }
                          Frame Armature_mixamorig_RightHandThumb4 {
                            FrameTransformMatrix {
                               1.000000, 0.000000,-0.000000, 0.000000,
                              -0.000000, 1.000000,-0.000000, 0.000000,
                               0.000000, 0.000000, 1.000000, 0.000000,
                              -0.000009, 3.830365,-0.000006, 1.000000;;
                            }
                          } // End of Armature_mixamorig_RightHandThumb4
                        } // End of Armature_mixamorig_RightHandThumb3
                      } // End of Armature_mixamorig_RightHandThumb2
                    } // End of Armature_mixamorig_RightHandThumb1
                  } // End of Armature_mixamorig_RightHand
                } // End of Armature_mixamorig_RightForeArm
              } // End of Armature_mixamorig_RightArm
            } // End of Armature_mixamorig_RightShoulder
          } // End of Armature_mixamorig_Spine2
        } // End of Armature_mixamorig_Spine1
      } // End of Armature_mixamorig_Spine
    } // End of Armature_mixamorig_Hips
  } // End of Armature
} // End of Root
AnimationSet Global {
  Animation {
    {Armature}
    AnimationKey { // Rotation
      0;
      26;
      0;4;-0.707107, 0.707107, 0.000000, 0.000000;;,
      1;4;-0.707107, 0.707107, 0.000000, 0.000000;;,
      2;4;-0.707107, 0.707107, 0.000000, 0.000000;;,
      3;4;-0.707107, 0.707107, 0.000000, 0.000000;;,
      4;4;-0.707107, 0.707107, 0.000000, 0.000000;;,
      5;4;-0.707107, 0.707107, 0.000000, 0.000000;;,
      6;4;-0.707107, 0.707107, 0.000000, 0.000000;;,
      7;4;-0.707107, 0.707107, 0.000000, 0.000000;;,
      8;4;-0.707107, 0.707107, 0.000000, 0.000000;;,
      9;4;-0.707107, 0.707107, 0.000000, 0.000000;;,
      10;4;-0.707107, 0.707107, 0.000000, 0.000000;;,
      11;4;-0.707107, 0.707107, 0.000000, 0.000000;;,
      12;4;-0.707107, 0.707107, 0.000000, 0.000000;;,
      13;4;-0.707107, 0.707107, 0.000000, 0.000000;;,
      14;4;-0.707107, 0.707107, 0.000000, 0.000000;;,
      15;4;-0.707107, 0.707107, 0.000000, 0.000000;;,
      16;4;-0.707107, 0.707107, 0.000000, 0.000000;;,
      17;4;-0.707107, 0.707107, 0.000000, 0.000000;;,
      18;4;-0.707107, 0.707107, 0.000000, 0.000000;;,
      19;4;-0.707107, 0.707107, 0.000000, 0.000000;;,
      20;4;-0.707107, 0.707107, 0.000000, 0.000000;;,
      21;4;-0.707107, 0.707107, 0.000000, 0.000000;;,
      22;4;-0.707107, 0.707107, 0.000000, 0.000000;;,
      23;4;-0.707107, 0.707107, 0.000000, 0.000000;;,
      24;4;-0.707107, 0.707107, 0.000000, 0.000000;;,
      25;4;-0.707107, 0.707107, 0.000000, 0.000000;;;
    }
    AnimationKey { // Scale
      1;
      26;
      0;3; 0.100000, 0.100000, 0.100000;;,
      1;3; 0.100000, 0.100000, 0.100000;;,
      2;3; 0.100000, 0.100000, 0.100000;;,
      3;3; 0.100000, 0.100000, 0.100000;;,
      4;3; 0.100000, 0.100000, 0.100000;;,
      5;3; 0.100000, 0.100000, 0.100000;;,
      6;3; 0.100000, 0.100000, 0.100000;;,
      7;3; 0.100000, 0.100000, 0.100000;;,
      8;3; 0.100000, 0.100000, 0.100000;;,
      9;3; 0.100000, 0.100000, 0.100000;;,
      10;3; 0.100000, 0.100000, 0.100000;;,
      11;3; 0.100000, 0.100000, 0.100000;;,
      12;3; 0.100000, 0.100000, 0.100000;;,
      13;3; 0.100000, 0.100000, 0.100000;;,
      14;3; 0.100000, 0.100000, 0.100000;;,
      15;3; 0.100000, 0.100000, 0.100000;;,
      16;3; 0.100000, 0.100000, 0.100000;;,
      17;3; 0.100000, 0.100000, 0.100000;;,
      18;3; 0.100000, 0.100000, 0.100000;;,
      19;3; 0.100000, 0.100000, 0.100000;;,
      20;3; 0.100000, 0.100000, 0.100000;;,
      21;3; 0.100000, 0.100000, 0.100000;;,
      22;3; 0.100000, 0.100000, 0.100000;;,
      23;3; 0.100000, 0.100000, 0.100000;;,
      24;3; 0.100000, 0.100000, 0.100000;;,
      25;3; 0.100000, 0.100000, 0.100000;;;
    }
    AnimationKey { // Position
      2;
      26;
      0;3; 0.000000, 0.000000, 0.000000;;,
      1;3; 0.000000, 0.000000, 0.000000;;,
      2;3; 0.000000, 0.000000, 0.000000;;,
      3;3; 0.000000, 0.000000, 0.000000;;,
      4;3; 0.000000, 0.000000, 0.000000;;,
      5;3; 0.000000, 0.000000, 0.000000;;,
      6;3; 0.000000, 0.000000, 0.000000;;,
      7;3; 0.000000, 0.000000, 0.000000;;,
      8;3; 0.000000, 0.000000, 0.000000;;,
      9;3; 0.000000, 0.000000, 0.000000;;,
      10;3; 0.000000, 0.000000, 0.000000;;,
      11;3; 0.000000, 0.000000, 0.000000;;,
      12;3; 0.000000, 0.000000, 0.000000;;,
      13;3; 0.000000, 0.000000, 0.000000;;,
      14;3; 0.000000, 0.000000, 0.000000;;,
      15;3; 0.000000, 0.000000, 0.000000;;,
      16;3; 0.000000, 0.000000, 0.000000;;,
      17;3; 0.000000, 0.000000, 0.000000;;,
      18;3; 0.000000, 0.000000, 0.000000;;,
      19;3; 0.000000, 0.000000, 0.000000;;,
      20;3; 0.000000, 0.000000, 0.000000;;,
      21;3; 0.000000, 0.000000, 0.000000;;,
      22;3; 0.000000, 0.000000, 0.000000;;,
      23;3; 0.000000, 0.000000, 0.000000;;,
      24;3; 0.000000, 0.000000, 0.000000;;,
      25;3; 0.000000, 0.000000, 0.000000;;;
    }
  }
  Animation {
    {Armature_mixamorig_Hips}
    AnimationKey { // Rotation
      0;
      26;
      0;4;-0.980231, 0.169828,-0.095810, 0.033554;;,
      1;4;-0.989872, 0.096297,-0.082906, 0.063295;;,
      2;4;-0.991756, 0.066093,-0.058755, 0.092738;;,
      3;4;-0.992251, 0.054164,-0.042816, 0.103298;;,
      4;4;-0.993092, 0.044996,-0.042982, 0.099476;;,
      5;4;-0.993949, 0.035466,-0.047918, 0.092261;;,
      6;4;-0.994545, 0.022350,-0.048495, 0.089604;;,
      7;4;-0.994953, 0.001362,-0.039461, 0.092249;;,
      8;4;-0.995929,-0.020909,-0.028690, 0.082852;;,
      9;4;-0.996737,-0.041380,-0.021147, 0.066004;;,
      10;4;-0.997114,-0.055953,-0.019529, 0.047446;;,
      11;4;-0.997610,-0.055858,-0.024004, 0.032836;;,
      12;4;-0.998004,-0.045370,-0.033804, 0.028034;;,
      13;4;-0.997942,-0.036526,-0.046356, 0.025078;;,
      14;4;-0.997816,-0.012308,-0.061032, 0.022061;;,
      15;4;-0.996715, 0.000632,-0.078747, 0.018925;;,
      16;4;-0.995274, 0.020175,-0.092969, 0.019462;;,
      17;4;-0.994215, 0.030907,-0.100477, 0.022049;;,
      18;4;-0.993283, 0.038930,-0.105568, 0.027003;;,
      19;4;-0.992247, 0.044364,-0.110711, 0.034948;;,
      20;4;-0.990628, 0.041716,-0.121260, 0.047027;;,
      21;4;-0.988994, 0.041600,-0.135091, 0.043708;;,
      22;4;-0.988370, 0.067181,-0.129813, 0.041943;;,
      23;4;-0.987572, 0.103549,-0.109550, 0.044471;;,
      24;4;-0.982438, 0.152482,-0.099245, 0.041419;;,
      25;4;-0.980231, 0.169828,-0.095810, 0.033554;;;
    }
    AnimationKey { // Scale
      1;
      26;
      0;3; 1.000000, 1.000000, 1.000000;;,
      1;3; 1.000000, 1.000000, 1.000000;;,
      2;3; 1.000000, 1.000000, 1.000000;;,
      3;3; 1.000000, 1.000000, 1.000000;;,
      4;3; 1.000000, 1.000000, 1.000000;;,
      5;3; 1.000000, 1.000000, 1.000000;;,
      6;3; 1.000000, 1.000000, 1.000000;;,
      7;3; 1.000000, 1.000000, 1.000000;;,
      8;3; 1.000000, 1.000000, 1.000000;;,
      9;3; 1.000000, 1.000000, 1.000000;;,
      10;3; 1.000000, 1.000000, 1.000000;;,
      11;3; 1.000000, 1.000000, 1.000000;;,
      12;3; 1.000000, 1.000000, 1.000000;;,
      13;3; 1.000000, 1.000000, 1.000000;;,
      14;3; 1.000000, 1.000000, 1.000000;;,
      15;3; 1.000000, 1.000000, 1.000000;;,
      16;3; 1.000000, 1.000000, 1.000000;;,
      17;3; 1.000000, 1.000000, 1.000000;;,
      18;3; 1.000000, 1.000000, 1.000000;;,
      19;3; 1.000000, 1.000000, 1.000000;;,
      20;3; 1.000000, 1.000000, 1.000000;;,
      21;3; 1.000000, 1.000000, 1.000000;;,
      22;3; 1.000000, 1.000000, 1.000000;;,
      23;3; 1.000000, 1.000000, 1.000000;;,
      24;3; 1.000000, 1.000000, 1.000000;;,
      25;3; 1.000000, 1.000000, 1.000000;;;
    }
    AnimationKey { // Position
      2;
      26;
      0;3; 0.356733,93.658333, 0.669748;;,
      1;3; 0.280426,99.469688, 3.306204;;,
      2;3; 0.306481,108.619003, 5.245203;;,
      3;3;-0.618019,117.478348, 5.217605;;,
      4;3;-1.178336,125.632599, 3.953404;;,
      5;3;-1.432429,133.324722, 2.657540;;,
      6;3;-1.200022,140.527649, 1.087324;;,
      7;3; 0.015604,146.184601,-1.205502;;,
      8;3; 1.104784,151.492325,-2.744417;;,
      9;3; 2.068017,156.868607,-3.880309;;,
      10;3; 3.137337,161.589447,-5.136803;;,
      11;3; 3.893792,164.502060,-5.866236;;,
      12;3; 3.982283,165.725098,-6.150379;;,
      13;3; 3.589097,165.711411,-6.510227;;,
      14;3; 2.907595,164.811935,-6.737212;;,
      15;3; 2.122316,162.570343,-6.868964;;,
      16;3; 1.380574,158.837906,-6.624343;;,
      17;3; 0.706538,153.184219,-6.971318;;,
      18;3; 0.022056,146.651810,-7.546432;;,
      19;3;-0.709393,139.368301,-7.975985;;,
      20;3;-1.056463,130.849411,-7.388932;;,
      21;3;-1.520848,121.453125,-6.234650;;,
      22;3;-1.299419,108.642883,-3.280770;;,
      23;3;-0.395438,97.042854, 1.387270;;,
      24;3; 0.009521,93.980804, 3.668117;;,
      25;3; 0.353215,93.658333, 0.669745;;;
    }
  }
  Animation {
    {Armature_mixamorig_Spine}
    AnimationKey { // Rotation
      0;
      26;
      0;4;-0.983075, 0.171354, 0.057690,-0.029562;;,
      1;4;-0.982009, 0.157152, 0.095064,-0.043869;;,
      2;4;-0.981834, 0.143364, 0.106065,-0.064797;;,
      3;4;-0.981954, 0.141659, 0.098634,-0.077264;;,
      4;4;-0.982337, 0.145279, 0.084544,-0.082225;;,
      5;4;-0.982410, 0.154519, 0.065127,-0.082176;;,
      6;4;-0.981499, 0.169796, 0.040263,-0.078797;;,
      7;4;-0.976932, 0.204497, 0.003965,-0.061399;;,
      8;4;-0.968190, 0.246634,-0.027517,-0.031992;;,
      9;4;-0.955778, 0.289087,-0.054002, 0.000962;;,
      10;4;-0.942535, 0.324720,-0.073414, 0.028197;;,
      11;4;-0.935845, 0.340436,-0.081992, 0.039684;;,
      12;4;-0.938811, 0.334156,-0.076574, 0.033311;;,
      13;4;-0.943510, 0.323099,-0.069625, 0.023435;;,
      14;4;-0.951679, 0.299439,-0.066928, 0.012833;;,
      15;4;-0.958265, 0.279982,-0.057775,-0.001041;;,
      16;4;-0.968263, 0.245140,-0.047634,-0.010211;;,
      17;4;-0.977679, 0.204786,-0.044506,-0.014999;;,
      18;4;-0.984666, 0.168178,-0.041048,-0.021550;;,
      19;4;-0.988048, 0.146612,-0.033260,-0.034046;;,
      20;4;-0.988395, 0.139588,-0.022767,-0.055429;;,
      21;4;-0.988346, 0.137371,-0.010038,-0.064809;;,
      22;4;-0.987645, 0.143651, 0.010235,-0.061790;;,
      23;4;-0.986126, 0.154792, 0.031565,-0.050984;;,
      24;4;-0.984199, 0.165640, 0.051775,-0.035132;;,
      25;4;-0.983075, 0.171354, 0.057690,-0.029562;;;
    }
    AnimationKey { // Scale
      1;
      26;
      0;3; 1.000000, 1.000000, 1.000000;;,
      1;3; 1.000000, 1.000000, 1.000000;;,
      2;3; 1.000000, 1.000000, 1.000000;;,
      3;3; 1.000000, 1.000000, 1.000000;;,
      4;3; 1.000000, 1.000000, 1.000000;;,
      5;3; 1.000000, 1.000000, 1.000000;;,
      6;3; 1.000000, 1.000000, 1.000000;;,
      7;3; 1.000000, 1.000000, 1.000000;;,
      8;3; 1.000000, 1.000000, 1.000000;;,
      9;3; 1.000000, 1.000000, 1.000000;;,
      10;3; 1.000000, 1.000000, 1.000000;;,
      11;3; 1.000000, 1.000000, 1.000000;;,
      12;3; 1.000000, 1.000000, 1.000000;;,
      13;3; 1.000000, 1.000000, 1.000000;;,
      14;3; 1.000000, 1.000000, 1.000000;;,
      15;3; 1.000000, 1.000000, 1.000000;;,
      16;3; 1.000000, 1.000000, 1.000000;;,
      17;3; 1.000000, 1.000000, 1.000000;;,
      18;3; 1.000000, 1.000000, 1.000000;;,
      19;3; 1.000000, 1.000000, 1.000000;;,
      20;3; 1.000000, 1.000000, 1.000000;;,
      21;3; 1.000000, 1.000000, 1.000000;;,
      22;3; 1.000000, 1.000000, 1.000000;;,
      23;3; 1.000000, 1.000000, 1.000000;;,
      24;3; 1.000000, 1.000000, 1.000000;;,
      25;3; 1.000000, 1.000000, 1.000000;;;
    }
    AnimationKey { // Position
      2;
      26;
      0;3;-0.038104, 9.490506,-1.392060;;,
      1;3;-0.038105, 9.490504,-1.392061;;,
      2;3;-0.038103, 9.490521,-1.392061;;,
