xof 0303txt 0032

Frame Root {
  FrameTransformMatrix {
     1.000000, 0.000000, 0.000000, 0.000000,
     0.000000,-0.000000,-1.000000, 0.000000,
     0.000000, 1.000000,-0.000000, 0.000000,
     0.000000, 0.000000, 0.000000, 1.000000;;
  }
  Frame Armature {
    FrameTransformMatrix {
       0.100000, 0.000000, 0.000000, 0.000000,
       0.000000,-0.000000, 0.100000, 0.000000,
       0.000000,-0.100000,-0.000000, 0.000000,
       0.000000, 0.000000, 0.000000, 1.000000;;
    }
    Frame Armature_mixamorig_Hips {
      FrameTransformMatrix {
         0.753176,-0.016554, 0.657610, 0.000000,
        -0.092433, 0.987102, 0.130714, 0.000000,
        -0.651292,-0.159236, 0.741931, 0.000000,
        -0.005335,89.390190, 0.344651, 1.000000;;
      }
      Frame Armature_mixamorig_LeftUpLeg {
        FrameTransformMatrix {
          -0.663197, 0.024215, 0.748045, 0.000000,
           0.624578,-0.532811, 0.570970, 0.000000,
           0.412398, 0.845887, 0.338230, 0.000000,
           9.618301,-5.272304,-1.010900, 1.000000;;
        }
        Frame Armature_mixamorig_LeftLeg {
          FrameTransformMatrix {
             0.966440,-0.123353,-0.225338, 0.000000,
            -0.093316, 0.648684,-0.755315, 0.000000,
             0.239343, 0.750995, 0.615404, 0.000000,
             0.000000,43.365002,-0.000002, 1.000000;;
          }
          Frame Armature_mixamorig_LeftFoot {
            FrameTransformMatrix {
               0.986988,-0.113396, 0.114004, 0.000000,
              -0.010435, 0.662335, 0.749135, 0.000000,
              -0.160458,-0.740576, 0.652534, 0.000000,
               0.000000,44.493011,-0.000001, 1.000000;;
            }
            Frame Armature_mixamorig_LeftToeBase {
              FrameTransformMatrix {
                 0.998669,-0.048964,-0.016218, 0.000000,
                 0.045990, 0.702918, 0.709783, 0.000000,
                -0.023354,-0.709584, 0.704234, 0.000000,
                 0.000002,20.000113,-0.000004, 1.000000;;
              }
              Frame Armature_mixamorig_LeftToe_End {
                FrameTransformMatrix {
                   1.000000, 0.000000, 0.000000, 0.000000,
                  -0.000000, 1.000000, 0.000000, 0.000000,
                  -0.000000,-0.000000, 1.000000, 0.000000,
                  -0.000001,10.000110, 0.000000, 1.000000;;
                }
              } // End of Armature_mixamorig_LeftToe_End
            } // End of Armature_mixamorig_LeftToeBase
          } // End of Armature_mixamorig_LeftFoot
        } // End of Armature_mixamorig_LeftLeg
      } // End of Armature_mixamorig_LeftUpLeg
      Frame Armature_mixamorig_RightUpLeg {
        FrameTransformMatrix {
          -0.764887, 0.323715,-0.557051, 0.000000,
          -0.559546,-0.762232, 0.325505, 0.000000,
          -0.319150, 0.560546, 0.764361, 0.000000,
          -9.941000,-5.272391,-1.010901, 1.000000;;
        }
        Frame Armature_mixamorig_RightLeg {
          FrameTransformMatrix {
             0.995542,-0.083342, 0.044154, 0.000000,
             0.089275, 0.681685,-0.726178, 0.000000,
             0.030423, 0.726883, 0.686087, 0.000000,
             0.000002,43.364784, 0.000004, 1.000000;;
          }
          Frame Armature_mixamorig_RightFoot {
            FrameTransformMatrix {
               0.876742, 0.477771,-0.055304, 0.000000,
              -0.169065, 0.413790, 0.894536, 0.000000,
               0.450268,-0.774927, 0.443562, 0.000000,
              -0.000004,44.492779, 0.000000, 1.000000;;
            }
            Frame Armature_mixamorig_RightToeBase {
              FrameTransformMatrix {
                 0.998626, 0.030527,-0.042589, 0.000000,
                 0.006819, 0.730153, 0.683250, 0.000000,
                 0.051954,-0.682602, 0.728942, 0.000000,
                -0.000004,19.997452, 0.000001, 1.000000;;
              }
              Frame Armature_mixamorig_RightToe_End {
                FrameTransformMatrix {
                   1.000000, 0.000000, 0.000000, 0.000000,
                  -0.000000, 1.000000,-0.000000, 0.000000,
                  -0.000000, 0.000000, 1.000000, 0.000000,
                  -0.000005, 9.997511, 0.000000, 1.000000;;
                }
              } // End of Armature_mixamorig_RightToe_End
            } // End of Armature_mixamorig_RightToeBase
          } // End of Armature_mixamorig_RightFoot
        } // End of Armature_mixamorig_RightLeg
      } // End of Armature_mixamorig_RightUpLeg
      Frame Armature_mixamorig_Spine {
        FrameTransformMatrix {
           0.996736,-0.040306,-0.069941, 0.000000,
           0.039043, 0.999050,-0.019329, 0.000000,
           0.070653, 0.016535, 0.997364, 0.000000,
          -0.038100, 9.490501,-1.392101, 1.000000;;
        }
        Frame Armature_mixamorig_Spine1 {
          FrameTransformMatrix {
             0.998875, 0.044025,-0.017599, 0.000000,
            -0.043633, 0.998804, 0.022066, 0.000000,
             0.018550,-0.021273, 0.999602, 0.000000,
            -0.000000,11.190804, 0.000001, 1.000000;;
          }
          Frame Armature_mixamorig_Spine2 {
            FrameTransformMatrix {
               0.999653, 0.017430,-0.019754, 0.000000,
              -0.014292, 0.988715, 0.149126, 0.000000,
               0.022130,-0.148792, 0.988621, 0.000000,
               0.000001,12.789513, 0.000001, 1.000000;;
            }
            Frame Armature_mixamorig_LeftShoulder {
              FrameTransformMatrix {
                 0.176014,-0.042785,-0.983457, 0.000000,
                 0.942192,-0.282046, 0.180899, 0.000000,
                -0.285120,-0.958446,-0.009333, 0.000000,
                 6.728800,11.756602,-2.058500, 1.000000;;
              }
              Frame Armature_mixamorig_LeftArm {
                FrameTransformMatrix {
                   0.963840, 0.265752, 0.019735, 0.000000,
                  -0.232519, 0.802505, 0.549472, 0.000000,
                   0.130186,-0.534192, 0.835279, 0.000000,
                  -0.000001,14.448809, 0.000001, 1.000000;;
                }
                Frame Armature_mixamorig_LeftForeArm {
                  FrameTransformMatrix {
                    -0.061236, 0.849641, 0.523794, 0.000000,
                    -0.998000,-0.043869,-0.045515, 0.000000,
                    -0.015694,-0.525533, 0.850628, 0.000000,
                    -0.000001,23.160297,-0.000005, 1.000000;;
                  }
                  Frame Armature_mixamorig_LeftHand {
                    FrameTransformMatrix {
                       0.999978, 0.006580,-0.000469, 0.000000,
                      -0.006543, 0.998358, 0.056903, 0.000000,
                       0.000842,-0.056899, 0.998380, 0.000000,
                       0.000004,24.071796, 0.000005, 1.000000;;
                    }
                    Frame Armature_mixamorig_LeftHandIndex1 {
                      FrameTransformMatrix {
                         0.988741, 0.136017, 0.062370, 0.000000,
                        -0.082850, 0.150530, 0.985128, 0.000000,
                         0.124606,-0.979204, 0.160104, 0.000000,
                        -2.855500,14.669407, 0.398798, 1.000000;;
                      }
                      Frame Armature_mixamorig_LeftHandIndex2 {
                        FrameTransformMatrix {
                           0.997066, 0.076552,-0.000052, 0.000000,
                          -0.029297, 0.382205, 0.923613, 0.000000,
                           0.070724,-0.920901, 0.383326, 0.000000,
                           0.000005, 3.248595, 0.000000, 1.000000;;
                        }
                        Frame Armature_mixamorig_LeftHandIndex3 {
                          FrameTransformMatrix {
                             0.999415,-0.011707,-0.032126, 0.000000,
                             0.034192, 0.348763, 0.936587, 0.000000,
                             0.000239,-0.937138, 0.348960, 0.000000,
                            -0.000005, 2.659621,-0.000001, 1.000000;;
                          }
                          Frame Armature_mixamorig_LeftHandIndex4 {
                            FrameTransformMatrix {
                               1.000000, 0.000000, 0.000000, 0.000000,
                              -0.000000, 1.000000, 0.000000, 0.000000,
                              -0.000000,-0.000000, 1.000000, 0.000000,
                              -0.000000, 3.633187, 0.000004, 1.000000;;
                            }
                          } // End of Armature_mixamorig_LeftHandIndex4
                        } // End of Armature_mixamorig_LeftHandIndex3
                      } // End of Armature_mixamorig_LeftHandIndex2
                    } // End of Armature_mixamorig_LeftHandIndex1
                    Frame Armature_mixamorig_LeftHandMiddle1 {
                      FrameTransformMatrix {
                         0.994538,-0.042221, 0.095452, 0.000000,
                        -0.092919, 0.058356, 0.993962, 0.000000,
                        -0.047537,-0.997403, 0.054114, 0.000000,
                         0.000000,14.409811, 0.000000, 1.000000;;
                      }
                      Frame Armature_mixamorig_LeftHandMiddle2 {
                        FrameTransformMatrix {
                           0.996345, 0.085408, 0.001177, 0.000000,
                          -0.020932, 0.230784, 0.972780, 0.000000,
                           0.082811,-0.969249, 0.231728, 0.000000,
                           0.000009, 3.259092,-0.000001, 1.000000;;
                        }
                        Frame Armature_mixamorig_LeftHandMiddle3 {
                          FrameTransformMatrix {
                             0.999609,-0.009333,-0.026362, 0.000000,
                             0.027920, 0.386754, 0.921760, 0.000000,
                             0.001592,-0.922136, 0.386863, 0.000000,
                             0.000002, 2.639900, 0.000000, 1.000000;;
                          }
                          Frame Armature_mixamorig_LeftHandMiddle4 {
                            FrameTransformMatrix {
                               1.000000, 0.000000,-0.000000, 0.000000,
                              -0.000000, 1.000000, 0.000000, 0.000000,
                               0.000000,-0.000000, 1.000000, 0.000000,
                              -0.000006, 3.673911, 0.000003, 1.000000;;
                            }
                          } // End of Armature_mixamorig_LeftHandMiddle4
                        } // End of Armature_mixamorig_LeftHandMiddle3
                      } // End of Armature_mixamorig_LeftHandMiddle2
                    } // End of Armature_mixamorig_LeftHandMiddle1
                    Frame Armature_mixamorig_LeftHandPinky1 {
                      FrameTransformMatrix {
                         0.977751,-0.143713, 0.152807, 0.000000,
                        -0.143466, 0.073319, 0.986936, 0.000000,
                        -0.153040,-0.986899, 0.051070, 0.000000,
                         5.614202,11.636406, 0.516603, 1.000000;;
                      }
                      Frame Armature_mixamorig_LeftHandPinky2 {
                        FrameTransformMatrix {
                           0.999999, 0.001183, 0.000772, 0.000000,
                          -0.001066, 0.273864, 0.961768, 0.000000,
                           0.000926,-0.961768, 0.273865, 0.000000,
                           0.000004, 1.559405, 0.000000, 1.000000;;
                        }
                        Frame Armature_mixamorig_LeftHandPinky3 {
                          FrameTransformMatrix {
                             1.000000, 0.000870, 0.000347, 0.000000,
                            -0.000836, 0.661960, 0.749539, 0.000000,
                             0.000422,-0.749539, 0.661961, 0.000000,
                             0.000008, 1.540602, 0.000001, 1.000000;;
                          }
                          Frame Armature_mixamorig_LeftHandPinky4 {
                            FrameTransformMatrix {
                               1.000000, 0.000000,-0.000000, 0.000000,
                              -0.000000, 1.000000, 0.000000, 0.000000,
                              -0.000000,-0.000000, 1.000000, 0.000000,
                              -0.000006, 1.668702, 0.000002, 1.000000;;
                            }
                          } // End of Armature_mixamorig_LeftHandPinky4
                        } // End of Armature_mixamorig_LeftHandPinky3
                      } // End of Armature_mixamorig_LeftHandPinky2
                    } // End of Armature_mixamorig_LeftHandPinky1
                    Frame Armature_mixamorig_LeftHandRing1 {
                      FrameTransformMatrix {
                         0.994610,-0.068265, 0.078041, 0.000000,
                        -0.078710,-0.007167, 0.996872, 0.000000,
                        -0.067492,-0.997642,-0.012501, 0.000000,
                         3.304898,13.191504,-0.321999, 1.000000;;
                      }
                      Frame Armature_mixamorig_LeftHandRing2 {
                        FrameTransformMatrix {
                           0.999742, 0.011887, 0.019331, 0.000000,
                          -0.022641, 0.464638, 0.885211, 0.000000,
                           0.001541,-0.885421, 0.464787, 0.000000,
                           0.000012, 2.717605,-0.000002, 1.000000;;
                        }
                        Frame Armature_mixamorig_LeftHandRing3 {
                          FrameTransformMatrix {
                             0.999784,-0.020709, 0.001840, 0.000000,
                             0.004469, 0.300525, 0.953763, 0.000000,
                            -0.020304,-0.953549, 0.300553, 0.000000,
                            -0.000008, 2.134499, 0.000000, 1.000000;;
                          }
                          Frame Armature_mixamorig_LeftHandRing4 {
                            FrameTransformMatrix {
                               1.000000, 0.000000, 0.000000, 0.000000,
                               0.000000, 1.000000, 0.000000, 0.000000,
                              -0.000000,-0.000000, 1.000000, 0.000000,
                              -0.000006, 2.786888, 0.000001, 1.000000;;
                            }
                          } // End of Armature_mixamorig_LeftHandRing4
                        } // End of Armature_mixamorig_LeftHandRing3
                      } // End of Armature_mixamorig_LeftHandRing2
                    } // End of Armature_mixamorig_LeftHandRing1
                    Frame Armature_mixamorig_LeftHandThumb1 {
                      FrameTransformMatrix {
                         0.857972, 0.512606, 0.033459, 0.000000,
                        -0.403244, 0.631711, 0.662069, 0.000000,
                         0.318244,-0.581529, 0.748695, 0.000000,
                        -1.508998, 4.173408, 1.926502, 1.000000;;
                      }
                      Frame Armature_mixamorig_LeftHandThumb2 {
                        FrameTransformMatrix {
                           0.922590,-0.322810,-0.211236, 0.000000,
                           0.321783, 0.945960,-0.040200, 0.000000,
                           0.212797,-0.030884, 0.976608, 0.000000,
                           0.000006, 3.870409,-0.000003, 1.000000;;
                        }
                        Frame Armature_mixamorig_LeftHandThumb3 {
                          FrameTransformMatrix {
                             0.590012, 0.029187,-0.806867, 0.000000,
                             0.439672, 0.826562, 0.351404, 0.000000,
                             0.677181,-0.562089, 0.474849, 0.000000,
                            -0.000006, 4.710595, 0.000001, 1.000000;;
                          }
                          Frame Armature_mixamorig_LeftHandThumb4 {
                            FrameTransformMatrix {
                               1.000000, 0.000000,-0.000000, 0.000000,
                              -0.000000, 1.000000,-0.000000, 0.000000,
                               0.000000, 0.000000, 1.000000, 0.000000,
                               0.000000, 3.830414, 0.000014, 1.000000;;
                            }
                          } // End of Armature_mixamorig_LeftHandThumb4
                        } // End of Armature_mixamorig_LeftHandThumb3
                      } // End of Armature_mixamorig_LeftHandThumb2
                    } // End of Armature_mixamorig_LeftHandThumb1
                  } // End of Armature_mixamorig_LeftHand
                } // End of Armature_mixamorig_LeftForeArm
              } // End of Armature_mixamorig_LeftArm
            } // End of Armature_mixamorig_LeftShoulder
            Frame Armature_mixamorig_Neck {
              FrameTransformMatrix {
                 0.985070,-0.032879,-0.168988, 0.000000,
                 0.027001, 0.998952,-0.036964, 0.000000,
                 0.170026, 0.031849, 0.984925, 0.000000,
                -0.056898,14.235822,-2.088097, 1.000000;;
              }
              Frame Armature_mixamorig_Head {
                FrameTransformMatrix {
                   0.912383,-0.112644,-0.393533, 0.000000,
                   0.079625, 0.991866,-0.099303, 0.000000,
                   0.401518, 0.059267, 0.913932, 0.000000,
                   0.000000, 3.280217, 0.313302, 1.000000;;
                }
                Frame Armature_mixamorig_HeadTop_End {
                  FrameTransformMatrix {
                     1.000000, 0.000000, 0.000000, 0.000000,
                    -0.000000, 1.000000, 0.000000, 0.000000,
                    -0.000000,-0.000000, 1.000000, 0.000000,
                    -0.000000,25.653507, 2.450502, 1.000000;;
                  }
                } // End of Armature_mixamorig_HeadTop_End
              } // End of Armature_mixamorig_Head
            } // End of Armature_mixamorig_Neck
            Frame Armature_mixamorig_RightShoulder {
              FrameTransformMatrix {
                -0.327069, 0.122600, 0.937013, 0.000000,
                -0.910625,-0.305890,-0.277835, 0.000000,
                 0.252560,-0.944140, 0.211690, 0.000000,
                -6.728797,11.756710,-2.058498, 1.000000;;
              }
              Frame Armature_mixamorig_RightArm {
                FrameTransformMatrix {
                   0.997846,-0.023213, 0.061361, 0.000000,
                  -0.020745, 0.775677, 0.630789, 0.000000,
                  -0.062239,-0.630703, 0.773524, 0.000000,
                   0.000000,14.448809, 0.000011, 1.000000;;
                }
                Frame Armature_mixamorig_RightForeArm {
                  FrameTransformMatrix {
                     0.266616,-0.960680,-0.077530, 0.000000,
                     0.963801, 0.265895, 0.019670, 0.000000,
                     0.001719,-0.079967, 0.996796, 0.000000,
                     0.000000,23.160286, 0.000000, 1.000000;;
                  }
                  Frame Armature_mixamorig_RightHand {
                    FrameTransformMatrix {
                       0.884659,-0.464571,-0.039401, 0.000000,
                       0.464486, 0.870856, 0.160821, 0.000000,
                      -0.040401,-0.160573, 0.986197, 0.000000,
                       0.000008,24.071712, 0.000001, 1.000000;;
                    }
                    Frame Armature_mixamorig_RightHandIndex1 {
                      FrameTransformMatrix {
                         0.998729, 0.050341,-0.002469, 0.000000,
                        -0.021905, 0.477654, 0.878275, 0.000000,
                         0.045393,-0.877104, 0.478150, 0.000000,
                         2.855510,14.669404, 0.399009, 1.000000;;
                      }
                      Frame Armature_mixamorig_RightHandIndex2 {
                        FrameTransformMatrix {
                           0.996871,-0.079029,-0.001457, 0.000000,
                           0.032722, 0.395833, 0.917739, 0.000000,
                          -0.071952,-0.914916, 0.397180, 0.000000,
                          -0.000014, 3.248602, 0.000002, 1.000000;;
                        }
                        Frame Armature_mixamorig_RightHandIndex3 {
                          FrameTransformMatrix {
                             0.999468, 0.005236, 0.032203, 0.000000,
                            -0.030395, 0.508175, 0.860717, 0.000000,
                            -0.011858,-0.861238, 0.508064, 0.000000,
                            -0.000010, 2.659609,-0.000003, 1.000000;;
                          }
                          Frame Armature_mixamorig_RightHandIndex4 {
                            FrameTransformMatrix {
                               1.000000, 0.000000,-0.000000, 0.000000,
                               0.000000, 1.000000,-0.000000, 0.000000,
                               0.000000,-0.000000, 1.000000, 0.000000,
                               0.000001, 3.633097,-0.000001, 1.000000;;
                            }
                          } // End of Armature_mixamorig_RightHandIndex4
                        } // End of Armature_mixamorig_RightHandIndex3
                      } // End of Armature_mixamorig_RightHandIndex2
                    } // End of Armature_mixamorig_RightHandIndex1
                    Frame Armature_mixamorig_RightHandMiddle1 {
                      FrameTransformMatrix {
                         0.999736,-0.000171,-0.022969, 0.000000,
                         0.021401, 0.370172, 0.928717, 0.000000,
                         0.008344,-0.928963, 0.370078, 0.000000,
                         0.000008,14.409800, 0.000001, 1.000000;;
                      }
                      Frame Armature_mixamorig_RightHandMiddle2 {
                        FrameTransformMatrix {
                           0.996114,-0.087999,-0.003724, 0.000000,
                           0.012155, 0.095465, 0.995358, 0.000000,
                          -0.087235,-0.991536, 0.096164, 0.000000,
                          -0.000009, 3.259103, 0.000008, 1.000000;;
                        }
                        Frame Armature_mixamorig_RightHandMiddle3 {
                          FrameTransformMatrix {
                             0.999639, 0.021869, 0.015623, 0.000000,
                            -0.026843, 0.841136, 0.540158, 0.000000,
                            -0.001328,-0.540382, 0.841419, 0.000000,
                            -0.000003, 2.639805, 0.000001, 1.000000;;
                          }
                          Frame Armature_mixamorig_RightHandMiddle4 {
                            FrameTransformMatrix {
                               1.000000,-0.000000, 0.000000, 0.000000,
                               0.000000, 1.000000,-0.000000, 0.000000,
                               0.000000, 0.000000, 1.000000, 0.000000,
                               0.000006, 3.673905, 0.000005, 1.000000;;
                            }
                          } // End of Armature_mixamorig_RightHandMiddle4
                        } // End of Armature_mixamorig_RightHandMiddle3
                      } // End of Armature_mixamorig_RightHandMiddle2
                    } // End of Armature_mixamorig_RightHandMiddle1
                    Frame Armature_mixamorig_RightHandPinky1 {
                      FrameTransformMatrix {
                         0.997427,-0.004354,-0.071564, 0.000000,
                         0.071696, 0.056400, 0.995831, 0.000000,
                        -0.000300,-0.998399, 0.056567, 0.000000,
                        -5.921990,11.636398, 0.516992, 1.000000;;
                      }
                      Frame Armature_mixamorig_RightHandPinky2 {
                        FrameTransformMatrix {
                           0.999994,-0.003052,-0.001570, 0.000000,
                           0.003053, 0.581894, 0.813259, 0.000000,
                          -0.001568,-0.813259, 0.581900, 0.000000,
                           0.000013, 1.559294, 0.000000, 1.000000;;
                        }
                        Frame Armature_mixamorig_RightHandPinky3 {
                          FrameTransformMatrix {
                             0.999998,-0.001636,-0.000375, 0.000000,
                             0.001635, 0.900092, 0.435697, 0.000000,
                            -0.000375,-0.435697, 0.900093, 0.000000,
                             0.000005, 1.540611,-0.000003, 1.000000;;
                          }
                          Frame Armature_mixamorig_RightHandPinky4 {
                            FrameTransformMatrix {
                               1.000000,-0.000000,-0.000000, 0.000000,
                              -0.000000, 1.000000, 0.000000, 0.000000,
                               0.000000,-0.000000, 1.000000, 0.000000,
                               0.000015, 1.668698,-0.000004, 1.000000;;
                            }
                          } // End of Armature_mixamorig_RightHandPinky4
                        } // End of Armature_mixamorig_RightHandPinky3
                      } // End of Armature_mixamorig_RightHandPinky2
                    } // End of Armature_mixamorig_RightHandPinky1
                    Frame Armature_mixamorig_RightHandRing1 {
                      FrameTransformMatrix {
                         0.996863, 0.078038, 0.013230, 0.000000,
                        -0.027664, 0.186897, 0.981990, 0.000000,
                         0.074159,-0.979275, 0.188469, 0.000000,
                        -3.304888,13.191501,-0.321995, 1.000000;;
                      }
                      Frame Armature_mixamorig_RightHandRing2 {
                        FrameTransformMatrix {
                           0.999644,-0.022419,-0.014452, 0.000000,
                           0.020302, 0.288066, 0.957395, 0.000000,
                          -0.017301,-0.957348, 0.288419, 0.000000,
                          -0.000004, 2.717605,-0.000003, 1.000000;;
                        }
                        Frame Armature_mixamorig_RightHandRing3 {
                          FrameTransformMatrix {
                             0.999813, 0.019266,-0.001728, 0.000000,
                            -0.013850, 0.775388, 0.631333, 0.000000,
                             0.013503,-0.631191, 0.775510, 0.000000,
                            -0.000002, 2.134496, 0.000009, 1.000000;;
                          }
                          Frame Armature_mixamorig_RightHandRing4 {
                            FrameTransformMatrix {
                               1.000000,-0.000000, 0.000000, 0.000000,
                               0.000000, 1.000000,-0.000000, 0.000000,
                              -0.000000, 0.000000, 1.000000, 0.000000,
                               0.000004, 2.786800,-0.000005, 1.000000;;
                            }
                          } // End of Armature_mixamorig_RightHandRing4
                        } // End of Armature_mixamorig_RightHandRing3
                      } // End of Armature_mixamorig_RightHandRing2
                    } // End of Armature_mixamorig_RightHandRing1
                    Frame Armature_mixamorig_RightHandThumb1 {
                      FrameTransformMatrix {
                         0.976822,-0.104942, 0.186561, 0.000000,
                        -0.093486, 0.574892, 0.812871, 0.000000,
                        -0.192557,-0.811472, 0.551757, 0.000000,
                         1.509009, 4.173398, 1.926999, 1.000000;;
                      }
                      Frame Armature_mixamorig_RightHandThumb2 {
                        FrameTransformMatrix {
                           0.951158, 0.004528, 0.308671, 0.000000,
                           0.055871, 0.980855,-0.186552, 0.000000,
                          -0.303606, 0.194686, 0.932696, 0.000000,
                          -0.000002, 3.870409, 0.000009, 1.000000;;
                        }
                        Frame Armature_mixamorig_RightHandThumb3 {
                          FrameTransformMatrix {
                             0.926980, 0.227168,-0.298501, 0.000000,
                            -0.296700, 0.930932,-0.212921, 0.000000,
                             0.229516, 0.285939, 0.930355, 0.000000,
                            -0.000003, 4.710301, 0.000004, 1.000000;;
                          }
                          Frame Armature_mixamorig_RightHandThumb4 {
                            FrameTransformMatrix {
                               1.000000, 0.000000,-0.000001, 0.000000,
                              -0.000000, 1.000000, 0.000000, 0.000000,
                               0.000001,-0.000000, 1.000000, 0.000000,
                              -0.000007, 3.830401, 0.000003, 1.000000;;
                            }
                          } // End of Armature_mixamorig_RightHandThumb4
                        } // End of Armature_mixamorig_RightHandThumb3
                      } // End of Armature_mixamorig_RightHandThumb2
                    } // End of Armature_mixamorig_RightHandThumb1
                  } // End of Armature_mixamorig_RightHand
                } // End of Armature_mixamorig_RightForeArm
              } // End of Armature_mixamorig_RightArm
            } // End of Armature_mixamorig_RightShoulder
          } // End of Armature_mixamorig_Spine2
        } // End of Armature_mixamorig_Spine1
      } // End of Armature_mixamorig_Spine
    } // End of Armature_mixamorig_Hips
  } // End of Armature
} // End of Root
AnimationSet Global {
  Animation {
    {Armature}
    AnimationKey { // Rotation
      0;
      62;
      0;4;-0.707107, 0.707107, 0.000000, 0.000000;;,
      1;4;-0.707107, 0.707107, 0.000000, 0.000000;;,
      2;4;-0.707107, 0.707107, 0.000000, 0.000000;;,
      3;4;-0.707107, 0.707107, 0.000000, 0.000000;;,
      4;4;-0.707107, 0.707107, 0.000000, 0.000000;;,
      5;4;-0.707107, 0.707107, 0.000000, 0.000000;;,
      6;4;-0.707107, 0.707107, 0.000000, 0.000000;;,
      7;4;-0.707107, 0.707107, 0.000000, 0.000000;;,
      8;4;-0.707107, 0.707107, 0.000000, 0.000000;;,
      9;4;-0.707107, 0.707107, 0.000000, 0.000000;;,
      10;4;-0.707107, 0.707107, 0.000000, 0.000000;;,
      11;4;-0.707107, 0.707107, 0.000000, 0.000000;;,
      12;4;-0.707107, 0.707107, 0.000000, 0.000000;;,
      13;4;-0.707107, 0.707107, 0.000000, 0.000000;;,
      14;4;-0.707107, 0.707107, 0.000000, 0.000000;;,
      15;4;-0.707107, 0.707107, 0.000000, 0.000000;;,
      16;4;-0.707107, 0.707107, 0.000000, 0.000000;;,
      17;4;-0.707107, 0.707107, 0.000000, 0.000000;;,
      18;4;-0.707107, 0.707107, 0.000000, 0.000000;;,
      19;4;-0.707107, 0.707107, 0.000000, 0.000000;;,
      20;4;-0.707107, 0.707107, 0.000000, 0.000000;;,
      21;4;-0.707107, 0.707107, 0.000000, 0.000000;;,
      22;4;-0.707107, 0.707107, 0.000000, 0.000000;;,
      23;4;-0.707107, 0.707107, 0.000000, 0.000000;;,
      24;4;-0.707107, 0.707107, 0.000000, 0.000000;;,
      25;4;-0.707107, 0.707107, 0.000000, 0.000000;;,
      26;4;-0.707107, 0.707107, 0.000000, 0.000000;;,
      27;4;-0.707107, 0.707107, 0.000000, 0.000000;;,
      28;4;-0.707107, 0.707107, 0.000000, 0.000000;;,
      29;4;-0.707107, 0.707107, 0.000000, 0.000000;;,
      30;4;-0.707107, 0.707107, 0.000000, 0.000000;;,
      31;4;-0.707107, 0.707107, 0.000000, 0.000000;;,
      32;4;-0.707107, 0.707107, 0.000000, 0.000000;;,
      33;4;-0.707107, 0.707107, 0.000000, 0.000000;;,
      34;4;-0.707107, 0.707107, 0.000000, 0.000000;;,
      35;4;-0.707107, 0.707107, 0.000000, 0.000000;;,
      36;4;-0.707107, 0.707107, 0.000000, 0.000000;;,
      37;4;-0.707107, 0.707107, 0.000000, 0.000000;;,
      38;4;-0.707107, 0.707107, 0.000000, 0.000000;;,
      39;4;-0.707107, 0.707107, 0.000000, 0.000000;;,
      40;4;-0.707107, 0.707107, 0.000000, 0.000000;;,
      41;4;-0.707107, 0.707107, 0.000000, 0.000000;;,
      42;4;-0.707107, 0.707107, 0.000000, 0.000000;;,
      43;4;-0.707107, 0.707107, 0.000000, 0.000000;;,
      44;4;-0.707107, 0.707107, 0.000000, 0.000000;;,
      45;4;-0.707107, 0.707107, 0.000000, 0.000000;;,
      46;4;-0.707107, 0.707107, 0.000000, 0.000000;;,
      47;4;-0.707107, 0.707107, 0.000000, 0.000000;;,
      48;4;-0.707107, 0.707107, 0.000000, 0.000000;;,
      49;4;-0.707107, 0.707107, 0.000000, 0.000000;;,
      50;4;-0.707107, 0.707107, 0.000000, 0.000000;;,
      51;4;-0.707107, 0.707107, 0.000000, 0.000000;;,
      52;4;-0.707107, 0.707107, 0.000000, 0.000000;;,
      53;4;-0.707107, 0.707107, 0.000000, 0.000000;;,
      54;4;-0.707107, 0.707107, 0.000000, 0.000000;;,
      55;4;-0.707107, 0.707107, 0.000000, 0.000000;;,
      56;4;-0.707107, 0.707107, 0.000000, 0.000000;;,
      57;4;-0.707107, 0.707107, 0.000000, 0.000000;;,
      58;4;-0.707107, 0.707107, 0.000000, 0.000000;;,
      59;4;-0.707107, 0.707107, 0.000000, 0.000000;;,
      60;4;-0.707107, 0.707107, 0.000000, 0.000000;;,
      61;4;-0.707107, 0.707107, 0.000000, 0.000000;;;
    }
    AnimationKey { // Scale
      1;
      62;
      0;3; 0.100000, 0.100000, 0.100000;;,
      1;3; 0.100000, 0.100000, 0.100000;;,
      2;3; 0.100000, 0.100000, 0.100000;;,
      3;3; 0.100000, 0.100000, 0.100000;;,
      4;3; 0.100000, 0.100000, 0.100000;;,
      5;3; 0.100000, 0.100000, 0.100000;;,
      6;3; 0.100000, 0.100000, 0.100000;;,
      7;3; 0.100000, 0.100000, 0.100000;;,
      8;3; 0.100000, 0.100000, 0.100000;;,
      9;3; 0.100000, 0.100000, 0.100000;;,
      10;3; 0.100000, 0.100000, 0.100000;;,
      11;3; 0.100000, 0.100000, 0.100000;;,
      12;3; 0.100000, 0.100000, 0.100000;;,
      13;3; 0.100000, 0.100000, 0.100000;;,
      14;3; 0.100000, 0.100000, 0.100000;;,
      15;3; 0.100000, 0.100000, 0.100000;;,
      16;3; 0.100000, 0.100000, 0.100000;;,
      17;3; 0.100000, 0.100000, 0.100000;;,
      18;3; 0.100000, 0.100000, 0.100000;;,
      19;3; 0.100000, 0.100000, 0.100000;;,
      20;3; 0.100000, 0.100000, 0.100000;;,
      21;3; 0.100000, 0.100000, 0.100000;;,
      22;3; 0.100000, 0.100000, 0.100000;;,
      23;3; 0.100000, 0.100000, 0.100000;;,
      24;3; 0.100000, 0.100000, 0.100000;;,
      25;3; 0.100000, 0.100000, 0.100000;;,
      26;3; 0.100000, 0.100000, 0.100000;;,
      27;3; 0.100000, 0.100000, 0.100000;;,
      28;3; 0.100000, 0.100000, 0.100000;;,
      29;3; 0.100000, 0.100000, 0.100000;;,
      30;3; 0.100000, 0.100000, 0.100000;;,
      31;3; 0.100000, 0.100000, 0.100000;;,
      32;3; 0.100000, 0.100000, 0.100000;;,
      33;3; 0.100000, 0.100000, 0.100000;;,
      34;3; 0.100000, 0.100000, 0.100000;;,
      35;3; 0.100000, 0.100000, 0.100000;;,
      36;3; 0.100000, 0.100000, 0.100000;;,
      37;3; 0.100000, 0.100000, 0.100000;;,
      38;3; 0.100000, 0.100000, 0.100000;;,
      39;3; 0.100000, 0.100000, 0.100000;;,
      40;3; 0.100000, 0.100000, 0.100000;;,
      41;3; 0.100000, 0.100000, 0.100000;;,
      42;3; 0.100000, 0.100000, 0.100000;;,
      43;3; 0.100000, 0.100000, 0.100000;;,
      44;3; 0.100000, 0.100000, 0.100000;;,
      45;3; 0.100000, 0.100000, 0.100000;;,
      46;3; 0.100000, 0.100000, 0.100000;;,
      47;3; 0.100000, 0.100000, 0.100000;;,
      48;3; 0.100000, 0.100000, 0.100000;;,
      49;3; 0.100000, 0.100000, 0.100000;;,
      50;3; 0.100000, 0.100000, 0.100000;;,
      51;3; 0.100000, 0.100000, 0.100000;;,
      52;3; 0.100000, 0.100000, 0.100000;;,
      53;3; 0.100000, 0.100000, 0.100000;;,
      54;3; 0.100000, 0.100000, 0.100000;;,
      55;3; 0.100000, 0.100000, 0.100000;;,
      56;3; 0.100000, 0.100000, 0.100000;;,
      57;3; 0.100000, 0.100000, 0.100000;;,
      58;3; 0.100000, 0.100000, 0.100000;;,
      59;3; 0.100000, 0.100000, 0.100000;;,
      60;3; 0.100000, 0.100000, 0.100000;;,
      61;3; 0.100000, 0.100000, 0.100000;;;
    }
    AnimationKey { // Position
      2;
      62;
      0;3; 0.000000, 0.000000, 0.000000;;,
      1;3; 0.000000, 0.000000, 0.000000;;,
      2;3; 0.000000, 0.000000, 0.000000;;,
      3;3; 0.000000, 0.000000, 0.000000;;,
      4;3; 0.000000, 0.000000, 0.000000;;,
      5;3; 0.000000, 0.000000, 0.000000;;,
      6;3; 0.000000, 0.000000, 0.000000;;,
      7;3; 0.000000, 0.000000, 0.000000;;,
      8;3; 0.000000, 0.000000, 0.000000;;,
      9;3; 0.000000, 0.000000, 0.000000;;,
      10;3; 0.000000, 0.000000, 0.000000;;,
      11;3; 0.000000, 0.000000, 0.000000;;,
      12;3; 0.000000, 0.000000, 0.000000;;,
      13;3; 0.000000, 0.000000, 0.000000;;,
      14;3; 0.000000, 0.000000, 0.000000;;,
      15;3; 0.000000, 0.000000, 0.000000;;,
      16;3; 0.000000, 0.000000, 0.000000;;,
      17;3; 0.000000, 0.000000, 0.000000;;,
      18;3; 0.000000, 0.000000, 0.000000;;,
      19;3; 0.000000, 0.000000, 0.000000;;,
      20;3; 0.000000, 0.000000, 0.000000;;,
      21;3; 0.000000, 0.000000, 0.000000;;,
      22;3; 0.000000, 0.000000, 0.000000;;,
      23;3; 0.000000, 0.000000, 0.000000;;,
      24;3; 0.000000, 0.000000, 0.000000;;,
      25;3; 0.000000, 0.000000, 0.000000;;,
      26;3; 0.000000, 0.000000, 0.000000;;,
      27;3; 0.000000, 0.000000, 0.000000;;,
      28;3; 0.000000, 0.000000, 0.000000;;,
      29;3; 0.000000, 0.000000, 0.000000;;,
      30;3; 0.000000, 0.000000, 0.000000;;,
      31;3; 0.000000, 0.000000, 0.000000;;,
      32;3; 0.000000, 0.000000, 0.000000;;,
      33;3; 0.000000, 0.000000, 0.000000;;,
      34;3; 0.000000, 0.000000, 0.000000;;,
      35;3; 0.000000, 0.000000, 0.000000;;,
      36;3; 0.000000, 0.000000, 0.000000;;,
      37;3; 0.000000, 0.000000, 0.000000;;,
      38;3; 0.000000, 0.000000, 0.000000;;,
      39;3; 0.000000, 0.000000, 0.000000;;,
      40;3; 0.000000, 0.000000, 0.000000;;,
      41;3; 0.000000, 0.000000, 0.000000;;,
      42;3; 0.000000, 0.000000, 0.000000;;,
      43;3; 0.000000, 0.000000, 0.000000;;,
      44;3; 0.000000, 0.000000, 0.000000;;,
      45;3; 0.000000, 0.000000, 0.000000;;,
      46;3; 0.000000, 0.000000, 0.000000;;,
      47;3; 0.000000, 0.000000, 0.000000;;,
      48;3; 0.000000, 0.000000, 0.000000;;,
      49;3; 0.000000, 0.000000, 0.000000;;,
      50;3; 0.000000, 0.000000, 0.000000;;,
      51;3; 0.000000, 0.000000, 0.000000;;,
      52;3; 0.000000, 0.000000, 0.000000;;,
      53;3; 0.000000, 0.000000, 0.000000;;,
      54;3; 0.000000, 0.000000, 0.000000;;,
      55;3; 0.000000, 0.000000, 0.000000;;,
      56;3; 0.000000, 0.000000, 0.000000;;,
      57;3; 0.000000, 0.000000, 0.000000;;,
      58;3; 0.000000, 0.000000, 0.000000;;,
      59;3; 0.000000, 0.000000, 0.000000;;,
      60;3; 0.000000, 0.000000, 0.000000;;,
      61;3; 0.000000, 0.000000, 0.000000;;;
    }
  }
  Animation {
    {Armature_mixamorig_Hips}
    AnimationKey { // Rotation
      0;
      62;
      0;4;-0.933034, 0.077690,-0.350711, 0.020331;;,
      1;4;-0.936639, 0.076647,-0.341558, 0.013074;;,
      2;4;-0.940126, 0.075422,-0.332340, 0.004984;;,
      3;4;-0.943462, 0.074187,-0.323057,-0.003125;;,
      4;4;-0.946720, 0.073513,-0.313441,-0.008487;;,
      5;4;-0.949900, 0.073057,-0.303626,-0.012782;;,
      6;4;-0.953021, 0.072699,-0.293582,-0.016619;;,
      7;4;-0.956428, 0.072643,-0.282120,-0.019389;;,
      8;4;-0.959823, 0.072704,-0.270152,-0.021726;;,
      9;4;-0.963063, 0.072826,-0.258141,-0.023838;;,
      10;4;-0.966060, 0.073026,-0.246444,-0.025710;;,
      11;4;-0.968593, 0.073347,-0.236015,-0.027305;;,
      12;4;-0.970258, 0.073646,-0.228776,-0.028935;;,
      13;4;-0.970736, 0.073907,-0.226436,-0.030603;;,
      14;4;-0.970802, 0.074211,-0.225841,-0.032141;;,
      15;4;-0.970734, 0.074546,-0.225820,-0.033531;;,
      16;4;-0.970675, 0.074928,-0.225784,-0.034614;;,
      17;4;-0.970619, 0.075284,-0.225770,-0.035478;;,
      18;4;-0.970573, 0.075565,-0.225765,-0.036167;;,
      19;4;-0.970544, 0.075720,-0.225748,-0.036740;;,
      20;4;-0.970521, 0.075819,-0.225726,-0.037261;;,
      21;4;-0.970501, 0.075894,-0.225702,-0.037760;;,
      22;4;-0.970486, 0.075950,-0.225671,-0.038226;;,
      23;4;-0.970472, 0.075997,-0.225638,-0.038675;;,
      24;4;-0.970459, 0.076039,-0.225603,-0.039114;;,
      25;4;-0.970447, 0.076076,-0.225568,-0.039542;;,
      26;4;-0.970438, 0.076100,-0.225531,-0.039943;;,
      27;4;-0.970433, 0.076092,-0.225495,-0.040274;;,
      28;4;-0.970431, 0.076062,-0.225461,-0.040558;;,
