xof 0303txt 0032

Frame Root {
  FrameTransformMatrix {
     1.000000, 0.000000, 0.000000, 0.000000,
     0.000000,-0.000000,-1.000000, 0.000000,
     0.000000, 1.000000,-0.000000, 0.000000,
     0.000000, 0.000000, 0.000000, 1.000000;;
  }
  Frame Armature {
    FrameTransformMatrix {
       0.100000, 0.000000, 0.000000, 0.000000,
       0.000000,-0.000000, 0.100000, 0.000000,
       0.000000,-0.100000,-0.000000, 0.000000,
       0.000000, 0.000000, 0.000000, 1.000000;;
    }
    Frame Armature_mixamorig_Hips {
      FrameTransformMatrix {
         0.636207, 0.042103, 0.770369, 0.000000,
        -0.128224, 0.990393, 0.051766, 0.000000,
        -0.760789,-0.131714, 0.635493, 0.000000,
        -0.557433,89.299568, 0.754251, 1.000000;;
      }
      Frame Armature_mixamorig_LeftUpLeg {
        FrameTransformMatrix {
          -0.655453, 0.035076, 0.754413, 0.000000,
           0.592538,-0.595483, 0.542487, 0.000000,
           0.468274, 0.802602, 0.369522, 0.000000,
           9.618302,-5.272305,-1.010900, 1.000000;;
        }
        Frame Armature_mixamorig_LeftLeg {
          FrameTransformMatrix {
             0.939215,-0.206371,-0.274383, 0.000000,
            -0.083312, 0.638304,-0.765263, 0.000000,
             0.333068, 0.741606, 0.582311, 0.000000,
            -0.000000,43.365005,-0.000007, 1.000000;;
          }
          Frame Armature_mixamorig_LeftFoot {
            FrameTransformMatrix {
               0.986468,-0.105644, 0.125379, 0.000000,
              -0.030784, 0.631777, 0.774539, 0.000000,
              -0.161037,-0.767918, 0.619976, 0.000000,
               0.000001,44.493015,-0.000006, 1.000000;;
            }
            Frame Armature_mixamorig_LeftToeBase {
              FrameTransformMatrix {
                 0.994510,-0.102596,-0.020567, 0.000000,
                 0.089208, 0.728602, 0.679103, 0.000000,
                -0.054688,-0.677210, 0.733755, 0.000000,
                 0.000000,20.000105, 0.000005, 1.000000;;
              }
              Frame Armature_mixamorig_LeftToe_End {
                FrameTransformMatrix {
                   1.000000, 0.000000, 0.000000, 0.000000,
                  -0.000000, 1.000000, 0.000000, 0.000000,
                  -0.000000,-0.000000, 1.000000, 0.000000,
                  -0.000003,10.000112, 0.000000, 1.000000;;
                }
              } // End of Armature_mixamorig_LeftToe_End
            } // End of Armature_mixamorig_LeftToeBase
          } // End of Armature_mixamorig_LeftFoot
        } // End of Armature_mixamorig_LeftLeg
      } // End of Armature_mixamorig_LeftUpLeg
      Frame Armature_mixamorig_RightUpLeg {
        FrameTransformMatrix {
          -0.915132, 0.326872,-0.236036, 0.000000,
          -0.403118,-0.749741, 0.524888, 0.000000,
          -0.005393, 0.575366, 0.818099, 0.000000,
          -9.941000,-5.272399,-1.010900, 1.000000;;
        }
        Frame Armature_mixamorig_RightLeg {
          FrameTransformMatrix {
             0.992638,-0.042153, 0.113546, 0.000000,
             0.119187, 0.506694,-0.853848, 0.000000,
            -0.021541, 0.861095, 0.507988, 0.000000,
             0.000004,43.364792, 0.000000, 1.000000;;
          }
          Frame Armature_mixamorig_RightFoot {
            FrameTransformMatrix {
               0.928679, 0.368108, 0.045300, 0.000000,
              -0.114073, 0.167276, 0.979288, 0.000000,
               0.352907,-0.914612, 0.197337, 0.000000,
              -0.000002,44.492779,-0.000001, 1.000000;;
            }
            Frame Armature_mixamorig_RightToeBase {
              FrameTransformMatrix {
                 0.995216, 0.087003,-0.044445, 0.000000,
                -0.036573, 0.753616, 0.656297, 0.000000,
                 0.090594,-0.651532, 0.753192, 0.000000,
                 0.000008,19.997450, 0.000001, 1.000000;;
              }
              Frame Armature_mixamorig_RightToe_End {
                FrameTransformMatrix {
                   1.000000,-0.000000, 0.000000, 0.000000,
                   0.000000, 1.000000,-0.000000, 0.000000,
                  -0.000000, 0.000000, 1.000000, 0.000000,
                  -0.000000, 9.997515, 0.000000, 1.000000;;
                }
              } // End of Armature_mixamorig_RightToe_End
            } // End of Armature_mixamorig_RightToeBase
          } // End of Armature_mixamorig_RightFoot
        } // End of Armature_mixamorig_RightLeg
      } // End of Armature_mixamorig_RightUpLeg
      Frame Armature_mixamorig_Spine {
        FrameTransformMatrix {
           0.998161,-0.023409,-0.055906, 0.000000,
           0.025908, 0.998678, 0.044398, 0.000000,
           0.054793,-0.045765, 0.997448, 0.000000,
          -0.038100, 9.490506,-1.392100, 1.000000;;
        }
        Frame Armature_mixamorig_Spine1 {
          FrameTransformMatrix {
             0.992547,-0.048225,-0.111917, 0.000000,
             0.059505, 0.993232, 0.099744, 0.000000,
             0.106349,-0.105661, 0.988699, 0.000000,
            -0.000000,11.190805, 0.000001, 1.000000;;
          }
          Frame Armature_mixamorig_Spine2 {
            FrameTransformMatrix {
               0.992297,-0.052099,-0.112396, 0.000000,
               0.056764, 0.997637, 0.038707, 0.000000,
               0.110114,-0.044789, 0.992909, 0.000000,
               0.000000,12.789498,-0.000002, 1.000000;;
            }
            Frame Armature_mixamorig_LeftShoulder {
              FrameTransformMatrix {
                 0.282477,-0.032494,-0.958724, 0.000000,
                 0.923904,-0.259672, 0.281019, 0.000000,
                -0.258085,-0.965150,-0.043331, 0.000000,
                 6.728801,11.756595,-2.058498, 1.000000;;
              }
              Frame Armature_mixamorig_LeftArm {
                FrameTransformMatrix {
                   0.982097,-0.000235, 0.188374, 0.000000,
                  -0.102320, 0.838955, 0.534496, 0.000000,
                  -0.158163,-0.544202, 0.823911, 0.000000,
                   0.000000,14.448815,-0.000009, 1.000000;;
                }
                Frame Armature_mixamorig_LeftForeArm {
                  FrameTransformMatrix {
                     0.829686, 0.435015, 0.349833, 0.000000,
                    -0.491813, 0.866096, 0.089432, 0.000000,
                    -0.264084,-0.246253, 0.932534, 0.000000,
                     0.000005,23.160282, 0.000001, 1.000000;;
                  }
                  Frame Armature_mixamorig_LeftHand {
                    FrameTransformMatrix {
                       0.998095, 0.043825,-0.043419, 0.000000,
                      -0.048662, 0.991886,-0.117449, 0.000000,
                       0.037920, 0.119338, 0.992129, 0.000000,
                      -0.000007,24.071795,-0.000005, 1.000000;;
                    }
                    Frame Armature_mixamorig_LeftHandIndex1 {
                      FrameTransformMatrix {
                         0.994700, 0.100569, 0.021405, 0.000000,
                        -0.100617, 0.994924, 0.001192, 0.000000,
                        -0.021177,-0.003340, 0.999770, 0.000000,
                        -2.855494,14.669415, 0.398793, 1.000000;;
                      }
                      Frame Armature_mixamorig_LeftHandIndex2 {
                        FrameTransformMatrix {
                           0.999991, 0.003449,-0.002338, 0.000000,
                          -0.003251, 0.996770, 0.080244, 0.000000,
                           0.002607,-0.080236, 0.996773, 0.000000,
                          -0.000002, 3.248603,-0.000007, 1.000000;;
                        }
                        Frame Armature_mixamorig_LeftHandIndex3 {
                          FrameTransformMatrix {
                             0.999969, 0.007822,-0.000973, 0.000000,
                            -0.007625, 0.991258, 0.131714, 0.000000,
                             0.001995,-0.131702, 0.991287, 0.000000,
                             0.000002, 2.659617,-0.000004, 1.000000;;
                          }
                          Frame Armature_mixamorig_LeftHandIndex4 {
                            FrameTransformMatrix {
                               1.000000,-0.000000, 0.000000, 0.000000,
                              -0.000000, 1.000000, 0.000000, 0.000000,
                               0.000000,-0.000000, 1.000000, 0.000000,
                               0.000010, 3.633190, 0.000007, 1.000000;;
                            }
                          } // End of Armature_mixamorig_LeftHandIndex4
                        } // End of Armature_mixamorig_LeftHandIndex3
                      } // End of Armature_mixamorig_LeftHandIndex2
                    } // End of Armature_mixamorig_LeftHandIndex1
                    Frame Armature_mixamorig_LeftHandMiddle1 {
                      FrameTransformMatrix {
                         0.996150,-0.081301,-0.032780, 0.000000,
                         0.083632, 0.993483, 0.077445, 0.000000,
                         0.026270,-0.079888, 0.996458, 0.000000,
                         0.000005,14.409815,-0.000004, 1.000000;;
                      }
                      Frame Armature_mixamorig_LeftHandMiddle2 {
                        FrameTransformMatrix {
                           0.999810, 0.017623,-0.008319, 0.000000,
                          -0.015302, 0.974272, 0.224855, 0.000000,
                           0.012067,-0.224685, 0.974357, 0.000000,
                           0.000003, 3.259097,-0.000002, 1.000000;;
                        }
                        Frame Armature_mixamorig_LeftHandMiddle3 {
                          FrameTransformMatrix {
                             0.999664, 0.023500,-0.010966, 0.000000,
                            -0.019399, 0.958287, 0.285149, 0.000000,
                             0.017210,-0.284840, 0.958420, 0.000000,
                            -0.000005, 2.639899, 0.000009, 1.000000;;
                          }
                          Frame Armature_mixamorig_LeftHandMiddle4 {
                            FrameTransformMatrix {
                               1.000000, 0.000000,-0.000000, 0.000000,
                               0.000000, 1.000000, 0.000000, 0.000000,
                               0.000000,-0.000000, 1.000000, 0.000000,
                              -0.000001, 3.673913,-0.000003, 1.000000;;
                            }
                          } // End of Armature_mixamorig_LeftHandMiddle4
                        } // End of Armature_mixamorig_LeftHandMiddle3
                      } // End of Armature_mixamorig_LeftHandMiddle2
                    } // End of Armature_mixamorig_LeftHandMiddle1
                    Frame Armature_mixamorig_LeftHandPinky1 {
                      FrameTransformMatrix {
                         0.993338,-0.109838,-0.034869, 0.000000,
                         0.114859, 0.919041, 0.377055, 0.000000,
                        -0.009369,-0.378548, 0.925534, 0.000000,
                         5.614203,11.636412, 0.516598, 1.000000;;
                      }
                      Frame Armature_mixamorig_LeftHandPinky2 {
                        FrameTransformMatrix {
                           0.999892, 0.003678, 0.014230, 0.000000,
                          -0.007622, 0.957582, 0.288058, 0.000000,
                          -0.012567,-0.288136, 0.957507, 0.000000,
                          -0.000006, 1.559407, 0.000003, 1.000000;;
                        }
                        Frame Armature_mixamorig_LeftHandPinky3 {
                          FrameTransformMatrix {
                             0.999241,-0.000333, 0.038956, 0.000000,
                            -0.021889, 0.822404, 0.568483, 0.000000,
                            -0.032227,-0.568904, 0.821772, 0.000000,
                             0.000000, 1.540601, 0.000003, 1.000000;;
                          }
                          Frame Armature_mixamorig_LeftHandPinky4 {
                            FrameTransformMatrix {
                               1.000000, 0.000000,-0.000000, 0.000000,
                              -0.000000, 1.000000, 0.000000, 0.000000,
                              -0.000000,-0.000000, 1.000000, 0.000000,
                              -0.000005, 1.668705, 0.000006, 1.000000;;
                            }
                          } // End of Armature_mixamorig_LeftHandPinky4
                        } // End of Armature_mixamorig_LeftHandPinky3
                      } // End of Armature_mixamorig_LeftHandPinky2
                    } // End of Armature_mixamorig_LeftHandPinky1
                    Frame Armature_mixamorig_LeftHandRing1 {
                      FrameTransformMatrix {
                         0.989036,-0.138118,-0.052259, 0.000000,
                         0.146626, 0.960562, 0.236266, 0.000000,
                         0.017566,-0.241338, 0.970282, 0.000000,
                         3.304902,13.191505,-0.322004, 1.000000;;
                      }
                      Frame Armature_mixamorig_LeftHandRing2 {
                        FrameTransformMatrix {
                           0.999875, 0.009881, 0.012356, 0.000000,
                          -0.013350, 0.946063, 0.323707, 0.000000,
                          -0.008491,-0.323831, 0.946077, 0.000000,
                          -0.000002, 2.717612,-0.000004, 1.000000;;
                        }
                        Frame Armature_mixamorig_LeftHandRing3 {
                          FrameTransformMatrix {
                             0.999844, 0.012304, 0.012676, 0.000000,
                            -0.016163, 0.926731, 0.375377, 0.000000,
                            -0.007129,-0.375523, 0.926786, 0.000000,
                             0.000002, 2.134500, 0.000000, 1.000000;;
                          }
                          Frame Armature_mixamorig_LeftHandRing4 {
                            FrameTransformMatrix {
                               1.000000,-0.000000, 0.000000, 0.000000,
                               0.000000, 1.000000, 0.000000, 0.000000,
                              -0.000000,-0.000000, 1.000000, 0.000000,
                              -0.000003, 2.786892,-0.000001, 1.000000;;
                            }
                          } // End of Armature_mixamorig_LeftHandRing4
                        } // End of Armature_mixamorig_LeftHandRing3
                      } // End of Armature_mixamorig_LeftHandRing2
                    } // End of Armature_mixamorig_LeftHandRing1
                    Frame Armature_mixamorig_LeftHandThumb1 {
                      FrameTransformMatrix {
                         0.683382, 0.626457,-0.374889, 0.000000,
                        -0.470858, 0.770633, 0.429440, 0.000000,
                         0.557927,-0.116952, 0.821608, 0.000000,
                        -1.508994, 4.173413, 1.926497, 1.000000;;
                      }
                      Frame Armature_mixamorig_LeftHandThumb2 {
                        FrameTransformMatrix {
                           0.976163,-0.133678, 0.170986, 0.000000,
                           0.113207, 0.985757, 0.124372, 0.000000,
                          -0.185176,-0.102051, 0.977392, 0.000000,
                          -0.000002, 3.870411,-0.000002, 1.000000;;
                        }
                        Frame Armature_mixamorig_LeftHandThumb3 {
                          FrameTransformMatrix {
                             0.985903,-0.166919,-0.011571, 0.000000,
                             0.167312, 0.984156, 0.058687, 0.000000,
                             0.001592,-0.059795, 0.998209, 0.000000,
                            -0.000002, 4.710599,-0.000006, 1.000000;;
                          }
                          Frame Armature_mixamorig_LeftHandThumb4 {
                            FrameTransformMatrix {
                               1.000000, 0.000000,-0.000000, 0.000000,
                              -0.000000, 1.000000,-0.000000, 0.000000,
                               0.000000, 0.000000, 1.000000, 0.000000,
                              -0.000003, 3.830400, 0.000006, 1.000000;;
                            }
                          } // End of Armature_mixamorig_LeftHandThumb4
                        } // End of Armature_mixamorig_LeftHandThumb3
                      } // End of Armature_mixamorig_LeftHandThumb2
                    } // End of Armature_mixamorig_LeftHandThumb1
                  } // End of Armature_mixamorig_LeftHand
                } // End of Armature_mixamorig_LeftForeArm
              } // End of Armature_mixamorig_LeftArm
            } // End of Armature_mixamorig_LeftShoulder
            Frame Armature_mixamorig_Neck {
              FrameTransformMatrix {
                 0.986666, 0.001953,-0.162748, 0.000000,
                 0.004571, 0.999201, 0.039704, 0.000000,
                 0.162695,-0.039919, 0.985868, 0.000000,
                -0.056899,14.235802,-2.088095, 1.000000;;
              }
              Frame Armature_mixamorig_Head {
                FrameTransformMatrix {
                   0.917660,-0.089680,-0.387115, 0.000000,
                   0.056499, 0.993749,-0.096282, 0.000000,
                   0.393330, 0.066482, 0.916991, 0.000000,
                   0.000002, 3.280192, 0.313296, 1.000000;;
                }
                Frame Armature_mixamorig_HeadTop_End {
                  FrameTransformMatrix {
                     1.000000, 0.000000, 0.000000, 0.000000,
                     0.000000, 1.000000, 0.000000, 0.000000,
                    -0.000000,-0.000000, 1.000000, 0.000000,
                    -0.000000,25.653502, 2.450499, 1.000000;;
                  }
                } // End of Armature_mixamorig_HeadTop_End
              } // End of Armature_mixamorig_Head
            } // End of Armature_mixamorig_Neck
            Frame Armature_mixamorig_RightShoulder {
              FrameTransformMatrix {
                 0.415865, 0.081448, 0.905771, 0.000000,
                -0.881528,-0.208697, 0.423500, 0.000000,
                 0.223525,-0.974583,-0.014991, 0.000000,
                -6.728799,11.756710,-2.058502, 1.000000;;
              }
              Frame Armature_mixamorig_RightArm {
                FrameTransformMatrix {
                   0.813897, 0.580086,-0.032726, 0.000000,
                  -0.403336, 0.604653, 0.686815, 0.000000,
                   0.418200,-0.545798, 0.726095, 0.000000,
                   0.000002,14.448812, 0.000004, 1.000000;;
                }
                Frame Armature_mixamorig_RightForeArm {
                  FrameTransformMatrix {
                     0.661910,-0.705053,-0.254508, 0.000000,
                     0.741068, 0.666549, 0.080814, 0.000000,
                     0.112664,-0.242100, 0.963688, 0.000000,
                    -0.000008,23.160278,-0.000004, 1.000000;;
                  }
                  Frame Armature_mixamorig_RightHand {
                    FrameTransformMatrix {
                       0.812817,-0.582518, 0.001358, 0.000000,
                       0.577493, 0.806107, 0.129201, 0.000000,
                      -0.076357,-0.104233, 0.991618, 0.000000,
                       0.000002,24.071718, 0.000013, 1.000000;;
                    }
                    Frame Armature_mixamorig_RightHandIndex1 {
                      FrameTransformMatrix {
                         0.986236,-0.133553, 0.097475, 0.000000,
                         0.047426, 0.793267, 0.607024, 0.000000,
                        -0.158394,-0.594046, 0.788683, 0.000000,
                         2.855499,14.669411, 0.399011, 1.000000;;
                      }
                      Frame Armature_mixamorig_RightHandIndex2 {
                        FrameTransformMatrix {
                           0.997469,-0.069137, 0.016620, 0.000000,
                           0.009347, 0.359191, 0.933217, 0.000000,
                          -0.070489,-0.930700, 0.358928, 0.000000,
                          -0.000004, 3.248594, 0.000000, 1.000000;;
                        }
                        Frame Armature_mixamorig_RightHandIndex3 {
                          FrameTransformMatrix {
                             0.998454,-0.055101, 0.007313, 0.000000,
                             0.019226, 0.465791, 0.884686, 0.000000,
                            -0.052154,-0.883178, 0.466130, 0.000000,
                            -0.000008, 2.659610, 0.000001, 1.000000;;
                          }
                          Frame Armature_mixamorig_RightHandIndex4 {
                            FrameTransformMatrix {
                               1.000000, 0.000000, 0.000000, 0.000000,
                               0.000000, 1.000000,-0.000000, 0.000000,
                              -0.000000,-0.000000, 1.000000, 0.000000,
                               0.000008, 3.633098,-0.000007, 1.000000;;
                            }
                          } // End of Armature_mixamorig_RightHandIndex4
                        } // End of Armature_mixamorig_RightHandIndex3
                      } // End of Armature_mixamorig_RightHandIndex2
                    } // End of Armature_mixamorig_RightHandIndex1
                    Frame Armature_mixamorig_RightHandMiddle1 {
                      FrameTransformMatrix {
                         0.999391,-0.034762,-0.002958, 0.000000,
                         0.026674, 0.706714, 0.706996, 0.000000,
                        -0.022487,-0.706645, 0.707211, 0.000000,
                        -0.000003,14.409804, 0.000001, 1.000000;;
                      }
                      Frame Armature_mixamorig_RightHandMiddle2 {
                        FrameTransformMatrix {
                           0.998054,-0.058332,-0.022016, 0.000000,
                           0.041962, 0.367263, 0.929170, 0.000000,
                          -0.046115,-0.928286, 0.368996, 0.000000,
                          -0.000001, 3.259091,-0.000002, 1.000000;;
                        }
                        Frame Armature_mixamorig_RightHandMiddle3 {
                          FrameTransformMatrix {
                             0.999299,-0.033368,-0.016977, 0.000000,
                             0.036308, 0.753099, 0.656904, 0.000000,
                            -0.009134,-0.657060, 0.753783, 0.000000,
                            -0.000003, 2.639806, 0.000002, 1.000000;;
                          }
                          Frame Armature_mixamorig_RightHandMiddle4 {
                            FrameTransformMatrix {
                               1.000000, 0.000000, 0.000000, 0.000000,
                              -0.000000, 1.000000, 0.000000, 0.000000,
                              -0.000000, 0.000000, 1.000000, 0.000000,
                              -0.000006, 3.673906,-0.000005, 1.000000;;
                            }
                          } // End of Armature_mixamorig_RightHandMiddle4
                        } // End of Armature_mixamorig_RightHandMiddle3
                      } // End of Armature_mixamorig_RightHandMiddle2
                    } // End of Armature_mixamorig_RightHandMiddle1
                    Frame Armature_mixamorig_RightHandPinky1 {
                      FrameTransformMatrix {
                         0.977811, 0.161023,-0.134007, 0.000000,
                        -0.008473, 0.669554, 0.742715, 0.000000,
                         0.209319,-0.725099, 0.656062, 0.000000,
                        -5.922004,11.636406, 0.516997, 1.000000;;
                      }
                      Frame Armature_mixamorig_RightHandPinky2 {
                        FrameTransformMatrix {
                           0.999536,-0.028772,-0.009962, 0.000000,
                           0.027251, 0.699403, 0.714208, 0.000000,
                          -0.013582,-0.714148, 0.699863, 0.000000,
                          -0.000001, 1.559299, 0.000001, 1.000000;;
                        }
                        Frame Armature_mixamorig_RightHandPinky3 {
                          FrameTransformMatrix {
                             0.999844,-0.015128,-0.009113, 0.000000,
                             0.017561, 0.906317, 0.422233, 0.000000,
                             0.001872,-0.422327, 0.906442, 0.000000,
                            -0.000002, 1.540608, 0.000002, 1.000000;;
                          }
                          Frame Armature_mixamorig_RightHandPinky4 {
                            FrameTransformMatrix {
                               1.000000, 0.000000, 0.000000, 0.000000,
                              -0.000000, 1.000000, 0.000000, 0.000000,
                               0.000000,-0.000000, 1.000000, 0.000000,
                              -0.000003, 1.668695, 0.000000, 1.000000;;
                            }
                          } // End of Armature_mixamorig_RightHandPinky4
                        } // End of Armature_mixamorig_RightHandPinky3
                      } // End of Armature_mixamorig_RightHandPinky2
                    } // End of Armature_mixamorig_RightHandPinky1
                    Frame Armature_mixamorig_RightHandRing1 {
                      FrameTransformMatrix {
                         0.995315,-0.023464,-0.093797, 0.000000,
                         0.092207, 0.522249, 0.847793, 0.000000,
                         0.029093,-0.852470, 0.521966, 0.000000,
                        -3.304901,13.191501,-0.321992, 1.000000;;
                      }
                      Frame Armature_mixamorig_RightHandRing2 {
                        FrameTransformMatrix {
                           0.999422,-0.031046,-0.013865, 0.000000,
                           0.031078, 0.668701, 0.742882, 0.000000,
                          -0.013792,-0.742883, 0.669279, 0.000000,
                           0.000002, 2.717608, 0.000005, 1.000000;;
                        }
                        Frame Armature_mixamorig_RightHandRing3 {
                          FrameTransformMatrix {
                             0.999297,-0.034227,-0.015306, 0.000000,
                             0.032615, 0.592178, 0.805147, 0.000000,
                            -0.018494,-0.805080, 0.592878, 0.000000,
                            -0.000000, 2.134497, 0.000001, 1.000000;;
                          }
                          Frame Armature_mixamorig_RightHandRing4 {
                            FrameTransformMatrix {
                               1.000000, 0.000000,-0.000000, 0.000000,
                               0.000000, 1.000000,-0.000000, 0.000000,
                              -0.000000, 0.000000, 1.000000, 0.000000,
                               0.000005, 2.786803,-0.000001, 1.000000;;
                            }
                          } // End of Armature_mixamorig_RightHandRing4
                        } // End of Armature_mixamorig_RightHandRing3
                      } // End of Armature_mixamorig_RightHandRing2
                    } // End of Armature_mixamorig_RightHandRing1
                    Frame Armature_mixamorig_RightHandThumb1 {
                      FrameTransformMatrix {
                         0.168316,-0.684488, 0.709327, 0.000000,
                         0.403240, 0.704441, 0.584089, 0.000000,
                        -0.899481, 0.187718, 0.394582, 0.000000,
                         1.509000, 4.173404, 1.926997, 1.000000;;
                      }
                      Frame Armature_mixamorig_RightHandThumb2 {
                        FrameTransformMatrix {
                           0.966645, 0.187883,-0.174063, 0.000000,
                          -0.168866, 0.978501, 0.118409, 0.000000,
                           0.192568,-0.085066, 0.977590, 0.000000,
                          -0.000001, 3.870407, 0.000001, 1.000000;;
                        }
                        Frame Armature_mixamorig_RightHandThumb3 {
                          FrameTransformMatrix {
                             0.834257, 0.548569, 0.055562, 0.000000,
                            -0.546506, 0.809319, 0.215254, 0.000000,
                             0.073114,-0.209942, 0.974976, 0.000000,
                            -0.000000, 4.710299,-0.000002, 1.000000;;
                          }
                          Frame Armature_mixamorig_RightHandThumb4 {
                            FrameTransformMatrix {
                               1.000000, 0.000000,-0.000001, 0.000000,
                              -0.000000, 1.000000, 0.000000, 0.000000,
                               0.000001,-0.000000, 1.000000, 0.000000,
                              -0.000004, 3.830412,-0.000004, 1.000000;;
                            }
                          } // End of Armature_mixamorig_RightHandThumb4
                        } // End of Armature_mixamorig_RightHandThumb3
                      } // End of Armature_mixamorig_RightHandThumb2
                    } // End of Armature_mixamorig_RightHandThumb1
                  } // End of Armature_mixamorig_RightHand
                } // End of Armature_mixamorig_RightForeArm
              } // End of Armature_mixamorig_RightArm
            } // End of Armature_mixamorig_RightShoulder
          } // End of Armature_mixamorig_Spine2
        } // End of Armature_mixamorig_Spine1
      } // End of Armature_mixamorig_Spine
    } // End of Armature_mixamorig_Hips
  } // End of Armature
} // End of Root
AnimationSet Global {
  Animation {
    {Armature}
    AnimationKey { // Rotation
      0;
      112;
      0;4;-0.707107, 0.707107, 0.000000, 0.000000;;,
      1;4;-0.707107, 0.707107, 0.000000, 0.000000;;,
      2;4;-0.707107, 0.707107, 0.000000, 0.000000;;,
      3;4;-0.707107, 0.707107, 0.000000, 0.000000;;,
      4;4;-0.707107, 0.707107, 0.000000, 0.000000;;,
      5;4;-0.707107, 0.707107, 0.000000, 0.000000;;,
      6;4;-0.707107, 0.707107, 0.000000, 0.000000;;,
      7;4;-0.707107, 0.707107, 0.000000, 0.000000;;,
      8;4;-0.707107, 0.707107, 0.000000, 0.000000;;,
      9;4;-0.707107, 0.707107, 0.000000, 0.000000;;,
      10;4;-0.707107, 0.707107, 0.000000, 0.000000;;,
      11;4;-0.707107, 0.707107, 0.000000, 0.000000;;,
      12;4;-0.707107, 0.707107, 0.000000, 0.000000;;,
      13;4;-0.707107, 0.707107, 0.000000, 0.000000;;,
      14;4;-0.707107, 0.707107, 0.000000, 0.000000;;,
      15;4;-0.707107, 0.707107, 0.000000, 0.000000;;,
      16;4;-0.707107, 0.707107, 0.000000, 0.000000;;,
      17;4;-0.707107, 0.707107, 0.000000, 0.000000;;,
      18;4;-0.707107, 0.707107, 0.000000, 0.000000;;,
      19;4;-0.707107, 0.707107, 0.000000, 0.000000;;,
      20;4;-0.707107, 0.707107, 0.000000, 0.000000;;,
      21;4;-0.707107, 0.707107, 0.000000, 0.000000;;,
      22;4;-0.707107, 0.707107, 0.000000, 0.000000;;,
      23;4;-0.707107, 0.707107, 0.000000, 0.000000;;,
      24;4;-0.707107, 0.707107, 0.000000, 0.000000;;,
      25;4;-0.707107, 0.707107, 0.000000, 0.000000;;,
      26;4;-0.707107, 0.707107, 0.000000, 0.000000;;,
      27;4;-0.707107, 0.707107, 0.000000, 0.000000;;,
      28;4;-0.707107, 0.707107, 0.000000, 0.000000;;,
      29;4;-0.707107, 0.707107, 0.000000, 0.000000;;,
      30;4;-0.707107, 0.707107, 0.000000, 0.000000;;,
      31;4;-0.707107, 0.707107, 0.000000, 0.000000;;,
      32;4;-0.707107, 0.707107, 0.000000, 0.000000;;,
      33;4;-0.707107, 0.707107, 0.000000, 0.000000;;,
      34;4;-0.707107, 0.707107, 0.000000, 0.000000;;,
      35;4;-0.707107, 0.707107, 0.000000, 0.000000;;,
      36;4;-0.707107, 0.707107, 0.000000, 0.000000;;,
      37;4;-0.707107, 0.707107, 0.000000, 0.000000;;,
      38;4;-0.707107, 0.707107, 0.000000, 0.000000;;,
      39;4;-0.707107, 0.707107, 0.000000, 0.000000;;,
      40;4;-0.707107, 0.707107, 0.000000, 0.000000;;,
      41;4;-0.707107, 0.707107, 0.000000, 0.000000;;,
      42;4;-0.707107, 0.707107, 0.000000, 0.000000;;,
      43;4;-0.707107, 0.707107, 0.000000, 0.000000;;,
      44;4;-0.707107, 0.707107, 0.000000, 0.000000;;,
      45;4;-0.707107, 0.707107, 0.000000, 0.000000;;,
      46;4;-0.707107, 0.707107, 0.000000, 0.000000;;,
      47;4;-0.707107, 0.707107, 0.000000, 0.000000;;,
      48;4;-0.707107, 0.707107, 0.000000, 0.000000;;,
      49;4;-0.707107, 0.707107, 0.000000, 0.000000;;,
      50;4;-0.707107, 0.707107, 0.000000, 0.000000;;,
      51;4;-0.707107, 0.707107, 0.000000, 0.000000;;,
      52;4;-0.707107, 0.707107, 0.000000, 0.000000;;,
      53;4;-0.707107, 0.707107, 0.000000, 0.000000;;,
      54;4;-0.707107, 0.707107, 0.000000, 0.000000;;,
      55;4;-0.707107, 0.707107, 0.000000, 0.000000;;,
      56;4;-0.707107, 0.707107, 0.000000, 0.000000;;,
      57;4;-0.707107, 0.707107, 0.000000, 0.000000;;,
      58;4;-0.707107, 0.707107, 0.000000, 0.000000;;,
      59;4;-0.707107, 0.707107, 0.000000, 0.000000;;,
      60;4;-0.707107, 0.707107, 0.000000, 0.000000;;,
      61;4;-0.707107, 0.707107, 0.000000, 0.000000;;,
      62;4;-0.707107, 0.707107, 0.000000, 0.000000;;,
      63;4;-0.707107, 0.707107, 0.000000, 0.000000;;,
      64;4;-0.707107, 0.707107, 0.000000, 0.000000;;,
      65;4;-0.707107, 0.707107, 0.000000, 0.000000;;,
      66;4;-0.707107, 0.707107, 0.000000, 0.000000;;,
      67;4;-0.707107, 0.707107, 0.000000, 0.000000;;,
      68;4;-0.707107, 0.707107, 0.000000, 0.000000;;,
      69;4;-0.707107, 0.707107, 0.000000, 0.000000;;,
      70;4;-0.707107, 0.707107, 0.000000, 0.000000;;,
      71;4;-0.707107, 0.707107, 0.000000, 0.000000;;,
      72;4;-0.707107, 0.707107, 0.000000, 0.000000;;,
      73;4;-0.707107, 0.707107, 0.000000, 0.000000;;,
      74;4;-0.707107, 0.707107, 0.000000, 0.000000;;,
      75;4;-0.707107, 0.707107, 0.000000, 0.000000;;,
      76;4;-0.707107, 0.707107, 0.000000, 0.000000;;,
      77;4;-0.707107, 0.707107, 0.000000, 0.000000;;,
      78;4;-0.707107, 0.707107, 0.000000, 0.000000;;,
      79;4;-0.707107, 0.707107, 0.000000, 0.000000;;,
      80;4;-0.707107, 0.707107, 0.000000, 0.000000;;,
      81;4;-0.707107, 0.707107, 0.000000, 0.000000;;,
      82;4;-0.707107, 0.707107, 0.000000, 0.000000;;,
      83;4;-0.707107, 0.707107, 0.000000, 0.000000;;,
      84;4;-0.707107, 0.707107, 0.000000, 0.000000;;,
      85;4;-0.707107, 0.707107, 0.000000, 0.000000;;,
      86;4;-0.707107, 0.707107, 0.000000, 0.000000;;,
      87;4;-0.707107, 0.707107, 0.000000, 0.000000;;,
      88;4;-0.707107, 0.707107, 0.000000, 0.000000;;,
      89;4;-0.707107, 0.707107, 0.000000, 0.000000;;,
      90;4;-0.707107, 0.707107, 0.000000, 0.000000;;,
      91;4;-0.707107, 0.707107, 0.000000, 0.000000;;,
      92;4;-0.707107, 0.707107, 0.000000, 0.000000;;,
      93;4;-0.707107, 0.707107, 0.000000, 0.000000;;,
      94;4;-0.707107, 0.707107, 0.000000, 0.000000;;,
      95;4;-0.707107, 0.707107, 0.000000, 0.000000;;,
      96;4;-0.707107, 0.707107, 0.000000, 0.000000;;,
      97;4;-0.707107, 0.707107, 0.000000, 0.000000;;,
      98;4;-0.707107, 0.707107, 0.000000, 0.000000;;,
      99;4;-0.707107, 0.707107, 0.000000, 0.000000;;,
      100;4;-0.707107, 0.707107, 0.000000, 0.000000;;,
      101;4;-0.707107, 0.707107, 0.000000, 0.000000;;,
      102;4;-0.707107, 0.707107, 0.000000, 0.000000;;,
      103;4;-0.707107, 0.707107, 0.000000, 0.000000;;,
      104;4;-0.707107, 0.707107, 0.000000, 0.000000;;,
      105;4;-0.707107, 0.707107, 0.000000, 0.000000;;,
      106;4;-0.707107, 0.707107, 0.000000, 0.000000;;,
      107;4;-0.707107, 0.707107, 0.000000, 0.000000;;,
      108;4;-0.707107, 0.707107, 0.000000, 0.000000;;,
      109;4;-0.707107, 0.707107, 0.000000, 0.000000;;,
      110;4;-0.707107, 0.707107, 0.000000, 0.000000;;,
      111;4;-0.707107, 0.707107, 0.000000, 0.000000;;;
    }
    AnimationKey { // Scale
      1;
      112;
      0;3; 0.100000, 0.100000, 0.100000;;,
      1;3; 0.100000, 0.100000, 0.100000;;,
      2;3; 0.100000, 0.100000, 0.100000;;,
      3;3; 0.100000, 0.100000, 0.100000;;,
      4;3; 0.100000, 0.100000, 0.100000;;,
      5;3; 0.100000, 0.100000, 0.100000;;,
      6;3; 0.100000, 0.100000, 0.100000;;,
      7;3; 0.100000, 0.100000, 0.100000;;,
      8;3; 0.100000, 0.100000, 0.100000;;,
      9;3; 0.100000, 0.100000, 0.100000;;,
      10;3; 0.100000, 0.100000, 0.100000;;,
      11;3; 0.100000, 0.100000, 0.100000;;,
      12;3; 0.100000, 0.100000, 0.100000;;,
      13;3; 0.100000, 0.100000, 0.100000;;,
      14;3; 0.100000, 0.100000, 0.100000;;,
      15;3; 0.100000, 0.100000, 0.100000;;,
      16;3; 0.100000, 0.100000, 0.100000;;,
      17;3; 0.100000, 0.100000, 0.100000;;,
      18;3; 0.100000, 0.100000, 0.100000;;,
      19;3; 0.100000, 0.100000, 0.100000;;,
      20;3; 0.100000, 0.100000, 0.100000;;,
      21;3; 0.100000, 0.100000, 0.100000;;,
      22;3; 0.100000, 0.100000, 0.100000;;,
      23;3; 0.100000, 0.100000, 0.100000;;,
      24;3; 0.100000, 0.100000, 0.100000;;,
      25;3; 0.100000, 0.100000, 0.100000;;,
      26;3; 0.100000, 0.100000, 0.100000;;,
      27;3; 0.100000, 0.100000, 0.100000;;,
      28;3; 0.100000, 0.100000, 0.100000;;,
      29;3; 0.100000, 0.100000, 0.100000;;,
      30;3; 0.100000, 0.100000, 0.100000;;,
      31;3; 0.100000, 0.100000, 0.100000;;,
      32;3; 0.100000, 0.100000, 0.100000;;,
      33;3; 0.100000, 0.100000, 0.100000;;,
      34;3; 0.100000, 0.100000, 0.100000;;,
      35;3; 0.100000, 0.100000, 0.100000;;,
      36;3; 0.100000, 0.100000, 0.100000;;,
      37;3; 0.100000, 0.100000, 0.100000;;,
      38;3; 0.100000, 0.100000, 0.100000;;,
      39;3; 0.100000, 0.100000, 0.100000;;,
      40;3; 0.100000, 0.100000, 0.100000;;,
      41;3; 0.100000, 0.100000, 0.100000;;,
      42;3; 0.100000, 0.100000, 0.100000;;,
      43;3; 0.100000, 0.100000, 0.100000;;,
      44;3; 0.100000, 0.100000, 0.100000;;,
      45;3; 0.100000, 0.100000, 0.100000;;,
      46;3; 0.100000, 0.100000, 0.100000;;,
      47;3; 0.100000, 0.100000, 0.100000;;,
      48;3; 0.100000, 0.100000, 0.100000;;,
      49;3; 0.100000, 0.100000, 0.100000;;,
      50;3; 0.100000, 0.100000, 0.100000;;,
      51;3; 0.100000, 0.100000, 0.100000;;,
      52;3; 0.100000, 0.100000, 0.100000;;,
      53;3; 0.100000, 0.100000, 0.100000;;,
      54;3; 0.100000, 0.100000, 0.100000;;,
      55;3; 0.100000, 0.100000, 0.100000;;,
      56;3; 0.100000, 0.100000, 0.100000;;,
      57;3; 0.100000, 0.100000, 0.100000;;,
      58;3; 0.100000, 0.100000, 0.100000;;,
      59;3; 0.100000, 0.100000, 0.100000;;,
      60;3; 0.100000, 0.100000, 0.100000;;,
      61;3; 0.100000, 0.100000, 0.100000;;,
      62;3; 0.100000, 0.100000, 0.100000;;,
      63;3; 0.100000, 0.100000, 0.100000;;,
      64;3; 0.100000, 0.100000, 0.100000;;,
      65;3; 0.100000, 0.100000, 0.100000;;,
      66;3; 0.100000, 0.100000, 0.100000;;,
      67;3; 0.100000, 0.100000, 0.100000;;,
      68;3; 0.100000, 0.100000, 0.100000;;,
      69;3; 0.100000, 0.100000, 0.100000;;,
      70;3; 0.100000, 0.100000, 0.100000;;,
      71;3; 0.100000, 0.100000, 0.100000;;,
      72;3; 0.100000, 0.100000, 0.100000;;,
      73;3; 0.100000, 0.100000, 0.100000;;,
      74;3; 0.100000, 0.100000, 0.100000;;,
      75;3; 0.100000, 0.100000, 0.100000;;,
      76;3; 0.100000, 0.100000, 0.100000;;,
      77;3; 0.100000, 0.100000, 0.100000;;,
      78;3; 0.100000, 0.100000, 0.100000;;,
      79;3; 0.100000, 0.100000, 0.100000;;,
      80;3; 0.100000, 0.100000, 0.100000;;,
      81;3; 0.100000, 0.100000, 0.100000;;,
      82;3; 0.100000, 0.100000, 0.100000;;,
      83;3; 0.100000, 0.100000, 0.100000;;,
      84;3; 0.100000, 0.100000, 0.100000;;,
      85;3; 0.100000, 0.100000, 0.100000;;,
      86;3; 0.100000, 0.100000, 0.100000;;,
      87;3; 0.100000, 0.100000, 0.100000;;,
      88;3; 0.100000, 0.100000, 0.100000;;,
      89;3; 0.100000, 0.100000, 0.100000;;,
      90;3; 0.100000, 0.100000, 0.100000;;,
      91;3; 0.100000, 0.100000, 0.100000;;,
      92;3; 0.100000, 0.100000, 0.100000;;,
      93;3; 0.100000, 0.100000, 0.100000;;,
      94;3; 0.100000, 0.100000, 0.100000;;,
      95;3; 0.100000, 0.100000, 0.100000;;,
      96;3; 0.100000, 0.100000, 0.100000;;,
      97;3; 0.100000, 0.100000, 0.100000;;,
      98;3; 0.100000, 0.100000, 0.100000;;,
      99;3; 0.100000, 0.100000, 0.100000;;,
      100;3; 0.100000, 0.100000, 0.100000;;,
