xof 0303txt 0032

Frame Root {
  FrameTransformMatrix {
     1.000000, 0.000000, 0.000000, 0.000000,
     0.000000,-0.000000,-1.000000, 0.000000,
     0.000000, 1.000000,-0.000000, 0.000000,
     0.000000, 0.000000, 0.000000, 1.000000;;
  }
  Frame Armature {
    FrameTransformMatrix {
       0.100000, 0.000000, 0.000000, 0.000000,
       0.000000,-0.000000, 0.100000, 0.000000,
       0.000000,-0.100000,-0.000000, 0.000000,
       0.000000, 0.000000, 0.000000, 1.000000;;
    }
    Frame Armature_mixamorig_Hips {
      FrameTransformMatrix {
         0.920392,-0.159538, 0.356968, 0.000000,
         0.179902, 0.983383,-0.024355, 0.000000,
        -0.347150, 0.086635, 0.933799, 0.000000,
        -0.223129,104.022873, 0.208213, 1.000000;;
      }
      Frame Armature_mixamorig_LeftUpLeg {
        FrameTransformMatrix {
          -0.760836,-0.190289, 0.620411, 0.000000,
           0.406097,-0.885323, 0.226468, 0.000000,
           0.506175, 0.424256, 0.750853, 0.000000,
           9.618301,-5.272306,-1.010899, 1.000000;;
        }
        Frame Armature_mixamorig_LeftLeg {
          FrameTransformMatrix {
             0.998162, 0.037589,-0.047533, 0.000000,
            -0.056628, 0.857856,-0.510760, 0.000000,
             0.021578, 0.512513, 0.858408, 0.000000,
            -0.000001,43.364994,-0.000000, 1.000000;;
          }
          Frame Armature_mixamorig_LeftFoot {
            FrameTransformMatrix {
               0.994509,-0.009579, 0.104217, 0.000000,
              -0.080140, 0.570741, 0.817210, 0.000000,
              -0.067309,-0.821074, 0.566839, 0.000000,
              -0.000001,44.493019,-0.000001, 1.000000;;
            }
            Frame Armature_mixamorig_LeftToeBase {
              FrameTransformMatrix {
                 0.996848,-0.038950, 0.069121, 0.000000,
                -0.023315, 0.688932, 0.724451, 0.000000,
                -0.075837,-0.723779, 0.685852, 0.000000,
                 0.000001,20.000111, 0.000002, 1.000000;;
              }
              Frame Armature_mixamorig_LeftToe_End {
                FrameTransformMatrix {
                   1.000000, 0.000000, 0.000000, 0.000000,
                  -0.000000, 1.000000, 0.000000, 0.000000,
                  -0.000000,-0.000000, 1.000000, 0.000000,
                  -0.000001,10.000108, 0.000000, 1.000000;;
                }
              } // End of Armature_mixamorig_LeftToe_End
            } // End of Armature_mixamorig_LeftToeBase
          } // End of Armature_mixamorig_LeftFoot
        } // End of Armature_mixamorig_LeftLeg
      } // End of Armature_mixamorig_LeftUpLeg
      Frame Armature_mixamorig_RightUpLeg {
        FrameTransformMatrix {
          -0.973777,-0.187663,-0.128645, 0.000000,
           0.154010,-0.959845, 0.234514, 0.000000,
          -0.167447, 0.208521, 0.963826, 0.000000,
          -9.941000,-5.272401,-1.010900, 1.000000;;
        }
        Frame Armature_mixamorig_RightLeg {
          FrameTransformMatrix {
             0.991638,-0.046484, 0.120385, 0.000000,
             0.092435, 0.906817,-0.411264, 0.000000,
            -0.090050, 0.418953, 0.903532, 0.000000,
             0.000000,43.364799, 0.000003, 1.000000;;
          }
          Frame Armature_mixamorig_RightFoot {
            FrameTransformMatrix {
               0.990213, 0.024998,-0.137304, 0.000000,
               0.085612, 0.668163, 0.739073, 0.000000,
               0.110217,-0.743594, 0.659484, 0.000000,
               0.000002,44.492775,-0.000000, 1.000000;;
            }
            Frame Armature_mixamorig_RightToeBase {
              FrameTransformMatrix {
                 0.998742,-0.012267,-0.048622, 0.000000,
                 0.046949, 0.569370, 0.820740, 0.000000,
                 0.017616,-0.821990, 0.569229, 0.000000,
                -0.000002,19.997450, 0.000001, 1.000000;;
              }
              Frame Armature_mixamorig_RightToe_End {
                FrameTransformMatrix {
                   1.000000,-0.000000, 0.000000, 0.000000,
                  -0.000000, 1.000000,-0.000000, 0.000000,
                  -0.000000, 0.000000, 1.000000, 0.000000,
                   0.000001, 9.997515,-0.000000, 1.000000;;
                }
              } // End of Armature_mixamorig_RightToe_End
            } // End of Armature_mixamorig_RightToeBase
          } // End of Armature_mixamorig_RightFoot
        } // End of Armature_mixamorig_RightLeg
      } // End of Armature_mixamorig_RightUpLeg
      Frame Armature_mixamorig_Spine {
        FrameTransformMatrix {
           0.997530,-0.054891, 0.043817, 0.000000,
           0.051158, 0.995302, 0.082199, 0.000000,
          -0.048124,-0.079755, 0.995652, 0.000000,
          -0.038099, 9.490498,-1.392100, 1.000000;;
        }
        Frame Armature_mixamorig_Spine1 {
          FrameTransformMatrix {
             0.999283,-0.037710, 0.003274, 0.000000,
             0.037709, 0.999289, 0.000597, 0.000000,
            -0.003294,-0.000473, 0.999994, 0.000000,
             0.000000,11.190814, 0.000000, 1.000000;;
          }
          Frame Armature_mixamorig_Spine2 {
            FrameTransformMatrix {
               0.999132,-0.041600, 0.001997, 0.000000,
               0.040865, 0.988475, 0.145765, 0.000000,
              -0.008037,-0.145557, 0.989317, 0.000000,
               0.000001,12.789501,-0.000000, 1.000000;;
            }
            Frame Armature_mixamorig_LeftShoulder {
              FrameTransformMatrix {
                 0.426617,-0.006188,-0.904411, 0.000000,
                 0.806209,-0.450609, 0.383378, 0.000000,
                -0.409908,-0.892700,-0.187249, 0.000000,
                 6.728801,11.756604,-2.058501, 1.000000;;
              }
              Frame Armature_mixamorig_LeftArm {
                FrameTransformMatrix {
                   0.949254, 0.312775, 0.032994, 0.000000,
                  -0.314478, 0.942406, 0.113904, 0.000000,
                   0.004533,-0.118500, 0.992944, 0.000000,
                  -0.000001,14.448811, 0.000009, 1.000000;;
                }
                Frame Armature_mixamorig_LeftForeArm {
                  FrameTransformMatrix {
                     0.746356, 0.658074, 0.099452, 0.000000,
                    -0.665470, 0.740158, 0.096517, 0.000000,
                    -0.010095,-0.138218, 0.990350, 0.000000,
                     0.000003,23.160292, 0.000002, 1.000000;;
                  }
                  Frame Armature_mixamorig_LeftHand {
                    FrameTransformMatrix {
                       0.986923, 0.161111, 0.005059, 0.000000,
                      -0.161153, 0.985535, 0.052445, 0.000000,
                       0.003463,-0.052574, 0.998611, 0.000000,
                      -0.000006,24.071802, 0.000008, 1.000000;;
                    }
                    Frame Armature_mixamorig_LeftHandIndex1 {
                      FrameTransformMatrix {
                         0.983303, 0.137727, 0.118940, 0.000000,
                        -0.102570,-0.120420, 0.987410, 0.000000,
                         0.150315,-0.983123,-0.104283, 0.000000,
                        -2.855500,14.669405, 0.398797, 1.000000;;
                      }
                      Frame Armature_mixamorig_LeftHandIndex2 {
                        FrameTransformMatrix {
                           0.997069, 0.076510,-0.000024, 0.000000,
                          -0.016085, 0.209919, 0.977586, 0.000000,
                           0.074800,-0.974721, 0.210534, 0.000000,
                           0.000007, 3.248590, 0.000003, 1.000000;;
                        }
                        Frame Armature_mixamorig_LeftHandIndex3 {
                          FrameTransformMatrix {
                             0.999410,-0.004349,-0.034078, 0.000000,
                             0.034354, 0.129951, 0.990925, 0.000000,
                             0.000119,-0.991511, 0.130024, 0.000000,
                             0.000006, 2.659613, 0.000006, 1.000000;;
                          }
                          Frame Armature_mixamorig_LeftHandIndex4 {
                            FrameTransformMatrix {
                               1.000000, 0.000000, 0.000000, 0.000000,
                               0.000000, 1.000000, 0.000000, 0.000000,
                              -0.000000,-0.000000, 1.000000, 0.000000,
                              -0.000004, 3.633184,-0.000003, 1.000000;;
                            }
                          } // End of Armature_mixamorig_LeftHandIndex4
                        } // End of Armature_mixamorig_LeftHandIndex3
                      } // End of Armature_mixamorig_LeftHandIndex2
                    } // End of Armature_mixamorig_LeftHandIndex1
                    Frame Armature_mixamorig_LeftHandMiddle1 {
                      FrameTransformMatrix {
                         0.990574,-0.082334, 0.109470, 0.000000,
                        -0.124539,-0.208611, 0.970037, 0.000000,
                        -0.057030,-0.974527,-0.216898, 0.000000,
                         0.000001,14.409811,-0.000001, 1.000000;;
                      }
                      Frame Armature_mixamorig_LeftHandMiddle2 {
                        FrameTransformMatrix {
                           0.996343, 0.085432, 0.001377, 0.000000,
                          -0.003187, 0.021055, 0.999773, 0.000000,
                           0.085384,-0.996121, 0.021251, 0.000000,
                           0.000002, 3.259092,-0.000006, 1.000000;;
                        }
                        Frame Armature_mixamorig_LeftHandMiddle3 {
                          FrameTransformMatrix {
                             0.999610,-0.004092,-0.027637, 0.000000,
                             0.027883, 0.208408, 0.977644, 0.000000,
                             0.001759,-0.978033, 0.208441, 0.000000,
                            -0.000001, 2.639903, 0.000002, 1.000000;;
                          }
                          Frame Armature_mixamorig_LeftHandMiddle4 {
                            FrameTransformMatrix {
                               1.000000, 0.000000, 0.000000, 0.000000,
                              -0.000000, 1.000000, 0.000000, 0.000000,
                              -0.000000,-0.000000, 1.000000, 0.000000,
                               0.000010, 3.673917,-0.000001, 1.000000;;
                            }
                          } // End of Armature_mixamorig_LeftHandMiddle4
                        } // End of Armature_mixamorig_LeftHandMiddle3
                      } // End of Armature_mixamorig_LeftHandMiddle2
                    } // End of Armature_mixamorig_LeftHandMiddle1
                    Frame Armature_mixamorig_LeftHandPinky1 {
                      FrameTransformMatrix {
                         0.967444,-0.209608, 0.141830, 0.000000,
                        -0.174493,-0.146525, 0.973695, 0.000000,
                        -0.183313,-0.966744,-0.178330, 0.000000,
                         5.614199,11.636404, 0.516601, 1.000000;;
                      }
                      Frame Armature_mixamorig_LeftHandPinky2 {
                        FrameTransformMatrix {
                           0.999999, 0.001254, 0.000902, 0.000000,
                          -0.000990, 0.072066, 0.997399, 0.000000,
                           0.001186,-0.997399, 0.072068, 0.000000,
                          -0.000012, 1.559394, 0.000001, 1.000000;;
                        }
                        Frame Armature_mixamorig_LeftHandPinky3 {
                          FrameTransformMatrix {
                             0.999999, 0.000993, 0.000439, 0.000000,
                            -0.000927, 0.570852, 0.821052, 0.000000,
                             0.000565,-0.821052, 0.570853, 0.000000,
                            -0.000000, 1.540611, 0.000011, 1.000000;;
                          }
                          Frame Armature_mixamorig_LeftHandPinky4 {
                            FrameTransformMatrix {
                               1.000000, 0.000000, 0.000000, 0.000000,
                               0.000000, 1.000000, 0.000000, 0.000000,
                               0.000000,-0.000000, 1.000000, 0.000000,
                               0.000000, 1.668694,-0.000000, 1.000000;;
                            }
                          } // End of Armature_mixamorig_LeftHandPinky4
                        } // End of Armature_mixamorig_LeftHandPinky3
                      } // End of Armature_mixamorig_LeftHandPinky2
                    } // End of Armature_mixamorig_LeftHandPinky1
                    Frame Armature_mixamorig_LeftHandRing1 {
                      FrameTransformMatrix {
                         0.992485,-0.103011, 0.066048, 0.000000,
                        -0.091413,-0.265323, 0.959816, 0.000000,
                        -0.081348,-0.958641,-0.272746, 0.000000,
                         3.304904,13.191502,-0.321995, 1.000000;;
                      }
                      Frame Armature_mixamorig_LeftHandRing2 {
                        FrameTransformMatrix {
                           0.999744, 0.009350, 0.020600, 0.000000,
                          -0.022558, 0.343383, 0.938925, 0.000000,
                           0.001705,-0.939149, 0.343506, 0.000000,
                          -0.000011, 2.717605, 0.000000, 1.000000;;
                        }
                        Frame Armature_mixamorig_LeftHandRing3 {
                          FrameTransformMatrix {
                             0.999784,-0.020656, 0.002109, 0.000000,
                            -0.000233, 0.090406, 0.995905, 0.000000,
                            -0.020762,-0.995691, 0.090381, 0.000000,
                             0.000003, 2.134500,-0.000001, 1.000000;;
                          }
                          Frame Armature_mixamorig_LeftHandRing4 {
                            FrameTransformMatrix {
                               1.000000,-0.000000, 0.000000, 0.000000,
                               0.000000, 1.000000, 0.000000, 0.000000,
                              -0.000000,-0.000000, 1.000000, 0.000000,
                               0.000005, 2.786879,-0.000001, 1.000000;;
                            }
                          } // End of Armature_mixamorig_LeftHandRing4
                        } // End of Armature_mixamorig_LeftHandRing3
                      } // End of Armature_mixamorig_LeftHandRing2
                    } // End of Armature_mixamorig_LeftHandRing1
                    Frame Armature_mixamorig_LeftHandThumb1 {
                      FrameTransformMatrix {
                         0.859438, 0.509453, 0.042710, 0.000000,
                        -0.378955, 0.578752, 0.722107, 0.000000,
                         0.343162,-0.636791, 0.690461, 0.000000,
                        -1.508999, 4.173408, 1.926504, 1.000000;;
                      }
                      Frame Armature_mixamorig_LeftHandThumb2 {
                        FrameTransformMatrix {
                           0.913687,-0.329237,-0.238284, 0.000000,
                           0.336031, 0.941765,-0.012746, 0.000000,
                           0.228604,-0.068425, 0.971112, 0.000000,
                          -0.000008, 3.870409,-0.000003, 1.000000;;
                        }
                        Frame Armature_mixamorig_LeftHandThumb3 {
                          FrameTransformMatrix {
                             0.452856, 0.170644,-0.875101, 0.000000,
                             0.503064, 0.761445, 0.408812, 0.000000,
                             0.736103,-0.625365, 0.258981, 0.000000,
                             0.000001, 4.710595, 0.000004, 1.000000;;
                          }
                          Frame Armature_mixamorig_LeftHandThumb4 {
                            FrameTransformMatrix {
                               1.000000, 0.000000,-0.000000, 0.000000,
                              -0.000000, 1.000000,-0.000000, 0.000000,
                               0.000000, 0.000000, 1.000000, 0.000000,
                              -0.000001, 3.830408, 0.000002, 1.000000;;
                            }
                          } // End of Armature_mixamorig_LeftHandThumb4
                        } // End of Armature_mixamorig_LeftHandThumb3
                      } // End of Armature_mixamorig_LeftHandThumb2
                    } // End of Armature_mixamorig_LeftHandThumb1
                  } // End of Armature_mixamorig_LeftHand
                } // End of Armature_mixamorig_LeftForeArm
              } // End of Armature_mixamorig_LeftArm
            } // End of Armature_mixamorig_LeftShoulder
            Frame Armature_mixamorig_Neck {
              FrameTransformMatrix {
                 0.985084, 0.168502,-0.034882, 0.000000,
                -0.156406, 0.961311, 0.226756, 0.000000,
                 0.071741,-0.217918, 0.973327, 0.000000,
                -0.056897,14.235802,-2.088099, 1.000000;;
              }
              Frame Armature_mixamorig_Head {
                FrameTransformMatrix {
                   0.960700, 0.056739,-0.271729, 0.000000,
                  -0.099856, 0.983997,-0.147574, 0.000000,
                   0.259008, 0.168908, 0.950992, 0.000000,
                  -0.000001, 3.280221, 0.313304, 1.000000;;
                }
                Frame Armature_mixamorig_HeadTop_End {
                  FrameTransformMatrix {
                     1.000000,-0.000000,-0.000000, 0.000000,
                     0.000000, 1.000000, 0.000000, 0.000000,
                    -0.000000,-0.000000, 1.000000, 0.000000,
                    -0.000001,25.653492, 2.450505, 1.000000;;
                  }
                } // End of Armature_mixamorig_HeadTop_End
              } // End of Armature_mixamorig_Head
            } // End of Armature_mixamorig_Neck
            Frame Armature_mixamorig_RightShoulder {
              FrameTransformMatrix {
                 0.596564,-0.011921, 0.802476, 0.000000,
                -0.785097,-0.216148, 0.580433, 0.000000,
                 0.166534,-0.976287,-0.138305, 0.000000,
                -6.728797,11.756695,-2.058500, 1.000000;;
              }
              Frame Armature_mixamorig_RightArm {
                FrameTransformMatrix {
                  -0.191697,-0.746017, 0.637739, 0.000000,
                   0.825754, 0.228603, 0.515628, 0.000000,
                  -0.530456, 0.625459, 0.572204, 0.000000,
                  -0.000001,14.448808, 0.000005, 1.000000;;
                }
                Frame Armature_mixamorig_RightForeArm {
                  FrameTransformMatrix {
                     0.446407,-0.830638, 0.332808, 0.000000,
                     0.870220, 0.316360,-0.377669, 0.000000,
                     0.208419, 0.458210, 0.864063, 0.000000,
                    -0.000005,23.160286, 0.000004, 1.000000;;
                  }
                  Frame Armature_mixamorig_RightHand {
                    FrameTransformMatrix {
                       0.938434, 0.331877, 0.095911, 0.000000,
                      -0.311690, 0.693697, 0.649333, 0.000000,
                       0.148966,-0.639251, 0.754432, 0.000000,
                      -0.000002,24.071716,-0.000007, 1.000000;;
                    }
                    Frame Armature_mixamorig_RightHandIndex1 {
                      FrameTransformMatrix {
                         0.998713, 0.050655,-0.002594, 0.000000,
                        -0.021945, 0.477650, 0.878276, 0.000000,
                         0.045728,-0.877089, 0.478147, 0.000000,
                         2.855502,14.669416, 0.399008, 1.000000;;
                      }
                      Frame Armature_mixamorig_RightHandIndex2 {
                        FrameTransformMatrix {
                           0.996871,-0.079029,-0.001457, 0.000000,
                           0.032722, 0.395833, 0.917739, 0.000000,
                          -0.071951,-0.914916, 0.397180, 0.000000,
                           0.000001, 3.248593, 0.000005, 1.000000;;
                        }
                        Frame Armature_mixamorig_RightHandIndex3 {
                          FrameTransformMatrix {
                             0.999468, 0.005237, 0.032203, 0.000000,
                            -0.030395, 0.508176, 0.860717, 0.000000,
                            -0.011858,-0.861238, 0.508064, 0.000000,
                            -0.000001, 2.659606, 0.000007, 1.000000;;
                          }
                          Frame Armature_mixamorig_RightHandIndex4 {
                            FrameTransformMatrix {
                               1.000000, 0.000000,-0.000000, 0.000000,
                               0.000000, 1.000000, 0.000000, 0.000000,
                              -0.000000, 0.000000, 1.000000, 0.000000,
                              -0.000000, 3.633093,-0.000002, 1.000000;;
                            }
                          } // End of Armature_mixamorig_RightHandIndex4
                        } // End of Armature_mixamorig_RightHandIndex3
                      } // End of Armature_mixamorig_RightHandIndex2
                    } // End of Armature_mixamorig_RightHandIndex1
                    Frame Armature_mixamorig_RightHandMiddle1 {
                      FrameTransformMatrix {
                         0.999731,-0.000346,-0.023208, 0.000000,
                         0.021688, 0.370163, 0.928714, 0.000000,
                         0.008269,-0.928967, 0.370071, 0.000000,
                         0.000002,14.409808,-0.000002, 1.000000;;
                      }
                      Frame Armature_mixamorig_RightHandMiddle2 {
                        FrameTransformMatrix {
                           0.996108,-0.088061,-0.003700, 0.000000,
                           0.012136, 0.095462, 0.995359, 0.000000,
                          -0.087299,-0.991530, 0.096159, 0.000000,
                           0.000000, 3.259090, 0.000007, 1.000000;;
                        }
                        Frame Armature_mixamorig_RightHandMiddle3 {
                          FrameTransformMatrix {
                             0.999639, 0.021871, 0.015620, 0.000000,
                            -0.026844, 0.841186, 0.540079, 0.000000,
                            -0.001327,-0.540303, 0.841469, 0.000000,
                             0.000001, 2.639810, 0.000007, 1.000000;;
                          }
                          Frame Armature_mixamorig_RightHandMiddle4 {
                            FrameTransformMatrix {
                               1.000000,-0.000000,-0.000000, 0.000000,
                              -0.000000, 1.000000, 0.000000, 0.000000,
                               0.000000,-0.000000, 1.000000, 0.000000,
                              -0.000001, 3.673908,-0.000001, 1.000000;;
                            }
                          } // End of Armature_mixamorig_RightHandMiddle4
                        } // End of Armature_mixamorig_RightHandMiddle3
                      } // End of Armature_mixamorig_RightHandMiddle2
                    } // End of Armature_mixamorig_RightHandMiddle1
                    Frame Armature_mixamorig_RightHandPinky1 {
                      FrameTransformMatrix {
                         0.997449,-0.004358,-0.071254, 0.000000,
                         0.071386, 0.056435, 0.995851, 0.000000,
                        -0.000319,-0.998397, 0.056602, 0.000000,
                        -5.921999,11.636401, 0.516993, 1.000000;;
                      }
                      Frame Armature_mixamorig_RightHandPinky2 {
                        FrameTransformMatrix {
                           0.999994,-0.003178,-0.001614, 0.000000,
                           0.003162, 0.581907, 0.813249, 0.000000,
                          -0.001645,-0.813249, 0.581914, 0.000000,
                           0.000001, 1.559291, 0.000009, 1.000000;;
                        }
                        Frame Armature_mixamorig_RightHandPinky3 {
                          FrameTransformMatrix {
                             0.999999,-0.001674,-0.000393, 0.000000,
                             0.001678, 0.900092, 0.435696, 0.000000,
                            -0.000375,-0.435696, 0.900094, 0.000000,
                             0.000001, 1.540609, 0.000004, 1.000000;;
                          }
                          Frame Armature_mixamorig_RightHandPinky4 {
                            FrameTransformMatrix {
                               1.000000, 0.000000, 0.000000, 0.000000,
                               0.000000, 1.000000, 0.000000, 0.000000,
                              -0.000000,-0.000000, 1.000000, 0.000000,
                              -0.000000, 1.668685, 0.000002, 1.000000;;
                            }
                          } // End of Armature_mixamorig_RightHandPinky4
                        } // End of Armature_mixamorig_RightHandPinky3
                      } // End of Armature_mixamorig_RightHandPinky2
                    } // End of Armature_mixamorig_RightHandPinky1
                    Frame Armature_mixamorig_RightHandRing1 {
                      FrameTransformMatrix {
                         0.996875, 0.077871, 0.013249, 0.000000,
                        -0.027651, 0.186894, 0.981991, 0.000000,
                         0.073992,-0.979289, 0.188463, 0.000000,
                        -3.304899,13.191502,-0.321997, 1.000000;;
                      }
                      Frame Armature_mixamorig_RightHandRing2 {
                        FrameTransformMatrix {
                           0.999647,-0.022340,-0.014386, 0.000000,
                           0.020215, 0.288043, 0.957404, 0.000000,
                          -0.017244,-0.957357, 0.288393, 0.000000,
                          -0.000003, 2.717602, 0.000004, 1.000000;;
                        }
                        Frame Armature_mixamorig_RightHandRing3 {
                          FrameTransformMatrix {
                             0.999813, 0.019266,-0.001728, 0.000000,
                            -0.013850, 0.775388, 0.631333, 0.000000,
                             0.013504,-0.631191, 0.775510, 0.000000,
                            -0.000002, 2.134512, 0.000004, 1.000000;;
                          }
                          Frame Armature_mixamorig_RightHandRing4 {
                            FrameTransformMatrix {
                               1.000000,-0.000000,-0.000000, 0.000000,
                              -0.000000, 1.000000,-0.000000, 0.000000,
                               0.000000, 0.000000, 1.000000, 0.000000,
                               0.000002, 2.786799,-0.000000, 1.000000;;
                            }
                          } // End of Armature_mixamorig_RightHandRing4
                        } // End of Armature_mixamorig_RightHandRing3
                      } // End of Armature_mixamorig_RightHandRing2
                    } // End of Armature_mixamorig_RightHandRing1
                    Frame Armature_mixamorig_RightHandThumb1 {
                      FrameTransformMatrix {
                         0.976822,-0.104942, 0.186561, 0.000000,
                        -0.093486, 0.574892, 0.812871, 0.000000,
                        -0.192557,-0.811472, 0.551757, 0.000000,
                         1.509002, 4.173402, 1.926994, 1.000000;;
                      }
                      Frame Armature_mixamorig_RightHandThumb2 {
                        FrameTransformMatrix {
                           0.951158, 0.004528, 0.308671, 0.000000,
                           0.055870, 0.980855,-0.186552, 0.000000,
                          -0.303606, 0.194686, 0.932695, 0.000000,
                          -0.000001, 3.870394, 0.000002, 1.000000;;
                        }
                        Frame Armature_mixamorig_RightHandThumb3 {
                          FrameTransformMatrix {
                             0.926980, 0.227167,-0.298502, 0.000000,
                            -0.296700, 0.930932,-0.212921, 0.000000,
                             0.229516, 0.285939, 0.930356, 0.000000,
                             0.000001, 4.710294,-0.000002, 1.000000;;
                          }
                          Frame Armature_mixamorig_RightHandThumb4 {
                            FrameTransformMatrix {
                               1.000000, 0.000000,-0.000001, 0.000000,
                              -0.000000, 1.000000, 0.000000, 0.000000,
                               0.000001,-0.000000, 1.000000, 0.000000,
                              -0.000003, 3.830409,-0.000003, 1.000000;;
                            }
                          } // End of Armature_mixamorig_RightHandThumb4
                        } // End of Armature_mixamorig_RightHandThumb3
                      } // End of Armature_mixamorig_RightHandThumb2
                    } // End of Armature_mixamorig_RightHandThumb1
                  } // End of Armature_mixamorig_RightHand
                } // End of Armature_mixamorig_RightForeArm
              } // End of Armature_mixamorig_RightArm
            } // End of Armature_mixamorig_RightShoulder
          } // End of Armature_mixamorig_Spine2
        } // End of Armature_mixamorig_Spine1
      } // End of Armature_mixamorig_Spine
    } // End of Armature_mixamorig_Hips
  } // End of Armature
} // End of Root
AnimationSet Global {
  Animation {
    {Armature}
    AnimationKey { // Rotation
      0;
      46;
      0;4;-0.707107, 0.707107, 0.000000, 0.000000;;,
      1;4;-0.707107, 0.707107, 0.000000, 0.000000;;,
      2;4;-0.707107, 0.707107, 0.000000, 0.000000;;,
      3;4;-0.707107, 0.707107, 0.000000, 0.000000;;,
      4;4;-0.707107, 0.707107, 0.000000, 0.000000;;,
      5;4;-0.707107, 0.707107, 0.000000, 0.000000;;,
      6;4;-0.707107, 0.707107, 0.000000, 0.000000;;,
      7;4;-0.707107, 0.707107, 0.000000, 0.000000;;,
      8;4;-0.707107, 0.707107, 0.000000, 0.000000;;,
      9;4;-0.707107, 0.707107, 0.000000, 0.000000;;,
      10;4;-0.707107, 0.707107, 0.000000, 0.000000;;,
      11;4;-0.707107, 0.707107, 0.000000, 0.000000;;,
      12;4;-0.707107, 0.707107, 0.000000, 0.000000;;,
      13;4;-0.707107, 0.707107, 0.000000, 0.000000;;,
      14;4;-0.707107, 0.707107, 0.000000, 0.000000;;,
      15;4;-0.707107, 0.707107, 0.000000, 0.000000;;,
      16;4;-0.707107, 0.707107, 0.000000, 0.000000;;,
      17;4;-0.707107, 0.707107, 0.000000, 0.000000;;,
      18;4;-0.707107, 0.707107, 0.000000, 0.000000;;,
      19;4;-0.707107, 0.707107, 0.000000, 0.000000;;,
      20;4;-0.707107, 0.707107, 0.000000, 0.000000;;,
      21;4;-0.707107, 0.707107, 0.000000, 0.000000;;,
      22;4;-0.707107, 0.707107, 0.000000, 0.000000;;,
      23;4;-0.707107, 0.707107, 0.000000, 0.000000;;,
      24;4;-0.707107, 0.707107, 0.000000, 0.000000;;,
      25;4;-0.707107, 0.707107, 0.000000, 0.000000;;,
      26;4;-0.707107, 0.707107, 0.000000, 0.000000;;,
      27;4;-0.707107, 0.707107, 0.000000, 0.000000;;,
      28;4;-0.707107, 0.707107, 0.000000, 0.000000;;,
      29;4;-0.707107, 0.707107, 0.000000, 0.000000;;,
      30;4;-0.707107, 0.707107, 0.000000, 0.000000;;,
      31;4;-0.707107, 0.707107, 0.000000, 0.000000;;,
      32;4;-0.707107, 0.707107, 0.000000, 0.000000;;,
      33;4;-0.707107, 0.707107, 0.000000, 0.000000;;,
      34;4;-0.707107, 0.707107, 0.000000, 0.000000;;,
      35;4;-0.707107, 0.707107, 0.000000, 0.000000;;,
      36;4;-0.707107, 0.707107, 0.000000, 0.000000;;,
      37;4;-0.707107, 0.707107, 0.000000, 0.000000;;,
      38;4;-0.707107, 0.707107, 0.000000, 0.000000;;,
      39;4;-0.707107, 0.707107, 0.000000, 0.000000;;,
      40;4;-0.707107, 0.707107, 0.000000, 0.000000;;,
      41;4;-0.707107, 0.707107, 0.000000, 0.000000;;,
      42;4;-0.707107, 0.707107, 0.000000, 0.000000;;,
      43;4;-0.707107, 0.707107, 0.000000, 0.000000;;,
      44;4;-0.707107, 0.707107, 0.000000, 0.000000;;,
      45;4;-0.707107, 0.707107, 0.000000, 0.000000;;;
    }
    AnimationKey { // Scale
      1;
      46;
      0;3; 0.100000, 0.100000, 0.100000;;,
      1;3; 0.100000, 0.100000, 0.100000;;,
      2;3; 0.100000, 0.100000, 0.100000;;,
      3;3; 0.100000, 0.100000, 0.100000;;,
      4;3; 0.100000, 0.100000, 0.100000;;,
      5;3; 0.100000, 0.100000, 0.100000;;,
      6;3; 0.100000, 0.100000, 0.100000;;,
      7;3; 0.100000, 0.100000, 0.100000;;,
      8;3; 0.100000, 0.100000, 0.100000;;,
      9;3; 0.100000, 0.100000, 0.100000;;,
      10;3; 0.100000, 0.100000, 0.100000;;,
      11;3; 0.100000, 0.100000, 0.100000;;,
      12;3; 0.100000, 0.100000, 0.100000;;,
      13;3; 0.100000, 0.100000, 0.100000;;,
      14;3; 0.100000, 0.100000, 0.100000;;,
      15;3; 0.100000, 0.100000, 0.100000;;,
      16;3; 0.100000, 0.100000, 0.100000;;,
      17;3; 0.100000, 0.100000, 0.100000;;,
      18;3; 0.100000, 0.100000, 0.100000;;,
      19;3; 0.100000, 0.100000, 0.100000;;,
      20;3; 0.100000, 0.100000, 0.100000;;,
      21;3; 0.100000, 0.100000, 0.100000;;,
      22;3; 0.100000, 0.100000, 0.100000;;,
      23;3; 0.100000, 0.100000, 0.100000;;,
      24;3; 0.100000, 0.100000, 0.100000;;,
      25;3; 0.100000, 0.100000, 0.100000;;,
      26;3; 0.100000, 0.100000, 0.100000;;,
      27;3; 0.100000, 0.100000, 0.100000;;,
      28;3; 0.100000, 0.100000, 0.100000;;,
      29;3; 0.100000, 0.100000, 0.100000;;,
      30;3; 0.100000, 0.100000, 0.100000;;,
      31;3; 0.100000, 0.100000, 0.100000;;,
      32;3; 0.100000, 0.100000, 0.100000;;,
      33;3; 0.100000, 0.100000, 0.100000;;,
      34;3; 0.100000, 0.100000, 0.100000;;,
      35;3; 0.100000, 0.100000, 0.100000;;,
      36;3; 0.100000, 0.100000, 0.100000;;,
      37;3; 0.100000, 0.100000, 0.100000;;,
      38;3; 0.100000, 0.100000, 0.100000;;,
      39;3; 0.100000, 0.100000, 0.100000;;,
      40;3; 0.100000, 0.100000, 0.100000;;,
      41;3; 0.100000, 0.100000, 0.100000;;,
      42;3; 0.100000, 0.100000, 0.100000;;,
      43;3; 0.100000, 0.100000, 0.100000;;,
      44;3; 0.100000, 0.100000, 0.100000;;,
      45;3; 0.100000, 0.100000, 0.100000;;;
    }
    AnimationKey { // Position
      2;
      46;
      0;3; 0.000000, 0.000000, 0.000000;;,
      1;3; 0.000000, 0.000000, 0.000000;;,
      2;3; 0.000000, 0.000000, 0.000000;;,
      3;3; 0.000000, 0.000000, 0.000000;;,
      4;3; 0.000000, 0.000000, 0.000000;;,
      5;3; 0.000000, 0.000000, 0.000000;;,
      6;3; 0.000000, 0.000000, 0.000000;;,
      7;3; 0.000000, 0.000000, 0.000000;;,
      8;3; 0.000000, 0.000000, 0.000000;;,
      9;3; 0.000000, 0.000000, 0.000000;;,
      10;3; 0.000000, 0.000000, 0.000000;;,
      11;3; 0.000000, 0.000000, 0.000000;;,
      12;3; 0.000000, 0.000000, 0.000000;;,
      13;3; 0.000000, 0.000000, 0.000000;;,
      14;3; 0.000000, 0.000000, 0.000000;;,
      15;3; 0.000000, 0.000000, 0.000000;;,
      16;3; 0.000000, 0.000000, 0.000000;;,
      17;3; 0.000000, 0.000000, 0.000000;;,
      18;3; 0.000000, 0.000000, 0.000000;;,
      19;3; 0.000000, 0.000000, 0.000000;;,
      20;3; 0.000000, 0.000000, 0.000000;;,
      21;3; 0.000000, 0.000000, 0.000000;;,
      22;3; 0.000000, 0.000000, 0.000000;;,
      23;3; 0.000000, 0.000000, 0.000000;;,
      24;3; 0.000000, 0.000000, 0.000000;;,
      25;3; 0.000000, 0.000000, 0.000000;;,
      26;3; 0.000000, 0.000000, 0.000000;;,
      27;3; 0.000000, 0.000000, 0.000000;;,
      28;3; 0.000000, 0.000000, 0.000000;;,
      29;3; 0.000000, 0.000000, 0.000000;;,
      30;3; 0.000000, 0.000000, 0.000000;;,
      31;3; 0.000000, 0.000000, 0.000000;;,
      32;3; 0.000000, 0.000000, 0.000000;;,
      33;3; 0.000000, 0.000000, 0.000000;;,
      34;3; 0.000000, 0.000000, 0.000000;;,
      35;3; 0.000000, 0.000000, 0.000000;;,
      36;3; 0.000000, 0.000000, 0.000000;;,
      37;3; 0.000000, 0.000000, 0.000000;;,
      38;3; 0.000000, 0.000000, 0.000000;;,
      39;3; 0.000000, 0.000000, 0.000000;;,
      40;3; 0.000000, 0.000000, 0.000000;;,
      41;3; 0.000000, 0.000000, 0.000000;;,
      42;3; 0.000000, 0.000000, 0.000000;;,
      43;3; 0.000000, 0.000000, 0.000000;;,
      44;3; 0.000000, 0.000000, 0.000000;;,
      45;3; 0.000000, 0.000000, 0.000000;;;
    }
  }
  Animation {
    {Armature_mixamorig_Hips}
    AnimationKey { // Rotation
      0;
      46;
      0;4;-0.979486,-0.028329,-0.179716,-0.086637;;,
      1;4;-0.974993,-0.020987,-0.204714,-0.083913;;,
      2;4;-0.969356,-0.013974,-0.231572,-0.080796;;,
      3;4;-0.962182,-0.007465,-0.261085,-0.077357;;,
      4;4;-0.953837,-0.001767,-0.291160,-0.073613;;,
      5;4;-0.945014, 0.002175,-0.319563,-0.069457;;,
      6;4;-0.936579, 0.004881,-0.344352,-0.064945;;,
      7;4;-0.928232, 0.007082,-0.367075,-0.059925;;,
      8;4;-0.920483, 0.008862,-0.386978,-0.053671;;,
      9;4;-0.913259, 0.010422,-0.404475,-0.047434;;,
      10;4;-0.907692, 0.011537,-0.417333,-0.042365;;,
      11;4;-0.903095, 0.012576,-0.427574,-0.037965;;,
      12;4;-0.899842, 0.013707,-0.434659,-0.034176;;,
      13;4;-0.895130, 0.015972,-0.444657,-0.027697;;,
      14;4;-0.889977, 0.018742,-0.455171,-0.020206;;,
      15;4;-0.885400, 0.021511,-0.464147,-0.013130;;,
      16;4;-0.882582, 0.024274,-0.469479,-0.007070;;,
      17;4;-0.880556, 0.026901,-0.473175,-0.001409;;,
      18;4;-0.878943, 0.029250,-0.476011, 0.004257;;,
      19;4;-0.877694, 0.031201,-0.478104, 0.009859;;,
      20;4;-0.877183, 0.032418,-0.478827, 0.014969;;,
      21;4;-0.876615, 0.032873,-0.479672, 0.019485;;,
      22;4;-0.876069, 0.033021,-0.480460, 0.023876;;,
      23;4;-0.875687, 0.033168,-0.480913, 0.028193;;,
      24;4;-0.875728, 0.034021,-0.480504, 0.032546;;,
      25;4;-0.876784, 0.037382,-0.477959, 0.037515;;,
      26;4;-0.878187, 0.041648,-0.474585, 0.042686;;,
      27;4;-0.879768, 0.046452,-0.470691, 0.047961;;,
      28;4;-0.881459, 0.051671,-0.466395, 0.053251;;,
      29;4;-0.883348, 0.057588,-0.461477, 0.058477;;,
      30;4;-0.885035, 0.063068,-0.456927, 0.062885;;,
      31;4;-0.886222, 0.067127,-0.453633, 0.065733;;,
      32;4;-0.886882, 0.069696,-0.451810, 0.066707;;,
      33;4;-0.886461, 0.068907,-0.453093, 0.064389;;,
      34;4;-0.885290, 0.067127,-0.456352, 0.059148;;,
      35;4;-0.884021, 0.065492,-0.459762, 0.053266;;,
      36;4;-0.882790, 0.063984,-0.462989, 0.047211;;,
      37;4;-0.882124, 0.063225,-0.464840, 0.042231;;,
      38;4;-0.881854, 0.063146,-0.465706, 0.038268;;,
      39;4;-0.882225, 0.064362,-0.464994, 0.036285;;,
      40;4;-0.882771, 0.065921,-0.463850, 0.034822;;,
      41;4;-0.883389, 0.067628,-0.462516, 0.033587;;,
      42;4;-0.884035, 0.069395,-0.461101, 0.032449;;,
      43;4;-0.884695, 0.071198,-0.459632, 0.031368;;,
      44;4;-0.885356, 0.073011,-0.458144, 0.030303;;,
      45;4;-0.886003, 0.074804,-0.456672, 0.029214;;;
    }
    AnimationKey { // Scale
      1;
      46;
      0;3; 1.000000, 1.000000, 1.000000;;,
      1;3; 1.000000, 1.000000, 1.000000;;,
      2;3; 1.000000, 1.000000, 1.000000;;,
      3;3; 1.000000, 1.000000, 1.000000;;,
      4;3; 1.000000, 1.000000, 1.000000;;,
      5;3; 1.000000, 1.000000, 1.000000;;,
      6;3; 1.000000, 1.000000, 1.000000;;,
      7;3; 1.000000, 1.000000, 1.000000;;,
      8;3; 1.000000, 1.000000, 1.000000;;,
      9;3; 1.000000, 1.000000, 1.000000;;,
      10;3; 1.000000, 1.000000, 1.000000;;,
      11;3; 1.000000, 1.000000, 1.000000;;,
      12;3; 1.000000, 1.000000, 1.000000;;,
      13;3; 1.000000, 1.000000, 1.000000;;,
      14;3; 1.000000, 1.000000, 1.000000;;,
      15;3; 1.000000, 1.000000, 1.000000;;,
      16;3; 1.000000, 1.000000, 1.000000;;,
      17;3; 1.000000, 1.000000, 1.000000;;,
      18;3; 1.000000, 1.000000, 1.000000;;,
      19;3; 1.000000, 1.000000, 1.000000;;,
      20;3; 1.000000, 1.000000, 1.000000;;,
      21;3; 1.000000, 1.000000, 1.000000;;,
      22;3; 1.000000, 1.000000, 1.000000;;,
      23;3; 1.000000, 1.000000, 1.000000;;,
      24;3; 1.000000, 1.000000, 1.000000;;,
      25;3; 1.000000, 1.000000, 1.000000;;,
      26;3; 1.000000, 1.000000, 1.000000;;,
      27;3; 1.000000, 1.000000, 1.000000;;,
      28;3; 1.000000, 1.000000, 1.000000;;,
      29;3; 1.000000, 1.000000, 1.000000;;,
