xof 0303txt 0032

Frame Root {
  FrameTransformMatrix {
     1.000000, 0.000000, 0.000000, 0.000000,
     0.000000,-0.000000,-1.000000, 0.000000,
     0.000000, 1.000000,-0.000000, 0.000000,
     0.000000, 0.000000, 0.000000, 1.000000;;
  }
  Frame Armature {
    FrameTransformMatrix {
       0.100000, 0.000000, 0.000000, 0.000000,
       0.000000,-0.000000, 0.100000, 0.000000,
       0.000000,-0.100000,-0.000000, 0.000000,
       0.000000, 0.000000, 0.000000, 1.000000;;
    }
    Frame Armature_mixamorig_Hips {
      FrameTransformMatrix {
         0.930191, 0.074698, 0.359395, 0.000000,
        -0.053154, 0.996167,-0.069475, 0.000000,
        -0.363207, 0.045521, 0.930596, 0.000000,
         0.012124,96.045235, 0.535280, 1.000000;;
      }
      Frame Armature_mixamorig_LeftUpLeg {
        FrameTransformMatrix {
          -0.998431, 0.034964, 0.043733, 0.000000,
          -0.002165,-0.804532, 0.594002, 0.000000,
           0.055943, 0.592880, 0.803505, 0.000000,
           9.618264,-5.272310,-1.010887, 1.000000;;
        }
        Frame Armature_mixamorig_LeftLeg {
          FrameTransformMatrix {
             0.986507, 0.163497, 0.008486, 0.000000,
            -0.012376, 0.126159,-0.991933, 0.000000,
            -0.163249, 0.978444, 0.126480, 0.000000,
             0.000003,43.365002,-0.000002, 1.000000;;
          }
          Frame Armature_mixamorig_LeftFoot {
            FrameTransformMatrix {
               0.991104,-0.067085, 0.114943, 0.000000,
              -0.044335, 0.647905, 0.760430, 0.000000,
              -0.125486,-0.758762, 0.639167, 0.000000,
               0.000001,44.492840,-0.000001, 1.000000;;
            }
            Frame Armature_mixamorig_LeftToeBase {
              FrameTransformMatrix {
                 0.983021,-0.074631, 0.167630, 0.000000,
                -0.056147, 0.747392, 0.662006, 0.000000,
                -0.174691,-0.660178, 0.730512, 0.000000,
                -0.000000,19.998135, 0.000000, 1.000000;;
              }
              Frame Armature_mixamorig_LeftToe_End {
                FrameTransformMatrix {
                   1.000000,-0.000000,-0.000000, 0.000000,
                   0.000000, 1.000000,-0.000000, 0.000000,
                   0.000000,-0.000000, 1.000000, 0.000000,
                   0.000001, 9.998180, 0.000000, 1.000000;;
                }
              } // End of Armature_mixamorig_LeftToe_End
            } // End of Armature_mixamorig_LeftToeBase
          } // End of Armature_mixamorig_LeftFoot
        } // End of Armature_mixamorig_LeftLeg
      } // End of Armature_mixamorig_LeftUpLeg
      Frame Armature_mixamorig_RightUpLeg {
        FrameTransformMatrix {
          -0.974988, 0.054464,-0.215466, 0.000000,
          -0.151639,-0.871822, 0.465729, 0.000000,
          -0.162495, 0.486786, 0.858203, 0.000000,
          -9.940977,-5.272408,-1.010885, 1.000000;;
        }
        Frame Armature_mixamorig_RightLeg {
          FrameTransformMatrix {
             0.989225,-0.133021,-0.061155, 0.000000,
             0.014527, 0.504829,-0.863097, 0.000000,
             0.145683, 0.852909, 0.501322, 0.000000,
             0.000002,43.364853,-0.000005, 1.000000;;
          }
          Frame Armature_mixamorig_RightFoot {
            FrameTransformMatrix {
               0.991370, 0.035575,-0.126175, 0.000000,
               0.112541, 0.262660, 0.958303, 0.000000,
               0.067232,-0.964232, 0.256390, 0.000000,
               0.000001,44.493111,-0.000003, 1.000000;;
            }
            Frame Armature_mixamorig_RightToeBase {
              FrameTransformMatrix {
                 0.994725, 0.023119,-0.099937, 0.000000,
                 0.053439, 0.714815, 0.697268, 0.000000,
                 0.087556,-0.698931, 0.709809, 0.000000,
                -0.000001,20.000799, 0.000001, 1.000000;;
              }
              Frame Armature_mixamorig_RightToe_End {
                FrameTransformMatrix {
                   1.000000,-0.000000,-0.000000, 0.000000,
                  -0.000000, 1.000000,-0.000000, 0.000000,
                   0.000000, 0.000000, 1.000000, 0.000000,
                   0.000001,10.000776, 0.000000, 1.000000;;
                }
              } // End of Armature_mixamorig_RightToe_End
            } // End of Armature_mixamorig_RightToeBase
          } // End of Armature_mixamorig_RightFoot
        } // End of Armature_mixamorig_RightLeg
      } // End of Armature_mixamorig_RightUpLeg
      Frame Armature_mixamorig_Spine {
        FrameTransformMatrix {
           0.994870, 0.046363, 0.089907, 0.000000,
          -0.066940, 0.968087, 0.241509, 0.000000,
          -0.075841,-0.246289, 0.966225, 0.000000,
          -0.038106, 9.490520,-1.392062, 1.000000;;
        }
        Frame Armature_mixamorig_Spine1 {
          FrameTransformMatrix {
             0.999739,-0.010797, 0.020149, 0.000000,
             0.010492, 0.999830, 0.015169, 0.000000,
            -0.020309,-0.014954, 0.999682, 0.000000,
             0.000002,11.190850,-0.000001, 1.000000;;
          }
          Frame Armature_mixamorig_Spine2 {
            FrameTransformMatrix {
               0.999707,-0.014229, 0.019592, 0.000000,
               0.010908, 0.987021, 0.160222, 0.000000,
              -0.021618,-0.159962, 0.986886, 0.000000,
               0.000002,12.789534,-0.000002, 1.000000;;
            }
            Frame Armature_mixamorig_LeftShoulder {
              FrameTransformMatrix {
                 0.249296,-0.019585,-0.968229, 0.000000,
                 0.944919,-0.214032, 0.247623, 0.000000,
                -0.212082,-0.976630,-0.034851, 0.000000,
                 6.728774,11.756614,-2.058456, 1.000000;;
              }
              Frame Armature_mixamorig_LeftArm {
                FrameTransformMatrix {
                   0.857103, 0.438355, 0.270589, 0.000000,
                  -0.514959, 0.743170, 0.427217, 0.000000,
                  -0.013821,-0.505512, 0.862709, 0.000000,
                  -0.000004,14.448791, 0.000021, 1.000000;;
                }
                Frame Armature_mixamorig_LeftForeArm {
                  FrameTransformMatrix {
                     0.040538, 0.883158, 0.467320, 0.000000,
                    -0.994209, 0.082241,-0.069178, 0.000000,
                    -0.099528,-0.461810, 0.881377, 0.000000,
                    -0.000001,23.160330, 0.000008, 1.000000;;
                  }
                  Frame Armature_mixamorig_LeftHand {
                    FrameTransformMatrix {
                       0.994473, 0.104958, 0.002657, 0.000000,
                      -0.104983, 0.993756, 0.037773, 0.000000,
                       0.001324,-0.037843, 0.999283, 0.000000,
                      -0.000003,24.071753, 0.000015, 1.000000;;
                    }
                    Frame Armature_mixamorig_LeftHandIndex1 {
                      FrameTransformMatrix {
                         0.988741, 0.136017, 0.062370, 0.000000,
                        -0.082850, 0.150533, 0.985127, 0.000000,
                         0.124606,-0.979203, 0.160107, 0.000000,
                        -2.855504,14.669360, 0.398759, 1.000000;;
                      }
                      Frame Armature_mixamorig_LeftHandIndex2 {
                        FrameTransformMatrix {
                           0.997066, 0.076551,-0.000051, 0.000000,
                          -0.029297, 0.382200, 0.923615, 0.000000,
                           0.070723,-0.920904, 0.383321, 0.000000,
                           0.000007, 3.248612,-0.000010, 1.000000;;
                        }
                        Frame Armature_mixamorig_LeftHandIndex3 {
                          FrameTransformMatrix {
                             0.999415,-0.011707,-0.032126, 0.000000,
                             0.034192, 0.348766, 0.936586, 0.000000,
                             0.000240,-0.937137, 0.348963, 0.000000,
                            -0.000001, 2.659584, 0.000000, 1.000000;;
                          }
                          Frame Armature_mixamorig_LeftHandIndex4 {
                            FrameTransformMatrix {
                               1.000000, 0.000000,-0.000000, 0.000000,
                              -0.000000, 1.000000,-0.000000, 0.000000,
                               0.000000, 0.000000, 1.000000, 0.000000,
                               0.000000, 3.633179, 0.000002, 1.000000;;
                            }
                          } // End of Armature_mixamorig_LeftHandIndex4
                        } // End of Armature_mixamorig_LeftHandIndex3
                      } // End of Armature_mixamorig_LeftHandIndex2
                    } // End of Armature_mixamorig_LeftHandIndex1
                    Frame Armature_mixamorig_LeftHandMiddle1 {
                      FrameTransformMatrix {
                         0.994538,-0.042222, 0.095451, 0.000000,
                        -0.092919, 0.058356, 0.993962, 0.000000,
                        -0.047538,-0.997403, 0.054114, 0.000000,
                        -0.000011,14.409816, 0.000017, 1.000000;;
                      }
                      Frame Armature_mixamorig_LeftHandMiddle2 {
                        FrameTransformMatrix {
                           0.996345, 0.085409, 0.001176, 0.000000,
                          -0.020932, 0.230784, 0.972780, 0.000000,
                           0.082812,-0.969249, 0.231729, 0.000000,
                           0.000006, 3.259065,-0.000001, 1.000000;;
                        }
                        Frame Armature_mixamorig_LeftHandMiddle3 {
                          FrameTransformMatrix {
                             0.999609,-0.009333,-0.026362, 0.000000,
                             0.027920, 0.386752, 0.921761, 0.000000,
                             0.001593,-0.922137, 0.386861, 0.000000,
                             0.000001, 2.639870, 0.000000, 1.000000;;
                          }
                          Frame Armature_mixamorig_LeftHandMiddle4 {
                            FrameTransformMatrix {
                               1.000000,-0.000000, 0.000000, 0.000000,
                               0.000000, 1.000000,-0.000000, 0.000000,
                              -0.000000, 0.000000, 1.000000, 0.000000,
                              -0.000011, 3.673859, 0.000006, 1.000000;;
                            }
                          } // End of Armature_mixamorig_LeftHandMiddle4
                        } // End of Armature_mixamorig_LeftHandMiddle3
                      } // End of Armature_mixamorig_LeftHandMiddle2
                    } // End of Armature_mixamorig_LeftHandMiddle1
                    Frame Armature_mixamorig_LeftHandPinky1 {
                      FrameTransformMatrix {
                         0.977751,-0.143714, 0.152807, 0.000000,
                        -0.143466, 0.073318, 0.986936, 0.000000,
                        -0.153040,-0.986900, 0.051068, 0.000000,
                         5.614223,11.636355, 0.516557, 1.000000;;
                      }
                      Frame Armature_mixamorig_LeftHandPinky2 {
                        FrameTransformMatrix {
                           0.999999, 0.001183, 0.000772, 0.000000,
                          -0.001066, 0.273867, 0.961767, 0.000000,
                           0.000927,-0.961767, 0.273868, 0.000000,
                           0.000003, 1.559372,-0.000003, 1.000000;;
                        }
                        Frame Armature_mixamorig_LeftHandPinky3 {
                          FrameTransformMatrix {
                             1.000000, 0.000870, 0.000347, 0.000000,
                            -0.000836, 0.661960, 0.749539, 0.000000,
                             0.000422,-0.749539, 0.661960, 0.000000,
                            -0.000018, 1.540615,-0.000002, 1.000000;;
                          }
                          Frame Armature_mixamorig_LeftHandPinky4 {
                            FrameTransformMatrix {
                               1.000000,-0.000000, 0.000000, 0.000000,
                               0.000000, 1.000000,-0.000000, 0.000000,
                               0.000000, 0.000000, 1.000000, 0.000000,
                               0.000007, 1.668717,-0.000001, 1.000000;;
                            }
                          } // End of Armature_mixamorig_LeftHandPinky4
                        } // End of Armature_mixamorig_LeftHandPinky3
                      } // End of Armature_mixamorig_LeftHandPinky2
                    } // End of Armature_mixamorig_LeftHandPinky1
                    Frame Armature_mixamorig_LeftHandRing1 {
                      FrameTransformMatrix {
                         0.994610,-0.068264, 0.078041, 0.000000,
                        -0.078710,-0.007167, 0.996872, 0.000000,
                        -0.067492,-0.997642,-0.012501, 0.000000,
                         3.304940,13.191464,-0.322019, 1.000000;;
                      }
                      Frame Armature_mixamorig_LeftHandRing2 {
                        FrameTransformMatrix {
                           0.999742, 0.011886, 0.019331, 0.000000,
                          -0.022641, 0.464637, 0.885212, 0.000000,
                           0.001540,-0.885422, 0.464786, 0.000000,
                           0.000005, 2.717632,-0.000001, 1.000000;;
                        }
                        Frame Armature_mixamorig_LeftHandRing3 {
                          FrameTransformMatrix {
                             0.999784,-0.020709, 0.001840, 0.000000,
                             0.004470, 0.300525, 0.953764, 0.000000,
                            -0.020305,-0.953549, 0.300552, 0.000000,
                            -0.000014, 2.134458, 0.000002, 1.000000;;
                          }
                          Frame Armature_mixamorig_LeftHandRing4 {
                            FrameTransformMatrix {
                               1.000000, 0.000000,-0.000000, 0.000000,
                              -0.000000, 1.000000, 0.000006, 0.000000,
                              -0.000000,-0.000006, 1.000000, 0.000000,
                              -0.000004, 2.786888, 0.000007, 1.000000;;
                            }
                          } // End of Armature_mixamorig_LeftHandRing4
                        } // End of Armature_mixamorig_LeftHandRing3
                      } // End of Armature_mixamorig_LeftHandRing2
                    } // End of Armature_mixamorig_LeftHandRing1
                    Frame Armature_mixamorig_LeftHandThumb1 {
                      FrameTransformMatrix {
                         0.857972, 0.512606, 0.033458, 0.000000,
                        -0.403243, 0.631712, 0.662069, 0.000000,
                         0.318245,-0.581528, 0.748695, 0.000000,
                        -1.509042, 4.173388, 1.926530, 1.000000;;
                      }
                      Frame Armature_mixamorig_LeftHandThumb2 {
                        FrameTransformMatrix {
                           0.922591,-0.322810,-0.211235, 0.000000,
                           0.321782, 0.945960,-0.040200, 0.000000,
                           0.212797,-0.030884, 0.976608, 0.000000,
                          -0.000009, 3.870381, 0.000004, 1.000000;;
                        }
                        Frame Armature_mixamorig_LeftHandThumb3 {
                          FrameTransformMatrix {
                             0.590012, 0.029185,-0.806867, 0.000000,
                             0.439672, 0.826562, 0.351403, 0.000000,
                             0.677181,-0.562088, 0.474850, 0.000000,
                             0.000007, 4.710648,-0.000003, 1.000000;;
                          }
                          Frame Armature_mixamorig_LeftHandThumb4 {
                            FrameTransformMatrix {
                               1.000000, 0.000000,-0.000000, 0.000000,
                              -0.000000, 1.000000, 0.000000, 0.000000,
                              -0.000000,-0.000000, 1.000000, 0.000000,
                              -0.000002, 3.830362, 0.000001, 1.000000;;
                            }
                          } // End of Armature_mixamorig_LeftHandThumb4
                        } // End of Armature_mixamorig_LeftHandThumb3
                      } // End of Armature_mixamorig_LeftHandThumb2
                    } // End of Armature_mixamorig_LeftHandThumb1
                  } // End of Armature_mixamorig_LeftHand
                } // End of Armature_mixamorig_LeftForeArm
              } // End of Armature_mixamorig_LeftArm
            } // End of Armature_mixamorig_LeftShoulder
            Frame Armature_mixamorig_Neck {
              FrameTransformMatrix {
                 0.997359,-0.069672,-0.020535, 0.000000,
                 0.069141, 0.997280,-0.025549, 0.000000,
                 0.022260, 0.024062, 0.999463, 0.000000,
                -0.056866,14.235785,-2.088092, 1.000000;;
              }
              Frame Armature_mixamorig_Head {
                FrameTransformMatrix {
                   0.961515,-0.117710,-0.248263, 0.000000,
                   0.098239, 0.991134,-0.089455, 0.000000,
                   0.256591, 0.061623, 0.964554, 0.000000,
                   0.000001, 3.280221, 0.313335, 1.000000;;
                }
                Frame Armature_mixamorig_HeadTop_End {
                  FrameTransformMatrix {
                     1.000000,-0.000000, 0.000000, 0.000000,
                     0.000000, 1.000000, 0.000000, 0.000000,
                     0.000000, 0.000000, 1.000000, 0.000000,
                    -0.000000,25.653513, 2.450469, 1.000000;;
                  }
                } // End of Armature_mixamorig_HeadTop_End
              } // End of Armature_mixamorig_Head
            } // End of Armature_mixamorig_Neck
            Frame Armature_mixamorig_RightShoulder {
              FrameTransformMatrix {
                -0.010746,-0.020001, 0.999742, 0.000000,
                -0.966275,-0.257045,-0.015529, 0.000000,
                 0.257290,-0.966192,-0.016565, 0.000000,
                -6.728768,11.756749,-2.058460, 1.000000;;
              }
              Frame Armature_mixamorig_RightArm {
                FrameTransformMatrix {
                   0.997446,-0.034067, 0.062772, 0.000000,
                  -0.014211, 0.766670, 0.641885, 0.000000,
                  -0.069992,-0.641138, 0.764228, 0.000000,
                   0.000001,14.448826, 0.000007, 1.000000;;
                }
                Frame Armature_mixamorig_RightForeArm {
                  FrameTransformMatrix {
                     0.137963,-0.968874,-0.205545, 0.000000,
                     0.984463, 0.156905,-0.078824, 0.000000,
                     0.108621,-0.191476, 0.975468, 0.000000,
                    -0.000002,23.160301,-0.000003, 1.000000;;
                  }
                  Frame Armature_mixamorig_RightHand {
                    FrameTransformMatrix {
                       0.965493,-0.259295,-0.024263, 0.000000,
                       0.258584, 0.943425, 0.207563, 0.000000,
                      -0.030930,-0.206675, 0.977921, 0.000000,
                       0.000001,24.071697,-0.000005, 1.000000;;
                    }
                    Frame Armature_mixamorig_RightHandIndex1 {
                      FrameTransformMatrix {
                         0.998729, 0.050341,-0.002469, 0.000000,
                        -0.021905, 0.477654, 0.878275, 0.000000,
                         0.045393,-0.877105, 0.478150, 0.000000,
                         2.855490,14.669393, 0.399002, 1.000000;;
                      }
                      Frame Armature_mixamorig_RightHandIndex2 {
                        FrameTransformMatrix {
                           0.996871,-0.079028,-0.001458, 0.000000,
                           0.032722, 0.395834, 0.917739, 0.000000,
                          -0.071950,-0.914915, 0.397181, 0.000000,
                           0.000010, 3.248599,-0.000003, 1.000000;;
                        }
                        Frame Armature_mixamorig_RightHandIndex3 {
                          FrameTransformMatrix {
                             0.999468, 0.005237, 0.032204, 0.000000,
                            -0.030396, 0.508175, 0.860717, 0.000000,
                            -0.011858,-0.861238, 0.508064, 0.000000,
                            -0.000004, 2.659605,-0.000001, 1.000000;;
                          }
                          Frame Armature_mixamorig_RightHandIndex4 {
                            FrameTransformMatrix {
                               1.000000, 0.000000,-0.000000, 0.000000,
                              -0.000000, 1.000000, 0.000000, 0.000000,
                               0.000000, 0.000000, 1.000000, 0.000000,
                               0.000001, 3.633099, 0.000003, 1.000000;;
                            }
                          } // End of Armature_mixamorig_RightHandIndex4
                        } // End of Armature_mixamorig_RightHandIndex3
                      } // End of Armature_mixamorig_RightHandIndex2
                    } // End of Armature_mixamorig_RightHandIndex1
                    Frame Armature_mixamorig_RightHandMiddle1 {
                      FrameTransformMatrix {
                         0.999736,-0.000171,-0.022970, 0.000000,
                         0.021402, 0.370172, 0.928717, 0.000000,
                         0.008344,-0.928963, 0.370078, 0.000000,
                         0.000001,14.409794, 0.000000, 1.000000;;
                      }
                      Frame Armature_mixamorig_RightHandMiddle2 {
                        FrameTransformMatrix {
                           0.996114,-0.087999,-0.003724, 0.000000,
                           0.012154, 0.095465, 0.995358, 0.000000,
                          -0.087235,-0.991535, 0.096164, 0.000000,
                           0.000007, 3.259092, 0.000000, 1.000000;;
                        }
                        Frame Armature_mixamorig_RightHandMiddle3 {
                          FrameTransformMatrix {
                             0.999639, 0.021869, 0.015623, 0.000000,
                            -0.026843, 0.841136, 0.540158, 0.000000,
                            -0.001328,-0.540382, 0.841419, 0.000000,
                             0.000009, 2.639802, 0.000002, 1.000000;;
                          }
                          Frame Armature_mixamorig_RightHandMiddle4 {
                            FrameTransformMatrix {
                               1.000000, 0.000000,-0.000000, 0.000000,
                              -0.000000, 1.000000,-0.000000, 0.000000,
                               0.000000, 0.000000, 1.000000, 0.000000,
                               0.000003, 3.673905, 0.000005, 1.000000;;
                            }
                          } // End of Armature_mixamorig_RightHandMiddle4
                        } // End of Armature_mixamorig_RightHandMiddle3
                      } // End of Armature_mixamorig_RightHandMiddle2
                    } // End of Armature_mixamorig_RightHandMiddle1
                    Frame Armature_mixamorig_RightHandPinky1 {
                      FrameTransformMatrix {
                         0.997426,-0.004355,-0.071564, 0.000000,
                         0.071696, 0.056399, 0.995831, 0.000000,
                        -0.000300,-0.998399, 0.056566, 0.000000,
                        -5.921989,11.636396, 0.517001, 1.000000;;
                      }
                      Frame Armature_mixamorig_RightHandPinky2 {
                        FrameTransformMatrix {
                           0.999994,-0.003052,-0.001570, 0.000000,
                           0.003053, 0.581894, 0.813259, 0.000000,
                          -0.001568,-0.813259, 0.581900, 0.000000,
                          -0.000007, 1.559306, 0.000001, 1.000000;;
                        }
                        Frame Armature_mixamorig_RightHandPinky3 {
                          FrameTransformMatrix {
                             0.999998,-0.001636,-0.000375, 0.000000,
                             0.001636, 0.900092, 0.435697, 0.000000,
                            -0.000375,-0.435697, 0.900093, 0.000000,
                            -0.000003, 1.540593, 0.000003, 1.000000;;
                          }
                          Frame Armature_mixamorig_RightHandPinky4 {
                            FrameTransformMatrix {
                               1.000000, 0.000001,-0.000001, 0.000000,
                              -0.000001, 1.000000,-0.000000, 0.000000,
                               0.000001, 0.000000, 1.000000, 0.000000,
                               0.000014, 1.668690, 0.000003, 1.000000;;
                            }
                          } // End of Armature_mixamorig_RightHandPinky4
                        } // End of Armature_mixamorig_RightHandPinky3
                      } // End of Armature_mixamorig_RightHandPinky2
                    } // End of Armature_mixamorig_RightHandPinky1
                    Frame Armature_mixamorig_RightHandRing1 {
                      FrameTransformMatrix {
                         0.996863, 0.078037, 0.013230, 0.000000,
                        -0.027663, 0.186896, 0.981990, 0.000000,
                         0.074159,-0.979275, 0.188469, 0.000000,
                        -3.304958,13.191500,-0.321995, 1.000000;;
                      }
                      Frame Armature_mixamorig_RightHandRing2 {
                        FrameTransformMatrix {
                           0.999644,-0.022419,-0.014452, 0.000000,
                           0.020302, 0.288066, 0.957395, 0.000000,
                          -0.017301,-0.957348, 0.288419, 0.000000,
                          -0.000005, 2.717586, 0.000002, 1.000000;;
                        }
                        Frame Armature_mixamorig_RightHandRing3 {
                          FrameTransformMatrix {
                             0.999813, 0.019266,-0.001727, 0.000000,
                            -0.013851, 0.775388, 0.631333, 0.000000,
                             0.013503,-0.631191, 0.775510, 0.000000,
                            -0.000000, 2.134499,-0.000008, 1.000000;;
                          }
                          Frame Armature_mixamorig_RightHandRing4 {
                            FrameTransformMatrix {
                               1.000000,-0.000000, 0.000000, 0.000000,
                              -0.000000, 1.000000,-0.000000, 0.000000,
                              -0.000000, 0.000000, 1.000000, 0.000000,
                               0.000007, 2.786810,-0.000005, 1.000000;;
                            }
                          } // End of Armature_mixamorig_RightHandRing4
                        } // End of Armature_mixamorig_RightHandRing3
                      } // End of Armature_mixamorig_RightHandRing2
                    } // End of Armature_mixamorig_RightHandRing1
                    Frame Armature_mixamorig_RightHandThumb1 {
                      FrameTransformMatrix {
                         0.976822,-0.104943, 0.186561, 0.000000,
                        -0.093487, 0.574891, 0.812872, 0.000000,
                        -0.192557,-0.811472, 0.551756, 0.000000,
                         1.509039, 4.173396, 1.926998, 1.000000;;
                      }
                      Frame Armature_mixamorig_RightHandThumb2 {
                        FrameTransformMatrix {
                           0.951158, 0.004528, 0.308671, 0.000000,
                           0.055871, 0.980855,-0.186553, 0.000000,
                          -0.303607, 0.194688, 0.932695, 0.000000,
                           0.000010, 3.870432,-0.000006, 1.000000;;
                        }
                        Frame Armature_mixamorig_RightHandThumb3 {
                          FrameTransformMatrix {
                             0.926979, 0.227167,-0.298505, 0.000000,
                            -0.296701, 0.930931,-0.212923, 0.000000,
                             0.229518, 0.285942, 0.930354, 0.000000,
                             0.000006, 4.710326, 0.000009, 1.000000;;
                          }
                          Frame Armature_mixamorig_RightHandThumb4 {
                            FrameTransformMatrix {
                               1.000000, 0.000000, 0.000000, 0.000000,
                               0.000000, 1.000000,-0.000000, 0.000000,
                               0.000000, 0.000000, 1.000000, 0.000000,
                              -0.000007, 3.830364, 0.000003, 1.000000;;
                            }
                          } // End of Armature_mixamorig_RightHandThumb4
                        } // End of Armature_mixamorig_RightHandThumb3
                      } // End of Armature_mixamorig_RightHandThumb2
                    } // End of Armature_mixamorig_RightHandThumb1
                  } // End of Armature_mixamorig_RightHand
                } // End of Armature_mixamorig_RightForeArm
              } // End of Armature_mixamorig_RightArm
            } // End of Armature_mixamorig_RightShoulder
          } // End of Armature_mixamorig_Spine2
        } // End of Armature_mixamorig_Spine1
      } // End of Armature_mixamorig_Spine
    } // End of Armature_mixamorig_Hips
  } // End of Armature
} // End of Root
AnimationSet Global {
  Animation {
    {Armature}
    AnimationKey { // Rotation
      0;
      17;
      0;4;-0.707107, 0.707107, 0.000000, 0.000000;;,
      1;4;-0.707107, 0.707107, 0.000000, 0.000000;;,
      2;4;-0.707107, 0.707107, 0.000000, 0.000000;;,
      3;4;-0.707107, 0.707107, 0.000000, 0.000000;;,
      4;4;-0.707107, 0.707107, 0.000000, 0.000000;;,
      5;4;-0.707107, 0.707107, 0.000000, 0.000000;;,
      6;4;-0.707107, 0.707107, 0.000000, 0.000000;;,
      7;4;-0.707107, 0.707107, 0.000000, 0.000000;;,
      8;4;-0.707107, 0.707107, 0.000000, 0.000000;;,
      9;4;-0.707107, 0.707107, 0.000000, 0.000000;;,
      10;4;-0.707107, 0.707107, 0.000000, 0.000000;;,
      11;4;-0.707107, 0.707107, 0.000000, 0.000000;;,
      12;4;-0.707107, 0.707107, 0.000000, 0.000000;;,
      13;4;-0.707107, 0.707107, 0.000000, 0.000000;;,
      14;4;-0.707107, 0.707107, 0.000000, 0.000000;;,
      15;4;-0.707107, 0.707107, 0.000000, 0.000000;;,
      16;4;-0.707107, 0.707107, 0.000000, 0.000000;;;
    }
    AnimationKey { // Scale
      1;
      17;
      0;3; 0.100000, 0.100000, 0.100000;;,
      1;3; 0.100000, 0.100000, 0.100000;;,
      2;3; 0.100000, 0.100000, 0.100000;;,
      3;3; 0.100000, 0.100000, 0.100000;;,
      4;3; 0.100000, 0.100000, 0.100000;;,
      5;3; 0.100000, 0.100000, 0.100000;;,
      6;3; 0.100000, 0.100000, 0.100000;;,
      7;3; 0.100000, 0.100000, 0.100000;;,
      8;3; 0.100000, 0.100000, 0.100000;;,
      9;3; 0.100000, 0.100000, 0.100000;;,
      10;3; 0.100000, 0.100000, 0.100000;;,
      11;3; 0.100000, 0.100000, 0.100000;;,
      12;3; 0.100000, 0.100000, 0.100000;;,
      13;3; 0.100000, 0.100000, 0.100000;;,
      14;3; 0.100000, 0.100000, 0.100000;;,
      15;3; 0.100000, 0.100000, 0.100000;;,
      16;3; 0.100000, 0.100000, 0.100000;;;
    }
    AnimationKey { // Position
      2;
      17;
      0;3; 0.000000, 0.000000, 0.000000;;,
      1;3; 0.000000, 0.000000, 0.000000;;,
      2;3; 0.000000, 0.000000, 0.000000;;,
      3;3; 0.000000, 0.000000, 0.000000;;,
      4;3; 0.000000, 0.000000, 0.000000;;,
      5;3; 0.000000, 0.000000, 0.000000;;,
      6;3; 0.000000, 0.000000, 0.000000;;,
      7;3; 0.000000, 0.000000, 0.000000;;,
      8;3; 0.000000, 0.000000, 0.000000;;,
      9;3; 0.000000, 0.000000, 0.000000;;,
      10;3; 0.000000, 0.000000, 0.000000;;,
      11;3; 0.000000, 0.000000, 0.000000;;,
      12;3; 0.000000, 0.000000, 0.000000;;,
      13;3; 0.000000, 0.000000, 0.000000;;,
      14;3; 0.000000, 0.000000, 0.000000;;,
      15;3; 0.000000, 0.000000, 0.000000;;,
      16;3; 0.000000, 0.000000, 0.000000;;;
    }
  }
  Animation {
    {Armature_mixamorig_Hips}
    AnimationKey { // Rotation
      0;
      17;
      0;4;-0.981956,-0.029277,-0.183970, 0.032550;;,
      1;4;-0.985076,-0.045582,-0.162291, 0.034787;;,
      2;4;-0.984081,-0.043509,-0.168554, 0.035785;;,
      3;4;-0.978324,-0.018839,-0.203594, 0.032807;;,
      4;4;-0.969626, 0.012554,-0.242780, 0.026948;;,
      5;4;-0.963817, 0.016655,-0.265726, 0.012986;;,
      6;4;-0.958418, 0.009282,-0.285215, 0.000974;;,
      7;4;-0.951208, 0.001470,-0.308450,-0.007764;;,
      8;4;-0.941746,-0.001000,-0.336267, 0.006087;;,
      9;4;-0.939708, 0.006655,-0.341518, 0.016445;;,
      10;4;-0.948948, 0.007909,-0.314651, 0.020745;;,
      11;4;-0.960317, 0.013769,-0.275818, 0.039079;;,
      12;4;-0.967188, 0.016549,-0.245933, 0.061559;;,
      13;4;-0.970563, 0.014607,-0.227923, 0.076455;;,
      14;4;-0.973570,-0.001889,-0.215705, 0.075022;;,
      15;4;-0.977995,-0.015559,-0.200291, 0.056276;;,
      16;4;-0.981956,-0.029277,-0.183970, 0.032550;;;
    }
    AnimationKey { // Scale
      1;
      17;
      0;3; 1.000000, 1.000000, 1.000000;;,
      1;3; 1.000000, 1.000000, 1.000000;;,
      2;3; 1.000000, 1.000000, 1.000000;;,
      3;3; 1.000000, 1.000000, 1.000000;;,
      4;3; 1.000000, 1.000000, 1.000000;;,
      5;3; 1.000000, 1.000000, 1.000000;;,
      6;3; 1.000000, 1.000000, 1.000000;;,
      7;3; 1.000000, 1.000000, 1.000000;;,
      8;3; 1.000000, 1.000000, 1.000000;;,
      9;3; 1.000000, 1.000000, 1.000000;;,
      10;3; 1.000000, 1.000000, 1.000000;;,
      11;3; 1.000000, 1.000000, 1.000000;;,
      12;3; 1.000000, 1.000000, 1.000000;;,
      13;3; 1.000000, 1.000000, 1.000000;;,
      14;3; 1.000000, 1.000000, 1.000000;;,
      15;3; 1.000000, 1.000000, 1.000000;;,
      16;3; 1.000000, 1.000000, 1.000000;;;
    }
    AnimationKey { // Position
      2;
      17;
      0;3; 0.012124,96.045235, 0.535280;;,
      1;3;-0.281509,97.791695, 1.681925;;,
      2;3;-0.455092,99.953369, 3.097560;;,
      3;3;-0.355113,101.679077, 3.998074;;,
      4;3; 0.163795,102.315964, 3.528902;;,
      5;3; 0.983315,101.991501, 2.567799;;,
      6;3; 1.473531,100.108521, 2.121972;;,
      7;3; 1.689172,97.914482, 2.635900;;,
      8;3; 1.751333,96.131470, 2.659566;;,
      9;3; 1.596666,95.899124, 2.593932;;,
      10;3; 1.278586,97.714432, 2.163689;;,
      11;3; 1.050080,99.422020, 1.124668;;,
      12;3; 0.708367,99.972931, 0.355733;;,
      13;3; 0.591491,99.229012,-0.319349;;,
      14;3; 0.446666,97.960022,-0.647076;;,
      15;3; 0.241076,96.890015,-0.153823;;,
      16;3; 0.013797,96.045250, 0.535279;;;
    }
  }
  Animation {
    {Armature_mixamorig_Spine}
    AnimationKey { // Rotation
      0;
      17;
      0;4;-0.991108, 0.123044,-0.041809, 0.028580;;,
      1;4;-0.987616, 0.132810,-0.080882, 0.020836;;,
      2;4;-0.986728, 0.120281,-0.108429, 0.011999;;,
      3;4;-0.989756, 0.088954,-0.111184, 0.010383;;,
      4;4;-0.992099, 0.067595,-0.104788, 0.013781;;,
      5;4;-0.992321, 0.077151,-0.094289, 0.021346;;,
      6;4;-0.993796, 0.086016,-0.067072, 0.021746;;,
      7;4;-0.995478, 0.090113,-0.023144, 0.019174;;,
      8;4;-0.996515, 0.080592, 0.021471,-0.001233;;,
      9;4;-0.996464, 0.065316, 0.052342,-0.007280;;,
      10;4;-0.995333, 0.069076, 0.067203,-0.005024;;,
      11;4;-0.995163, 0.066617, 0.071487,-0.010152;;,
      12;4;-0.995424, 0.058106, 0.073303,-0.019513;;,
      13;4;-0.996661, 0.052882, 0.059557,-0.017980;;,
      14;4;-0.995786, 0.082009, 0.038352,-0.014662;;,
      15;4;-0.994524, 0.104392, 0.001143, 0.004705;;,
      16;4;-0.991108, 0.123044,-0.041808, 0.028580;;;
    }
    AnimationKey { // Scale
      1;
      17;
      0;3; 1.000000, 1.000000, 1.000000;;,
      1;3; 1.000000, 1.000000, 1.000000;;,
      2;3; 1.000000, 1.000000, 1.000000;;,
      3;3; 1.000000, 1.000000, 1.000000;;,
      4;3; 1.000000, 1.000000, 1.000000;;,
      5;3; 1.000000, 1.000000, 1.000000;;,
      6;3; 1.000000, 1.000000, 1.000000;;,
      7;3; 1.000000, 1.000000, 1.000000;;,
      8;3; 1.000000, 1.000000, 1.000000;;,
      9;3; 1.000000, 1.000000, 1.000000;;,
      10;3; 1.000000, 1.000000, 1.000000;;,
      11;3; 1.000000, 1.000000, 1.000000;;,
      12;3; 1.000000, 1.000000, 1.000000;;,
      13;3; 1.000000, 1.000000, 1.000000;;,
      14;3; 1.000000, 1.000000, 1.000000;;,
      15;3; 1.000000, 1.000000, 1.000000;;,
      16;3; 1.000000, 1.000000, 1.000000;;;
    }
    AnimationKey { // Position
      2;
      17;
      0;3;-0.038106, 9.490520,-1.392062;;,
      1;3;-0.038106, 9.490515,-1.392062;;,
      2;3;-0.038106, 9.490516,-1.392062;;,
      3;3;-0.038105, 9.490500,-1.392063;;,
      4;3;-0.038106, 9.490508,-1.392062;;,
      5;3;-0.038105, 9.490507,-1.392062;;,
      6;3;-0.038105, 9.490507,-1.392062;;,
      7;3;-0.038105, 9.490511,-1.392063;;,
      8;3;-0.038105, 9.490512,-1.392062;;,
      9;3;-0.038105, 9.490501,-1.392062;;,
      10;3;-0.038105, 9.490504,-1.392063;;,
      11;3;-0.038106, 9.490504,-1.392063;;,
      12;3;-0.038106, 9.490521,-1.392063;;,
      13;3;-0.038105, 9.490499,-1.392063;;,
      14;3;-0.038106, 9.490501,-1.392063;;,
      15;3;-0.038106, 9.490513,-1.392063;;,
      16;3;-0.038105, 9.490516,-1.392063;;;
    }
  }
  Animation {
    {Armature_mixamorig_Spine1}
    AnimationKey { // Rotation
      0;
      17;
      0;4;-0.999906, 0.007531,-0.010115,-0.005323;;,
      1;4;-0.999760, 0.002922,-0.019949,-0.008553;;,
      2;4;-0.999564, 0.001657,-0.026977,-0.011876;;,
      3;4;-0.999519, 0.004057,-0.028154,-0.012348;;,
      4;4;-0.999568, 0.005161,-0.027323,-0.009551;;,
      5;4;-0.999620, 0.009678,-0.024947,-0.006628;;,
      6;4;-0.999785, 0.009809,-0.017494,-0.005215;;,
      7;4;-0.999950, 0.007651,-0.006197,-0.001733;;,
      8;4;-0.999963, 0.005770, 0.006202,-0.001468;;,
      9;4;-0.999896, 0.001385, 0.014344, 0.000673;;,
      10;4;-0.999830, 0.002295, 0.017998, 0.003341;;,
      11;4;-0.999778, 0.006967, 0.019741, 0.002558;;,
      12;4;-0.999726, 0.011070, 0.020628, 0.000753;;,
      13;4;-0.999764, 0.012166, 0.017566,-0.003905;;,
      14;4;-0.999824, 0.013842, 0.011910,-0.004225;;,
      15;4;-0.999922, 0.011369, 0.001617,-0.004835;;,
      16;4;-0.999906, 0.007531,-0.010111,-0.005404;;;
    }
    AnimationKey { // Scale
      1;
      17;
      0;3; 1.000000, 1.000000, 1.000000;;,
      1;3; 1.000000, 1.000000, 1.000000;;,
      2;3; 1.000000, 1.000000, 1.000000;;,
      3;3; 1.000000, 1.000000, 1.000000;;,
      4;3; 1.000000, 1.000000, 1.000000;;,
      5;3; 1.000000, 1.000000, 1.000000;;,
      6;3; 1.000000, 1.000000, 1.000000;;,
      7;3; 1.000000, 1.000000, 1.000000;;,
      8;3; 1.000000, 1.000000, 1.000000;;,
      9;3; 1.000000, 1.000000, 1.000000;;,
      10;3; 1.000000, 1.000000, 1.000000;;,
      11;3; 1.000000, 1.000000, 1.000000;;,
      12;3; 1.000000, 1.000000, 1.000000;;,
      13;3; 1.000000, 1.000000, 1.000000;;,
      14;3; 1.000000, 1.000000, 1.000000;;,
      15;3; 1.000000, 1.000000, 1.000000;;,
      16;3; 1.000000, 1.000000, 1.000000;;;
    }
    AnimationKey { // Position
      2;
      17;
      0;3; 0.000002,11.190850,-0.000001;;,
      1;3;-0.000001,11.190838, 0.000001;;,
      2;3; 0.000000,11.190838, 0.000000;;,
      3;3; 0.000000,11.190845,-0.000002;;,
      4;3;-0.000000,11.190844, 0.000001;;,
      5;3;-0.000000,11.190844, 0.000003;;,
      6;3;-0.000000,11.190840,-0.000000;;,
      7;3; 0.000000,11.190839,-0.000000;;,
      8;3; 0.000000,11.190850, 0.000000;;,
      9;3; 0.000000,11.190839,-0.000000;;,
      10;3;-0.000000,11.190842, 0.000000;;,
      11;3; 0.000000,11.190837, 0.000001;;,
      12;3; 0.000001,11.190848,-0.000003;;,
      13;3; 0.000000,11.190843,-0.000001;;,
      14;3;-0.000001,11.190844,-0.000001;;,
      15;3; 0.000002,11.190836,-0.000002;;,
      16;3; 0.000000,11.190847,-0.000002;;;
    }
  }
  Animation {
    {Armature_mixamorig_Spine2}
    AnimationKey { // Rotation
      0;
      17;
      0;4;-0.996696, 0.080311,-0.010337,-0.006305;;,
      1;4;-0.996879, 0.075772,-0.020394,-0.008685;;,
