xof 0303txt 0032

Frame Root {
  FrameTransformMatrix {
     1.000000, 0.000000, 0.000000, 0.000000,
     0.000000,-0.000000,-1.000000, 0.000000,
     0.000000, 1.000000,-0.000000, 0.000000,
     0.000000, 0.000000, 0.000000, 1.000000;;
  }
  Frame Armature {
    FrameTransformMatrix {
       0.010000, 0.000000, 0.000000, 0.000000,
       0.000000,-0.000000, 0.010000, 0.000000,
       0.000000,-0.010000,-0.000000, 0.000000,
       0.000000, 0.000000, 0.000000, 1.000000;;
    }
    Frame Armature_mixamorig_Hips {
      FrameTransformMatrix {
         0.988599,-0.099475, 0.113037, 0.000000,
         0.098492, 0.995036, 0.014264, 0.000000,
        -0.113895,-0.002968, 0.993488, 0.000000,
         8.228246,84.054016,-1.417622, 1.000000;;
      }
      Frame Armature_mixamorig_LeftUpLeg {
        FrameTransformMatrix {
          -0.936882,-0.327909, 0.121503, 0.000000,
           0.345769,-0.817361, 0.461411, 0.000000,
          -0.051918, 0.473707, 0.880376, 0.000000,
           9.789108,-5.875882,-0.583682, 1.000000;;
        }
        Frame Armature_mixamorig_LeftLeg {
          FrameTransformMatrix {
             0.989103, 0.122189, 0.082129, 0.000000,
             0.028869, 0.386049,-0.922027, 0.000000,
            -0.144367, 0.914350, 0.378314, 0.000000,
             0.000001,41.702015,-0.000004, 1.000000;;
          }
          Frame Armature_mixamorig_LeftFoot {
            FrameTransformMatrix {
               0.890122, 0.085961,-0.447541, 0.000000,
               0.445149, 0.046295, 0.894259, 0.000000,
               0.097590,-0.995222, 0.002943, 0.000000,
               0.000001,36.980438, 0.000000, 1.000000;;
            }
            Frame Armature_mixamorig_LeftToeBase {
              FrameTransformMatrix {
                 0.999371, 0.022139,-0.027717, 0.000000,
                 0.001959, 0.745704, 0.666274, 0.000000,
                 0.035420,-0.665910, 0.745191, 0.000000,
                 0.000000,16.687990,-0.000000, 1.000000;;
              }
              Frame Armature_mixamorig_LeftToe_End {
                FrameTransformMatrix {
                   1.000000,-0.000000, 0.000000, 0.000000,
                   0.000000, 1.000000, 0.000000, 0.000000,
                  -0.000000,-0.000000, 1.000000, 0.000000,
                  -0.000001, 7.110361, 0.000000, 1.000000;;
                }
              } // End of Armature_mixamorig_LeftToe_End
            } // End of Armature_mixamorig_LeftToeBase
          } // End of Armature_mixamorig_LeftFoot
        } // End of Armature_mixamorig_LeftLeg
      } // End of Armature_mixamorig_LeftUpLeg
      Frame Armature_mixamorig_RightUpLeg {
        FrameTransformMatrix {
          -0.938241, 0.216990,-0.269540, 0.000000,
          -0.329605,-0.797386, 0.505615, 0.000000,
          -0.105190, 0.563109, 0.819855, 0.000000,
          -9.857688,-5.875853,-0.583679, 1.000000;;
        }
        Frame Armature_mixamorig_RightLeg {
          FrameTransformMatrix {
             0.989005, 0.139766, 0.048311, 0.000000,
             0.005244, 0.293334,-0.955996, 0.000000,
            -0.147787, 0.945738, 0.289376, 0.000000,
            -0.000001,41.702011, 0.000003, 1.000000;;
          }
          Frame Armature_mixamorig_RightFoot {
            FrameTransformMatrix {
               0.997229, 0.027318, 0.069195, 0.000000,
              -0.073525, 0.503490, 0.860867, 0.000000,
              -0.011322,-0.863569, 0.504104, 0.000000,
              -0.000001,36.980858, 0.000003, 1.000000;;
            }
            Frame Armature_mixamorig_RightToeBase {
              FrameTransformMatrix {
                 0.998981,-0.029169, 0.034432, 0.000000,
                -0.008069, 0.635254, 0.772262, 0.000000,
                -0.044399,-0.771753, 0.634371, 0.000000,
                -0.000000,16.697964,-0.000000, 1.000000;;
              }
              Frame Armature_mixamorig_RightToe_End {
                FrameTransformMatrix {
                   1.000000,-0.000000,-0.000000, 0.000000,
                   0.000000, 1.000000,-0.000000, 0.000000,
                   0.000000, 0.000000, 1.000000, 0.000000,
                   0.000003, 7.118365, 0.000000, 1.000000;;
                }
              } // End of Armature_mixamorig_RightToe_End
            } // End of Armature_mixamorig_RightToeBase
          } // End of Armature_mixamorig_RightFoot
        } // End of Armature_mixamorig_RightLeg
      } // End of Armature_mixamorig_RightUpLeg
      Frame Armature_mixamorig_Spine {
        FrameTransformMatrix {
           0.999202,-0.034141, 0.020736, 0.000000,
           0.035665, 0.996298,-0.078216, 0.000000,
          -0.017989, 0.078893, 0.996721, 0.000000,
           0.017331,10.574833,-1.117231, 1.000000;;
        }
        Frame Armature_mixamorig_Spine1 {
          FrameTransformMatrix {
             0.996698,-0.074810, 0.031569, 0.000000,
             0.073022, 0.995845, 0.054415, 0.000000,
            -0.035509,-0.051930, 0.998019, 0.000000,
            -0.000002,12.405974,-0.000001, 1.000000;;
          }
          Frame Armature_mixamorig_Spine2 {
            FrameTransformMatrix {
               0.996816,-0.073270, 0.031456, 0.000000,
               0.067381, 0.984972, 0.159029, 0.000000,
              -0.042635,-0.156404, 0.986772, 0.000000,
               0.000001,14.178246,-0.000000, 1.000000;;
            }
            Frame Armature_mixamorig_LeftShoulder {
              FrameTransformMatrix {
                 0.008803, 0.011689,-0.999892, 0.000000,
                 0.966320,-0.257285, 0.005500, 0.000000,
                -0.257193,-0.966265,-0.013561, 0.000000,
                 5.934979,13.670221,-1.662612, 1.000000;;
              }
              Frame Armature_mixamorig_LeftArm {
                FrameTransformMatrix {
                   0.813460, 0.578613, 0.059075, 0.000000,
                  -0.489046, 0.625467, 0.607968, 0.000000,
                   0.314829,-0.523448, 0.791761, 0.000000,
                   0.000001,12.607870,-0.000017, 1.000000;;
                }
                Frame Armature_mixamorig_LeftForeArm {
                  FrameTransformMatrix {
                    -0.124505, 0.992219,-0.000002, 0.000000,
                    -0.992219,-0.124506, 0.000003, 0.000000,
                     0.000002, 0.000003, 1.000000, 0.000000,
                     0.000002,25.574329, 0.000001, 1.000000;;
                  }
                  Frame Armature_mixamorig_LeftHand {
                    FrameTransformMatrix {
                       0.967111, 0.198292,-0.159302, 0.000000,
                      -0.204325, 0.978650,-0.022265, 0.000000,
                       0.151486, 0.054082, 0.986979, 0.000000,
                       0.000003,21.603378, 0.000044, 1.000000;;
                    }
                    Frame Armature_mixamorig_LeftHandIndex1 {
                      FrameTransformMatrix {
                         0.984174,-0.118848,-0.131444, 0.000000,
                         0.118848,-0.107514, 0.987074, 0.000000,
                        -0.131444,-0.987074,-0.091688, 0.000000,
                        -2.341897, 9.909731,-0.291368, 1.000000;;
                      }
                      Frame Armature_mixamorig_LeftHandIndex2 {
                        FrameTransformMatrix {
                           0.990503,-0.112617,-0.078875, 0.000000,
                           0.112616, 0.335415, 0.935315, 0.000000,
                          -0.078876,-0.935315, 0.344912, 0.000000,
                          -0.000003, 3.776727,-0.000010, 1.000000;;
                        }
                        Frame Armature_mixamorig_LeftHandIndex3 {
                          FrameTransformMatrix {
                             0.997387,-0.068910,-0.021703, 0.000000,
                             0.068910, 0.817133, 0.572316, 0.000000,
                            -0.021704,-0.572316, 0.819746, 0.000000,
                             0.000004, 2.543031,-0.000003, 1.000000;;
                          }
                          Frame Armature_mixamorig_LeftHandIndex4 {
                            FrameTransformMatrix {
                               1.000000, 0.000000,-0.000000, 0.000000,
                               0.000000, 1.000000, 0.000000, 0.000000,
                              -0.000000,-0.000000, 1.000000, 0.000000,
                              -0.000007, 2.529059, 0.000002, 1.000000;;
                            }
                          } // End of Armature_mixamorig_LeftHandIndex4
                        } // End of Armature_mixamorig_LeftHandIndex3
                      } // End of Armature_mixamorig_LeftHandIndex2
                    } // End of Armature_mixamorig_LeftHandIndex1
                    Frame Armature_mixamorig_LeftHandMiddle1 {
                      FrameTransformMatrix {
                         0.984178,-0.118852,-0.131410, 0.000000,
                         0.118851,-0.107231, 0.987105, 0.000000,
                        -0.131411,-0.987105,-0.091409, 0.000000,
                         0.000032, 9.700748, 0.000011, 1.000000;;
                      }
                      Frame Armature_mixamorig_LeftHandMiddle2 {
                        FrameTransformMatrix {
                           0.990499,-0.112627,-0.078907, 0.000000,
                           0.112627, 0.335148, 0.935410, 0.000000,
                          -0.078907,-0.935410, 0.344648, 0.000000,
                           0.000006, 4.014638, 0.000003, 1.000000;;
                        }
                        Frame Armature_mixamorig_LeftHandMiddle3 {
                          FrameTransformMatrix {
                             0.997387,-0.068909,-0.021704, 0.000000,
                             0.068909, 0.817132, 0.572318, 0.000000,
                            -0.021703,-0.572318, 0.819745, 0.000000,
                            -0.000003, 2.996710,-0.000001, 1.000000;;
                          }
                          Frame Armature_mixamorig_LeftHandMiddle4 {
                            FrameTransformMatrix {
                               1.000000, 0.000000, 0.000000, 0.000000,
                               0.000000, 1.000000, 0.000000, 0.000000,
                              -0.000000,-0.000000, 1.000000, 0.000000,
                              -0.000006, 2.824988,-0.000004, 1.000000;;
                            }
                          } // End of Armature_mixamorig_LeftHandMiddle4
                        } // End of Armature_mixamorig_LeftHandMiddle3
                      } // End of Armature_mixamorig_LeftHandMiddle2
                    } // End of Armature_mixamorig_LeftHandMiddle1
                    Frame Armature_mixamorig_LeftHandPinky1 {
                      FrameTransformMatrix {
                         0.973267,-0.111258,-0.200932, 0.000000,
                         0.189297,-0.106878, 0.976086, 0.000000,
                        -0.130073,-0.988028,-0.082959, 0.000000,
                         4.712737, 8.985465,-0.221637, 1.000000;;
                      }
                      Frame Armature_mixamorig_LeftHandPinky2 {
                        FrameTransformMatrix {
                           0.995962,-0.041596,-0.079561, 0.000000,
                           0.088913, 0.334215, 0.938293, 0.000000,
                          -0.012439,-0.941578, 0.336564, 0.000000,
                          -0.000003, 3.562537,-0.000007, 1.000000;;
                        }
                        Frame Armature_mixamorig_LeftHandPinky3 {
                          FrameTransformMatrix {
                             0.997387,-0.068908,-0.021704, 0.000000,
                             0.068908, 0.817131, 0.572318, 0.000000,
                            -0.021702,-0.572318, 0.819745, 0.000000,
                            -0.000000, 2.335178, 0.000004, 1.000000;;
                          }
                          Frame Armature_mixamorig_LeftHandPinky4 {
                            FrameTransformMatrix {
                               1.000000,-0.000000, 0.000000, 0.000000,
                               0.000000, 1.000000,-0.000007, 0.000000,
                              -0.000000, 0.000007, 1.000000, 0.000000,
                               0.000007, 2.037305,-0.000004, 1.000000;;
                            }
                          } // End of Armature_mixamorig_LeftHandPinky4
                        } // End of Armature_mixamorig_LeftHandPinky3
                      } // End of Armature_mixamorig_LeftHandPinky2
                    } // End of Armature_mixamorig_LeftHandPinky1
                    Frame Armature_mixamorig_LeftHandRing1 {
                      FrameTransformMatrix {
                         0.984174,-0.118847,-0.131443, 0.000000,
                         0.118848,-0.107510, 0.987075, 0.000000,
                        -0.131443,-0.987075,-0.091684, 0.000000,
                         2.241708, 9.308400,-0.143550, 1.000000;;
                      }
                      Frame Armature_mixamorig_LeftHandRing2 {
                        FrameTransformMatrix {
                           0.990503,-0.112615,-0.078876, 0.000000,
                           0.112616, 0.335404, 0.935319, 0.000000,
                          -0.078876,-0.935319, 0.344901, 0.000000,
                           0.000007, 4.019415,-0.000001, 1.000000;;
                        }
                        Frame Armature_mixamorig_LeftHandRing3 {
                          FrameTransformMatrix {
                             0.997387,-0.068909,-0.021703, 0.000000,
                             0.068909, 0.817140, 0.572305, 0.000000,
                            -0.021703,-0.572305, 0.819754, 0.000000,
                            -0.000002, 2.790807,-0.000001, 1.000000;;
                          }
                          Frame Armature_mixamorig_LeftHandRing4 {
                            FrameTransformMatrix {
                               1.000000,-0.000000, 0.000000, 0.000000,
                               0.000000, 1.000000, 0.000006, 0.000000,
                              -0.000000,-0.000006, 1.000000, 0.000000,
                              -0.000001, 2.540724,-0.000011, 1.000000;;
                            }
                          } // End of Armature_mixamorig_LeftHandRing4
                        } // End of Armature_mixamorig_LeftHandRing3
                      } // End of Armature_mixamorig_LeftHandRing2
                    } // End of Armature_mixamorig_LeftHandRing1
                    Frame Armature_mixamorig_LeftHandThumb1 {
                      FrameTransformMatrix {
                         0.936616, 0.298681,-0.183142, 0.000000,
                        -0.194342, 0.877841, 0.437752, 0.000000,
                         0.291518,-0.374414, 0.880245, 0.000000,
                        -2.370372, 3.545605, 1.908230, 1.000000;;
                      }
                      Frame Armature_mixamorig_LeftHandThumb2 {
                        FrameTransformMatrix {
                           0.890880,-0.451711,-0.047846, 0.000000,
                           0.448491, 0.891418,-0.065033, 0.000000,
                           0.072027, 0.036478, 0.996736, 0.000000,
                           0.000004, 2.808399,-0.000005, 1.000000;;
                        }
                        Frame Armature_mixamorig_LeftHandThumb3 {
                          FrameTransformMatrix {
                             0.981894,-0.187883,-0.024174, 0.000000,
                             0.185451, 0.979424,-0.079605, 0.000000,
                             0.038633, 0.073681, 0.996533, 0.000000,
                            -0.000006, 2.378953,-0.000005, 1.000000;;
                          }
                          Frame Armature_mixamorig_LeftHandThumb4 {
                            FrameTransformMatrix {
                               1.000000,-0.000000,-0.000000, 0.000000,
                               0.000000, 1.000000, 0.000000, 0.000000,
                               0.000000, 0.000000, 1.000000, 0.000000,
                              -0.000001, 2.444962,-0.000003, 1.000000;;
                            }
                          } // End of Armature_mixamorig_LeftHandThumb4
                        } // End of Armature_mixamorig_LeftHandThumb3
                      } // End of Armature_mixamorig_LeftHandThumb2
                    } // End of Armature_mixamorig_LeftHandThumb1
                  } // End of Armature_mixamorig_LeftHand
                  Frame Armature_mixamorig_Shield_joint {
                    FrameTransformMatrix {
                       0.000001, 1.000000, 0.000001, 0.000000,
                       0.000000, 0.000001,-1.000000, 0.000000,
                      -1.000000, 0.000001,-0.000000, 0.000000,
                       0.398171,14.663445,-5.648623, 1.000000;;
                    }
                  } // End of Armature_mixamorig_Shield_joint
                } // End of Armature_mixamorig_LeftForeArm
              } // End of Armature_mixamorig_LeftArm
            } // End of Armature_mixamorig_LeftShoulder
            Frame Armature_mixamorig_Neck {
              FrameTransformMatrix {
                 0.999281, 0.037904, 0.001001, 0.000000,
                -0.037916, 0.998663, 0.035129, 0.000000,
                 0.000331,-0.035141, 0.999382, 0.000000,
                 0.024446,15.862257,-1.675822, 1.000000;;
              }
              Frame Armature_mixamorig_Head {
                FrameTransformMatrix {
                   0.997986, 0.052848,-0.035092, 0.000000,
                  -0.053830, 0.998167,-0.027645, 0.000000,
                   0.033567, 0.029479, 0.999002, 0.000000,
                   0.000001, 5.564054, 0.988086, 1.000000;;
                }
                Frame Armature_mixamorig_HeadTop_End {
                  FrameTransformMatrix {
                     1.000000,-0.000000, 0.000000, 0.000000,
                    -0.000000, 1.000000,-0.000000, 0.000000,
                    -0.000000, 0.000000, 1.000000, 0.000000,
                    -0.000003,18.311901, 3.086910, 1.000000;;
                  }
                } // End of Armature_mixamorig_HeadTop_End
                Frame Armature_mixamorig_LeftEye {
                  FrameTransformMatrix {
                    -0.000000, 0.000000,-1.000000, 0.000000,
                     1.000000,-0.000000,-0.000000, 0.000000,
                    -0.000000,-1.000000,-0.000000, 0.000000,
                     2.284446, 7.935726, 7.063705, 1.000000;;
                  }
                } // End of Armature_mixamorig_LeftEye
                Frame Armature_mixamorig_RightEye {
                  FrameTransformMatrix {
                    -0.000000,-0.000000, 1.000000, 0.000000,
                    -1.000000,-0.000000,-0.000000, 0.000000,
                     0.000000,-1.000000,-0.000000, 0.000000,
                    -2.377508, 7.935725, 7.063706, 1.000000;;
                  }
                } // End of Armature_mixamorig_RightEye
              } // End of Armature_mixamorig_Head
            } // End of Armature_mixamorig_Neck
            Frame Armature_mixamorig_RightShoulder {
              FrameTransformMatrix {
                 0.054447,-0.021161, 0.998292, 0.000000,
                -0.943812,-0.327469, 0.044534, 0.000000,
                 0.325967,-0.944625,-0.037802, 0.000000,
                -5.979155,13.670230,-1.662612, 1.000000;;
              }
              Frame Armature_mixamorig_RightArm {
                FrameTransformMatrix {
                   0.900694,-0.268080, 0.341882, 0.000000,
                   0.065077, 0.861295, 0.503921, 0.000000,
                  -0.429553,-0.431630, 0.793209, 0.000000,
                  -0.000001,12.607883, 0.000015, 1.000000;;
                }
                Frame Armature_mixamorig_RightForeArm {
                  FrameTransformMatrix {
                    -0.373456,-0.927648,-0.000002, 0.000000,
                     0.927648,-0.373456, 0.000003, 0.000000,
                    -0.000003,-0.000000, 1.000000, 0.000000,
                    -0.000004,25.574347,-0.000005, 1.000000;;
                  }
                  Frame Armature_mixamorig_RightHand {
                    FrameTransformMatrix {
                       0.848913,-0.283553,-0.446031, 0.000000,
                       0.100003, 0.914834,-0.391252, 0.000000,
                       0.518985, 0.287534, 0.804971, 0.000000,
                       0.000004,21.603512, 0.000000, 1.000000;;
                    }
                    Frame Armature_mixamorig_RightHandIndex1 {
                      FrameTransformMatrix {
                         0.990172, 0.114139, 0.080813, 0.000000,
                        -0.114140, 0.325644, 0.938578, 0.000000,
                         0.080812,-0.938578, 0.335472, 0.000000,
                         2.341868, 9.909613,-0.291375, 1.000000;;
                      }
                      Frame Armature_mixamorig_RightHandIndex2 {
                        FrameTransformMatrix {
                           0.985033, 0.120675, 0.123074, 0.000000,
                          -0.120675,-0.027016, 0.992324, 0.000000,
                           0.123074,-0.992324,-0.012049, 0.000000,
                           0.000000, 3.776746,-0.000005, 1.000000;;
                        }
                        Frame Armature_mixamorig_RightHandIndex3 {
                          FrameTransformMatrix {
                             0.995592, 0.086506, 0.036251, 0.000000,
                            -0.086506, 0.697494, 0.711350, 0.000000,
                             0.036251,-0.711350, 0.701903, 0.000000,
                            -0.000004, 2.543031, 0.000005, 1.000000;;
                          }
                          Frame Armature_mixamorig_RightHandIndex4 {
                            FrameTransformMatrix {
                               1.000000,-0.000000, 0.000000, 0.000000,
                               0.000000, 1.000000,-0.000006, 0.000000,
                               0.000000, 0.000006, 1.000000, 0.000000,
                              -0.000002, 2.529047, 0.000004, 1.000000;;
                            }
                          } // End of Armature_mixamorig_RightHandIndex4
                        } // End of Armature_mixamorig_RightHandIndex3
                      } // End of Armature_mixamorig_RightHandIndex2
                    } // End of Armature_mixamorig_RightHandIndex1
                    Frame Armature_mixamorig_RightHandMiddle1 {
                      FrameTransformMatrix {
                         0.990172, 0.114139, 0.080813, 0.000000,
                        -0.114140, 0.325645, 0.938578, 0.000000,
                         0.080812,-0.938578, 0.335472, 0.000000,
                        -0.000049, 9.700622,-0.000002, 1.000000;;
                      }
                      Frame Armature_mixamorig_RightHandMiddle2 {
                        FrameTransformMatrix {
                           0.985033, 0.120675, 0.123074, 0.000000,
                          -0.120675,-0.027013, 0.992325, 0.000000,
                           0.123073,-0.992325,-0.012046, 0.000000,
                           0.000001, 4.014633,-0.000001, 1.000000;;
                        }
                        Frame Armature_mixamorig_RightHandMiddle3 {
                          FrameTransformMatrix {
                             0.995591, 0.086508, 0.036251, 0.000000,
                            -0.086507, 0.697495, 0.711349, 0.000000,
                             0.036252,-0.711349, 0.701903, 0.000000,
                             0.000009, 2.996726,-0.000000, 1.000000;;
                          }
                          Frame Armature_mixamorig_RightHandMiddle4 {
                            FrameTransformMatrix {
                               1.000000,-0.000000, 0.000000, 0.000000,
                               0.000000, 1.000000,-0.000000, 0.000000,
                              -0.000000, 0.000000, 1.000000, 0.000000,
                               0.000007, 2.824987, 0.000001, 1.000000;;
                            }
                          } // End of Armature_mixamorig_RightHandMiddle4
                        } // End of Armature_mixamorig_RightHandMiddle3
                      } // End of Armature_mixamorig_RightHandMiddle2
                    } // End of Armature_mixamorig_RightHandMiddle1
                    Frame Armature_mixamorig_RightHandPinky1 {
                      FrameTransformMatrix {
                         0.990172, 0.114139, 0.080813, 0.000000,
                        -0.114140, 0.325644, 0.938578, 0.000000,
                         0.080812,-0.938578, 0.335472, 0.000000,
                        -4.712762, 8.985327,-0.221656, 1.000000;;
                      }
                      Frame Armature_mixamorig_RightHandPinky2 {
                        FrameTransformMatrix {
                           0.985033, 0.120675, 0.123074, 0.000000,
                          -0.120676,-0.027018, 0.992324, 0.000000,
                           0.123074,-0.992324,-0.012051, 0.000000,
                           0.000008, 3.562546,-0.000003, 1.000000;;
                        }
                        Frame Armature_mixamorig_RightHandPinky3 {
                          FrameTransformMatrix {
                             0.995592, 0.086508, 0.036250, 0.000000,
                            -0.086507, 0.697497, 0.711347, 0.000000,
                             0.036253,-0.711347, 0.701905, 0.000000,
                             0.000004, 2.335176,-0.000004, 1.000000;;
                          }
                          Frame Armature_mixamorig_RightHandPinky4 {
                            FrameTransformMatrix {
                               1.000000,-0.000001, 0.000001, 0.000000,
                               0.000001, 1.000000, 0.000000, 0.000000,
                              -0.000001,-0.000000, 1.000000, 0.000000,
                               0.000010, 2.037296, 0.000006, 1.000000;;
                            }
                          } // End of Armature_mixamorig_RightHandPinky4
                        } // End of Armature_mixamorig_RightHandPinky3
                      } // End of Armature_mixamorig_RightHandPinky2
                    } // End of Armature_mixamorig_RightHandPinky1
                    Frame Armature_mixamorig_RightHandRing1 {
                      FrameTransformMatrix {
                         0.990172, 0.114140, 0.080813, 0.000000,
                        -0.114140, 0.325643, 0.938578, 0.000000,
                         0.080813,-0.938578, 0.335470, 0.000000,
                        -2.241731, 9.308268,-0.143569, 1.000000;;
                      }
                      Frame Armature_mixamorig_RightHandRing2 {
                        FrameTransformMatrix {
                           0.985033, 0.120676, 0.123074, 0.000000,
                          -0.120676,-0.027012, 0.992325, 0.000000,
                           0.123074,-0.992324,-0.012045, 0.000000,
                          -0.000001, 4.019409,-0.000001, 1.000000;;
                        }
                        Frame Armature_mixamorig_RightHandRing3 {
                          FrameTransformMatrix {
                             0.995591, 0.086507, 0.036251, 0.000000,
                            -0.086507, 0.697493, 0.711351, 0.000000,
                             0.036252,-0.711351, 0.701902, 0.000000,
                             0.000002, 2.790826, 0.000001, 1.000000;;
                          }
                          Frame Armature_mixamorig_RightHandRing4 {
                            FrameTransformMatrix {
                               1.000000,-0.000000, 0.000000, 0.000000,
                              -0.000000, 1.000000, 0.000000, 0.000000,
                              -0.000000,-0.000000, 1.000000, 0.000000,
                              -0.000007, 2.540726,-0.000002, 1.000000;;
                            }
                          } // End of Armature_mixamorig_RightHandRing4
                        } // End of Armature_mixamorig_RightHandRing3
                      } // End of Armature_mixamorig_RightHandRing2
                    } // End of Armature_mixamorig_RightHandRing1
                    Frame Armature_mixamorig_RightHandThumb1 {
                      FrameTransformMatrix {
                         0.930253,-0.269900, 0.248561, 0.000000,
                         0.145141, 0.892856, 0.426312, 0.000000,
                        -0.336991,-0.360502, 0.869756, 0.000000,
                         2.370359, 3.545446, 1.908144, 1.000000;;
                      }
                      Frame Armature_mixamorig_RightHandThumb2 {
                        FrameTransformMatrix {
                           0.866453, 0.464067,-0.184121, 0.000000,
                          -0.415074, 0.874514, 0.250875, 0.000000,
                           0.277439,-0.140948, 0.950348, 0.000000,
                           0.000025, 2.808401,-0.000018, 1.000000;;
                        }
                        Frame Armature_mixamorig_RightHandThumb3 {
                          FrameTransformMatrix {
                             0.982609, 0.145179,-0.115769, 0.000000,
                            -0.139598, 0.988680, 0.054983, 0.000000,
                             0.122441,-0.037866, 0.991753, 0.000000,
                            -0.000006, 2.378955,-0.000008, 1.000000;;
                          }
                          Frame Armature_mixamorig_RightHandThumb4 {
                            FrameTransformMatrix {
                               1.000000,-0.000000, 0.000000, 0.000000,
                              -0.000000, 1.000000,-0.000000, 0.000000,
                               0.000000, 0.000000, 1.000000, 0.000000,
                               0.000006, 2.444960, 0.000002, 1.000000;;
                            }
                          } // End of Armature_mixamorig_RightHandThumb4
                        } // End of Armature_mixamorig_RightHandThumb3
                      } // End of Armature_mixamorig_RightHandThumb2
                    } // End of Armature_mixamorig_RightHandThumb1
                    Frame Armature_mixamorig_Sword_joint {
                      FrameTransformMatrix {
                         0.000001,-1.000000,-0.000002, 0.000000,
                         0.000000, 0.000002,-1.000000, 0.000000,
                         1.000000, 0.000001, 0.000000, 0.000000,
                        -0.770246, 7.959959, 2.820829, 1.000000;;
                      }
                    } // End of Armature_mixamorig_Sword_joint
                  } // End of Armature_mixamorig_RightHand
                } // End of Armature_mixamorig_RightForeArm
              } // End of Armature_mixamorig_RightArm
            } // End of Armature_mixamorig_RightShoulder
          } // End of Armature_mixamorig_Spine2
        } // End of Armature_mixamorig_Spine1
      } // End of Armature_mixamorig_Spine
    } // End of Armature_mixamorig_Hips
    Frame Paladin_J_Nordstrom {
      FrameTransformMatrix {
         1.000000, 0.000000, 0.000000, 0.000000,
         0.000000, 1.000000, 0.000000, 0.000000,
         0.000000, 0.000000, 1.000000, 0.000000,
         0.000002,-0.000016,-0.000001, 1.000000;;
      }
    } // End of Paladin_J_Nordstrom
    Frame Paladin_J_Nordstrom_Helmet {
      FrameTransformMatrix {
         1.000000, 0.000000, 0.000000, 0.000000,
         0.000000, 1.000000, 0.000000, 0.000000,
         0.000000, 0.000000, 1.000000, 0.000000,
         0.000002,-0.000016,-0.000001, 1.000000;;
      }
    } // End of Paladin_J_Nordstrom_Helmet
    Frame Paladin_J_Nordstrom_Shield {
      FrameTransformMatrix {
         1.000000, 0.000000, 0.000000, 0.000000,
         0.000000, 1.000000,-0.000000, 0.000000,
         0.000000,-0.000000, 1.000000, 0.000000,
        -0.000001, 0.000000, 0.000003, 1.000000;;
      }
    } // End of Paladin_J_Nordstrom_Shield
    Frame Paladin_J_Nordstrom_Sword {
      FrameTransformMatrix {
         1.000000, 0.000000, 0.000000, 0.000000,
         0.000000, 1.000000, 0.000000, 0.000000,
         0.000000, 0.000000, 1.000000, 0.000000,
         0.000002,-0.000016,-0.000001, 1.000000;;
      }
    } // End of Paladin_J_Nordstrom_Sword
  } // End of Armature
} // End of Root
AnimationSet Global {
  Animation {
    {Armature}
    AnimationKey { // Rotation
      0;
      141;
      0;4;-0.707107, 0.707107, 0.000000, 0.000000;;,
      1;4;-0.707107, 0.707107, 0.000000, 0.000000;;,
      2;4;-0.707107, 0.707107, 0.000000, 0.000000;;,
      3;4;-0.707107, 0.707107, 0.000000, 0.000000;;,
      4;4;-0.707107, 0.707107, 0.000000, 0.000000;;,
      5;4;-0.707107, 0.707107, 0.000000, 0.000000;;,
      6;4;-0.707107, 0.707107, 0.000000, 0.000000;;,
      7;4;-0.707107, 0.707107, 0.000000, 0.000000;;,
      8;4;-0.707107, 0.707107, 0.000000, 0.000000;;,
      9;4;-0.707107, 0.707107, 0.000000, 0.000000;;,
      10;4;-0.707107, 0.707107, 0.000000, 0.000000;;,
      11;4;-0.707107, 0.707107, 0.000000, 0.000000;;,
      12;4;-0.707107, 0.707107, 0.000000, 0.000000;;,
      13;4;-0.707107, 0.707107, 0.000000, 0.000000;;,
      14;4;-0.707107, 0.707107, 0.000000, 0.000000;;,
      15;4;-0.707107, 0.707107, 0.000000, 0.000000;;,
      16;4;-0.707107, 0.707107, 0.000000, 0.000000;;,
      17;4;-0.707107, 0.707107, 0.000000, 0.000000;;,
      18;4;-0.707107, 0.707107, 0.000000, 0.000000;;,
      19;4;-0.707107, 0.707107, 0.000000, 0.000000;;,
      20;4;-0.707107, 0.707107, 0.000000, 0.000000;;,
      21;4;-0.707107, 0.707107, 0.000000, 0.000000;;,
      22;4;-0.707107, 0.707107, 0.000000, 0.000000;;,
      23;4;-0.707107, 0.707107, 0.000000, 0.000000;;,
      24;4;-0.707107, 0.707107, 0.000000, 0.000000;;,
      25;4;-0.707107, 0.707107, 0.000000, 0.000000;;,
      26;4;-0.707107, 0.707107, 0.000000, 0.000000;;,
      27;4;-0.707107, 0.707107, 0.000000, 0.000000;;,
      28;4;-0.707107, 0.707107, 0.000000, 0.000000;;,
      29;4;-0.707107, 0.707107, 0.000000, 0.000000;;,
      30;4;-0.707107, 0.707107, 0.000000, 0.000000;;,
      31;4;-0.707107, 0.707107, 0.000000, 0.000000;;,
      32;4;-0.707107, 0.707107, 0.000000, 0.000000;;,
      33;4;-0.707107, 0.707107, 0.000000, 0.000000;;,
      34;4;-0.707107, 0.707107, 0.000000, 0.000000;;,
      35;4;-0.707107, 0.707107, 0.000000, 0.000000;;,
      36;4;-0.707107, 0.707107, 0.000000, 0.000000;;,
      37;4;-0.707107, 0.707107, 0.000000, 0.000000;;,
      38;4;-0.707107, 0.707107, 0.000000, 0.000000;;,
      39;4;-0.707107, 0.707107, 0.000000, 0.000000;;,
      40;4;-0.707107, 0.707107, 0.000000, 0.000000;;,
      41;4;-0.707107, 0.707107, 0.000000, 0.000000;;,
      42;4;-0.707107, 0.707107, 0.000000, 0.000000;;,
      43;4;-0.707107, 0.707107, 0.000000, 0.000000;;,
      44;4;-0.707107, 0.707107, 0.000000, 0.000000;;,
      45;4;-0.707107, 0.707107, 0.000000, 0.000000;;,
      46;4;-0.707107, 0.707107, 0.000000, 0.000000;;,
      47;4;-0.707107, 0.707107, 0.000000, 0.000000;;,
      48;4;-0.707107, 0.707107, 0.000000, 0.000000;;,
      49;4;-0.707107, 0.707107, 0.000000, 0.000000;;,
      50;4;-0.707107, 0.707107, 0.000000, 0.000000;;,
      51;4;-0.707107, 0.707107, 0.000000, 0.000000;;,
      52;4;-0.707107, 0.707107, 0.000000, 0.000000;;,
      53;4;-0.707107, 0.707107, 0.000000, 0.000000;;,
      54;4;-0.707107, 0.707107, 0.000000, 0.000000;;,
      55;4;-0.707107, 0.707107, 0.000000, 0.000000;;,
      56;4;-0.707107, 0.707107, 0.000000, 0.000000;;,
      57;4;-0.707107, 0.707107, 0.000000, 0.000000;;,
      58;4;-0.707107, 0.707107, 0.000000, 0.000000;;,
      59;4;-0.707107, 0.707107, 0.000000, 0.000000;;,
      60;4;-0.707107, 0.707107, 0.000000, 0.000000;;,
      61;4;-0.707107, 0.707107, 0.000000, 0.000000;;,
      62;4;-0.707107, 0.707107, 0.000000, 0.000000;;,
      63;4;-0.707107, 0.707107, 0.000000, 0.000000;;,
      64;4;-0.707107, 0.707107, 0.000000, 0.000000;;,
      65;4;-0.707107, 0.707107, 0.000000, 0.000000;;,
      66;4;-0.707107, 0.707107, 0.000000, 0.000000;;,
      67;4;-0.707107, 0.707107, 0.000000, 0.000000;;,
      68;4;-0.707107, 0.707107, 0.000000, 0.000000;;,
      69;4;-0.707107, 0.707107, 0.000000, 0.000000;;,
      70;4;-0.707107, 0.707107, 0.000000, 0.000000;;,
      71;4;-0.707107, 0.707107, 0.000000, 0.000000;;,
      72;4;-0.707107, 0.707107, 0.000000, 0.000000;;,
      73;4;-0.707107, 0.707107, 0.000000, 0.000000;;,
      74;4;-0.707107, 0.707107, 0.000000, 0.000000;;,
      75;4;-0.707107, 0.707107, 0.000000, 0.000000;;,
      76;4;-0.707107, 0.707107, 0.000000, 0.000000;;,
      77;4;-0.707107, 0.707107, 0.000000, 0.000000;;,
      78;4;-0.707107, 0.707107, 0.000000, 0.000000;;,
      79;4;-0.707107, 0.707107, 0.000000, 0.000000;;,
      80;4;-0.707107, 0.707107, 0.000000, 0.000000;;,
      81;4;-0.707107, 0.707107, 0.000000, 0.000000;;,
      82;4;-0.707107, 0.707107, 0.000000, 0.000000;;,
      83;4;-0.707107, 0.707107, 0.000000, 0.000000;;,
      84;4;-0.707107, 0.707107, 0.000000, 0.000000;;,
      85;4;-0.707107, 0.707107, 0.000000, 0.000000;;,
      86;4;-0.707107, 0.707107, 0.000000, 0.000000;;,
      87;4;-0.707107, 0.707107, 0.000000, 0.000000;;,
      88;4;-0.707107, 0.707107, 0.000000, 0.000000;;,
      89;4;-0.707107, 0.707107, 0.000000, 0.000000;;,
      90;4;-0.707107, 0.707107, 0.000000, 0.000000;;,
      91;4;-0.707107, 0.707107, 0.000000, 0.000000;;,
      92;4;-0.707107, 0.707107, 0.000000, 0.000000;;,
      93;4;-0.707107, 0.707107, 0.000000, 0.000000;;,
      94;4;-0.707107, 0.707107, 0.000000, 0.000000;;,
      95;4;-0.707107, 0.707107, 0.000000, 0.000000;;,
      96;4;-0.707107, 0.707107, 0.000000, 0.000000;;,
      97;4;-0.707107, 0.707107, 0.000000, 0.000000;;,
      98;4;-0.707107, 0.707107, 0.000000, 0.000000;;,
      99;4;-0.707107, 0.707107, 0.000000, 0.000000;;,
      100;4;-0.707107, 0.707107, 0.000000, 0.000000;;,
      101;4;-0.707107, 0.707107, 0.000000, 0.000000;;,
      102;4;-0.707107, 0.707107, 0.000000, 0.000000;;,
      103;4;-0.707107, 0.707107, 0.000000, 0.000000;;,
      104;4;-0.707107, 0.707107, 0.000000, 0.000000;;,
      105;4;-0.707107, 0.707107, 0.000000, 0.000000;;,
      106;4;-0.707107, 0.707107, 0.000000, 0.000000;;,
      107;4;-0.707107, 0.707107, 0.000000, 0.000000;;,
      108;4;-0.707107, 0.707107, 0.000000, 0.000000;;,
      109;4;-0.707107, 0.707107, 0.000000, 0.000000;;,
      110;4;-0.707107, 0.707107, 0.000000, 0.000000;;,
      111;4;-0.707107, 0.707107, 0.000000, 0.000000;;,
      112;4;-0.707107, 0.707107, 0.000000, 0.000000;;,
      113;4;-0.707107, 0.707107, 0.000000, 0.000000;;,
      114;4;-0.707107, 0.707107, 0.000000, 0.000000;;,
      115;4;-0.707107, 0.707107, 0.000000, 0.000000;;,
      116;4;-0.707107, 0.707107, 0.000000, 0.000000;;,
      117;4;-0.707107, 0.707107, 0.000000, 0.000000;;,
      118;4;-0.707107, 0.707107, 0.000000, 0.000000;;,
      119;4;-0.707107, 0.707107, 0.000000, 0.000000;;,
      120;4;-0.707107, 0.707107, 0.000000, 0.000000;;,
      121;4;-0.707107, 0.707107, 0.000000, 0.000000;;,
      122;4;-0.707107, 0.707107, 0.000000, 0.000000;;,
      123;4;-0.707107, 0.707107, 0.000000, 0.000000;;,
      124;4;-0.707107, 0.707107, 0.000000, 0.000000;;,
      125;4;-0.707107, 0.707107, 0.000000, 0.000000;;,
      126;4;-0.707107, 0.707107, 0.000000, 0.000000;;,
      127;4;-0.707107, 0.707107, 0.000000, 0.000000;;,
      128;4;-0.707107, 0.707107, 0.000000, 0.000000;;,
      129;4;-0.707107, 0.707107, 0.000000, 0.000000;;,
      130;4;-0.707107, 0.707107, 0.000000, 0.000000;;,
      131;4;-0.707107, 0.707107, 0.000000, 0.000000;;,
      132;4;-0.707107, 0.707107, 0.000000, 0.000000;;,
      133;4;-0.707107, 0.707107, 0.000000, 0.000000;;,
      134;4;-0.707107, 0.707107, 0.000000, 0.000000;;,
      135;4;-0.707107, 0.707107, 0.000000, 0.000000;;,
      136;4;-0.707107, 0.707107, 0.000000, 0.000000;;,
      137;4;-0.707107, 0.707107, 0.000000, 0.000000;;,
      138;4;-0.707107, 0.707107, 0.000000, 0.000000;;,
