xof 0303txt 0032

Frame Root {
  FrameTransformMatrix {
     1.000000, 0.000000, 0.000000, 0.000000,
     0.000000,-0.000000,-1.000000, 0.000000,
     0.000000, 1.000000,-0.000000, 0.000000,
     0.000000, 0.000000, 0.000000, 1.000000;;
  }
  Frame Armature {
    FrameTransformMatrix {
       0.100000, 0.000000, 0.000000, 0.000000,
       0.000000,-0.000000, 0.100000, 0.000000,
       0.000000,-0.100000,-0.000000, 0.000000,
       0.000000, 0.000000, 0.000000, 1.000000;;
    }
    Frame Armature_mixamorig_Hips {
      FrameTransformMatrix {
         0.766905, 0.025261, 0.641263, 0.000000,
         0.126119, 0.973808,-0.189190, 0.000000,
        -0.629246, 0.225966, 0.743632, 0.000000,
         0.033360,97.234444,-0.101139, 1.000000;;
      }
      Frame Armature_mixamorig_LeftUpLeg {
        FrameTransformMatrix {
          -0.644238,-0.214240, 0.734024, 0.000000,
           0.332104,-0.943102, 0.016182, 0.000000,
           0.688959, 0.254277, 0.678561, 0.000000,
           9.831699,-5.267505,-0.602801, 1.000000;;
        }
        Frame Armature_mixamorig_LeftLeg {
          FrameTransformMatrix {
             0.999844,-0.008998, 0.015210, 0.000000,
             0.014689, 0.901675,-0.432164, 0.000000,
            -0.009825, 0.432320, 0.901667, 0.000000,
             0.000001,40.326908, 0.000001, 1.000000;;
          }
          Frame Armature_mixamorig_LeftFoot {
            FrameTransformMatrix {
               0.996776, 0.022809, 0.076919, 0.000000,
              -0.073866, 0.635116, 0.768877, 0.000000,
              -0.031315,-0.772080, 0.634753, 0.000000,
              -0.000001,43.671650, 0.000002, 1.000000;;
            }
            Frame Armature_mixamorig_LeftToeBase {
              FrameTransformMatrix {
                 0.993345,-0.000000, 0.115174, 0.000000,
                -0.073407, 0.770565, 0.633120, 0.000000,
                -0.088749,-0.637361, 0.765438, 0.000000,
                 0.000000,17.063208, 0.000000, 1.000000;;
              }
              Frame Armature_mixamorig_LeftToe_End {
                FrameTransformMatrix {
                   1.000000,-0.000000, 0.000000, 0.000000,
                  -0.000000, 1.000000, 0.000000, 0.000000,
                  -0.000000,-0.000000, 1.000000, 0.000000,
                   0.000000, 6.318971,-0.000000, 1.000000;;
                }
              } // End of Armature_mixamorig_LeftToe_End
            } // End of Armature_mixamorig_LeftToeBase
          } // End of Armature_mixamorig_LeftFoot
        } // End of Armature_mixamorig_LeftLeg
      } // End of Armature_mixamorig_LeftUpLeg
      Frame Armature_mixamorig_RightUpLeg {
        FrameTransformMatrix {
          -0.990640, 0.093868, 0.099109, 0.000000,
          -0.100580,-0.992801,-0.065038, 0.000000,
           0.092283,-0.074400, 0.993013, 0.000000,
          -9.831700,-5.267509,-0.177400, 1.000000;;
        }
        Frame Armature_mixamorig_RightLeg {
          FrameTransformMatrix {
             0.999742, 0.015442,-0.016682, 0.000000,
            -0.022125, 0.829417,-0.558191, 0.000000,
             0.005217, 0.558416, 0.829545, 0.000000,
             0.000000,40.342396, 0.000002, 1.000000;;
          }
          Frame Armature_mixamorig_RightFoot {
            FrameTransformMatrix {
               0.935895, 0.146862,-0.320205, 0.000000,
               0.261283, 0.320285, 0.910576, 0.000000,
               0.236286,-0.935868, 0.261380, 0.000000,
               0.000001,43.679493,-0.000001, 1.000000;;
            }
            Frame Armature_mixamorig_RightToeBase {
              FrameTransformMatrix {
                 0.993279, 0.000036,-0.115741, 0.000000,
                 0.075224, 0.759792, 0.645801, 0.000000,
                 0.087962,-0.650167, 0.754683, 0.000000,
                 0.000000,16.734537, 0.000001, 1.000000;;
              }
              Frame Armature_mixamorig_RightToe_End {
                FrameTransformMatrix {
                   1.000000, 0.000000, 0.000000, 0.000000,
                   0.000000, 1.000000,-0.000000, 0.000000,
                  -0.000000, 0.000000, 1.000000, 0.000000,
                  -0.000000, 6.154217, 0.000000, 1.000000;;
                }
              } // End of Armature_mixamorig_RightToe_End
            } // End of Armature_mixamorig_RightToeBase
          } // End of Armature_mixamorig_RightFoot
        } // End of Armature_mixamorig_RightLeg
      } // End of Armature_mixamorig_RightUpLeg
      Frame Armature_mixamorig_Spine {
        FrameTransformMatrix {
           0.999994,-0.003478, 0.000356, 0.000000,
           0.003472, 0.999874, 0.015490, 0.000000,
          -0.000409,-0.015489, 0.999880, 0.000000,
           0.000000, 9.465595,-1.179101, 1.000000;;
        }
        Frame Armature_mixamorig_Spine1 {
          FrameTransformMatrix {
             0.999913,-0.012813,-0.003186, 0.000000,
             0.013191, 0.959159, 0.282560, 0.000000,
            -0.000565,-0.282577, 0.959244, 0.000000,
             0.000000,11.128500,-0.000000, 1.000000;;
          }
          Frame Armature_mixamorig_Spine2 {
            FrameTransformMatrix {
               0.999915,-0.012883,-0.001934, 0.000000,
               0.012905, 0.959158, 0.282575, 0.000000,
              -0.001786,-0.282576, 0.959243, 0.000000,
               0.000000,12.718317,-0.000003, 1.000000;;
            }
            Frame Armature_mixamorig_LeftShoulder {
              FrameTransformMatrix {
                 0.052963,-0.609836,-0.790756, 0.000000,
                 0.971237,-0.152632, 0.182762, 0.000000,
                -0.232149,-0.777691, 0.584212, 0.000000,
                 7.080401,12.458301,-0.243797, 1.000000;;
              }
              Frame Armature_mixamorig_LeftArm {
                FrameTransformMatrix {
                   0.789472, 0.194552, 0.582137, 0.000000,
                  -0.562202, 0.609793, 0.558642, 0.000000,
                  -0.246299,-0.768311, 0.590792, 0.000000,
                   0.000000,14.670103, 0.000011, 1.000000;;
                }
                Frame Armature_mixamorig_LeftForeArm {
                  FrameTransformMatrix {
                     0.430988, 0.899656, 0.069778, 0.000000,
                    -0.899817, 0.422690, 0.107991, 0.000000,
                     0.067661,-0.109330, 0.991700, 0.000000,
                     0.000003,20.640100, 0.000001, 1.000000;;
                  }
                  Frame Armature_mixamorig_LeftHand {
                    FrameTransformMatrix {
                      -0.433392,-0.109377, 0.894544, 0.000000,
                       0.424887, 0.850567, 0.309850, 0.000000,
                      -0.794760, 0.514366,-0.322156, 0.000000,
                       0.000005,27.011887, 0.000009, 1.000000;;
                    }
                    Frame Armature_mixamorig_LeftHandIndex1 {
                      FrameTransformMatrix {
                         0.999293, 0.037242, 0.005124, 0.000000,
                        -0.033398, 0.816932, 0.575766, 0.000000,
                         0.017256,-0.575530, 0.817598, 0.000000,
                        -3.590703,10.895101,-0.093306, 1.000000;;
                      }
                      Frame Armature_mixamorig_LeftHandIndex2 {
                        FrameTransformMatrix {
                           0.994290,-0.092756,-0.052760, 0.000000,
                           0.092078, 0.495861, 0.863507, 0.000000,
                          -0.053934,-0.863434, 0.501571, 0.000000,
                           0.002101, 3.157485,-0.000001, 1.000000;;
                        }
                        Frame Armature_mixamorig_LeftHandIndex3 {
                          FrameTransformMatrix {
                             0.998894,-0.045947,-0.009996, 0.000000,
                             0.046019, 0.911568, 0.408566, 0.000000,
                            -0.009661,-0.408574, 0.912674, 0.000000,
                             0.002099, 3.027014, 0.000005, 1.000000;;
                          }
                          Frame Armature_mixamorig_LeftHandIndex4 {
                            FrameTransformMatrix {
                               1.000000, 0.000000, 0.000000, 0.000000,
                              -0.000000, 1.000000,-0.000000, 0.000000,
                              -0.000000, 0.000000, 1.000000, 0.000000,
                              -0.004303, 2.609211, 0.000004, 1.000000;;
                            }
                          } // End of Armature_mixamorig_LeftHandIndex4
                        } // End of Armature_mixamorig_LeftHandIndex3
                      } // End of Armature_mixamorig_LeftHandIndex2
                    } // End of Armature_mixamorig_LeftHandIndex1
                    Frame Armature_mixamorig_LeftHandMiddle1 {
                      FrameTransformMatrix {
                         0.999987, 0.004777,-0.001860, 0.000000,
                        -0.001578, 0.632026, 0.774945, 0.000000,
                         0.004878,-0.774932, 0.632026, 0.000000,
                        -1.211398,11.176399,-0.312799, 1.000000;;
                      }
                      Frame Armature_mixamorig_LeftHandMiddle2 {
                        FrameTransformMatrix {
                           0.992628,-0.102547,-0.064598, 0.000000,
                           0.102057, 0.419753, 0.901883, 0.000000,
                          -0.065370,-0.901827, 0.427124, 0.000000,
                           0.003900, 3.245890,-0.000025, 1.000000;;
                        }
                        Frame Armature_mixamorig_LeftHandMiddle3 {
                          FrameTransformMatrix {
                             0.999365,-0.035185,-0.005674, 0.000000,
                             0.035234, 0.951458, 0.305756, 0.000000,
                            -0.005359,-0.305762, 0.952093, 0.000000,
                            -0.000798, 3.183089, 0.000002, 1.000000;;
                          }
                          Frame Armature_mixamorig_LeftHandMiddle4 {
                            FrameTransformMatrix {
                               1.000000, 0.000000,-0.000000, 0.000000,
                              -0.000000, 1.000000,-0.000000, 0.000000,
                               0.000000,-0.000000, 1.000000, 0.000000,
                              -0.003099, 2.698911,-0.000003, 1.000000;;
                            }
                          } // End of Armature_mixamorig_LeftHandMiddle4
                        } // End of Armature_mixamorig_LeftHandMiddle3
                      } // End of Armature_mixamorig_LeftHandMiddle2
                    } // End of Armature_mixamorig_LeftHandMiddle1
                    Frame Armature_mixamorig_LeftHandPinky1 {
                      FrameTransformMatrix {
                         0.992929, 0.015651, 0.117674, 0.000000,
                        -0.116552, 0.316677, 0.941346, 0.000000,
                        -0.022532,-0.948405, 0.316262, 0.000000,
                         3.544599,11.128799,-0.132083, 1.000000;;
                      }
                      Frame Armature_mixamorig_LeftHandPinky2 {
                        FrameTransformMatrix {
                           0.991836,-0.108100,-0.067650, 0.000000,
                           0.108349, 0.434592, 0.894087, 0.000000,
                          -0.067251,-0.894117, 0.442756, 0.000000,
                           0.001999, 2.266387,-0.000002, 1.000000;;
                        }
                        Frame Armature_mixamorig_LeftHandPinky3 {
                          FrameTransformMatrix {
                             0.999628,-0.027025,-0.003542, 0.000000,
                             0.027079, 0.969884, 0.242057, 0.000000,
                            -0.003106,-0.242063, 0.970255, 0.000000,
                            -0.002601, 1.879593, 0.000013, 1.000000;;
                          }
                          Frame Armature_mixamorig_LeftHandPinky4 {
                            FrameTransformMatrix {
                               1.000000,-0.000000,-0.000000, 0.000000,
                              -0.000000, 1.000000,-0.000000, 0.000000,
                               0.000000,-0.000000, 1.000000, 0.000000,
                               0.000602, 1.352503, 0.000006, 1.000000;;
                            }
                          } // End of Armature_mixamorig_LeftHandPinky4
                        } // End of Armature_mixamorig_LeftHandPinky3
                      } // End of Armature_mixamorig_LeftHandPinky2
                    } // End of Armature_mixamorig_LeftHandPinky1
                    Frame Armature_mixamorig_LeftHandRing1 {
                      FrameTransformMatrix {
                         0.999951,-0.005958, 0.007876, 0.000000,
                        -0.003755, 0.508179, 0.861244, 0.000000,
                        -0.009134,-0.861231, 0.508132, 0.000000,
                         1.257498,11.139500,-0.249278, 1.000000;;
                      }
                      Frame Armature_mixamorig_LeftHandRing2 {
                        FrameTransformMatrix {
                           0.990255,-0.112690,-0.081827, 0.000000,
                           0.112926, 0.305896, 0.945344, 0.000000,
                          -0.081500,-0.945372, 0.315641, 0.000000,
                           0.000597, 2.751692,-0.000007, 1.000000;;
                        }
                        Frame Armature_mixamorig_LeftHandRing3 {
                          FrameTransformMatrix {
                             0.998658,-0.050482,-0.011555, 0.000000,
                             0.050501, 0.899874, 0.433215, 0.000000,
                            -0.011471,-0.433217, 0.901216, 0.000000,
                            -0.001598, 2.733001,-0.000000, 1.000000;;
                          }
                          Frame Armature_mixamorig_LeftHandRing4 {
                            FrameTransformMatrix {
                               1.000000,-0.000000,-0.000000, 0.000000,
                              -0.000000, 1.000000, 0.000000, 0.000000,
                               0.000000, 0.000000, 1.000000, 0.000000,
                               0.001002, 2.325803,-0.000012, 1.000000;;
                            }
                          } // End of Armature_mixamorig_LeftHandRing4
                        } // End of Armature_mixamorig_LeftHandRing3
                      } // End of Armature_mixamorig_LeftHandRing2
                    } // End of Armature_mixamorig_LeftHandRing1
                    Frame Armature_mixamorig_LeftHandThumb1 {
                      FrameTransformMatrix {
                         0.942174, 0.306301,-0.135968, 0.000000,
                        -0.233241, 0.890676, 0.390249, 0.000000,
                         0.240638,-0.335969, 0.910614, 0.000000,
                        -2.963299, 3.621797, 1.499385, 1.000000;;
                      }
                      Frame Armature_mixamorig_LeftHandThumb2 {
                        FrameTransformMatrix {
                           0.944588, 0.038643,-0.325975, 0.000000,
                          -0.028424, 0.998945, 0.036054, 0.000000,
                           0.327025,-0.024791, 0.944691, 0.000000,
                          -0.558497, 3.891290,-0.000009, 1.000000;;
                        }
                        Frame Armature_mixamorig_LeftHandThumb3 {
                          FrameTransformMatrix {
                             0.928113, 0.371760,-0.020039, 0.000000,
                            -0.372297, 0.926546,-0.053931, 0.000000,
                            -0.001482, 0.057515, 0.998344, 0.000000,
                             0.038103, 3.188806, 0.000001, 1.000000;;
                          }
                          Frame Armature_mixamorig_LeftHandThumb4 {
                            FrameTransformMatrix {
                               1.000000, 0.000000,-0.000000, 0.000000,
                              -0.000000, 1.000000, 0.000000, 0.000000,
                               0.000000,-0.000000, 1.000000, 0.000000,
                               0.520504, 2.370302,-0.000006, 1.000000;;
                            }
                          } // End of Armature_mixamorig_LeftHandThumb4
                        } // End of Armature_mixamorig_LeftHandThumb3
                      } // End of Armature_mixamorig_LeftHandThumb2
                    } // End of Armature_mixamorig_LeftHandThumb1
                  } // End of Armature_mixamorig_LeftHand
                } // End of Armature_mixamorig_LeftForeArm
              } // End of Armature_mixamorig_LeftArm
            } // End of Armature_mixamorig_LeftShoulder
            Frame Armature_mixamorig_Neck {
              FrameTransformMatrix {
                 0.991382, 0.031413,-0.127179, 0.000000,
                -0.014493, 0.991165, 0.131842, 0.000000,
                 0.130197,-0.128863, 0.983078, 0.000000,
                 0.000001,14.308114, 0.000005, 1.000000;;
              }
              Frame Armature_mixamorig_Head {
                FrameTransformMatrix {
                   0.909869, 0.160602,-0.382552, 0.000000,
                  -0.191457, 0.980526,-0.043724, 0.000000,
                   0.368080, 0.113026, 0.922899, 0.000000,
                  -0.000005, 4.940883, 2.500002, 1.000000;;
                }
                Frame Armature_mixamorig_HeadTop_End {
                  FrameTransformMatrix {
                     1.000000,-0.000000, 0.000000, 0.000000,
                     0.000000, 1.000000,-0.000000, 0.000000,
                     0.000000, 0.000000, 1.000000, 0.000000,
                     0.000008,22.638775,11.454595, 1.000000;;
                  }
                } // End of Armature_mixamorig_HeadTop_End
              } // End of Armature_mixamorig_Head
            } // End of Armature_mixamorig_Neck
            Frame Armature_mixamorig_RightShoulder {
              FrameTransformMatrix {
                -0.156653, 0.654049, 0.740054, 0.000000,
                -0.985880,-0.148434,-0.077505, 0.000000,
                 0.059157,-0.741746, 0.668066, 0.000000,
                -7.080399,12.454999,-0.217396, 1.000000;;
              }
              Frame Armature_mixamorig_RightArm {
                FrameTransformMatrix {
                   0.457480,-0.874328,-0.162058, 0.000000,
                   0.499759, 0.102066, 0.860130, 0.000000,
                  -0.735495,-0.474482, 0.483646, 0.000000,
                   0.000001,14.670105,-0.000001, 1.000000;;
                }
                Frame Armature_mixamorig_RightForeArm {
                  FrameTransformMatrix {
                    -0.134290,-0.983607,-0.120344, 0.000000,
                     0.983874,-0.146825, 0.102148, 0.000000,
                    -0.118143,-0.104686, 0.987463, 0.000000,
                    -0.000001,20.748596,-0.000003, 1.000000;;
                  }
                  Frame Armature_mixamorig_RightHand {
                    FrameTransformMatrix {
                       0.603170, 0.380057,-0.701244, 0.000000,
                      -0.577798, 0.814279,-0.055670, 0.000000,
                       0.549851, 0.438755, 0.710745, 0.000000,
                      -0.000014,27.070601, 0.000004, 1.000000;;
                    }
                    Frame Armature_mixamorig_RightHandIndex1 {
                      FrameTransformMatrix {
                         0.991340,-0.130533,-0.014369, 0.000000,
                         0.130962, 0.974597, 0.181686, 0.000000,
                        -0.009712,-0.181994, 0.983252, 0.000000,
                         3.615206,11.244802,-0.086498, 1.000000;;
                      }
                      Frame Armature_mixamorig_RightHandIndex2 {
                        FrameTransformMatrix {
                           0.998970, 0.043524, 0.012834, 0.000000,
                          -0.043519, 0.838848, 0.542624, 0.000000,
                           0.012852,-0.542624, 0.839878, 0.000000,
                           0.001116, 3.128207,-0.000001, 1.000000;;
                        }
                        Frame Armature_mixamorig_RightHandIndex3 {
                          FrameTransformMatrix {
                             0.999110, 0.040790, 0.010736, 0.000000,
                            -0.040740, 0.867320, 0.496082, 0.000000,
                             0.010924,-0.496077, 0.868209, 0.000000,
                            -0.001112, 2.862900, 0.000002, 1.000000;;
                          }
                          Frame Armature_mixamorig_RightHandIndex4 {
                            FrameTransformMatrix {
                               1.000000, 0.000000, 0.000000, 0.000000,
                              -0.000000, 1.000000,-0.000000, 0.000000,
                               0.000000, 0.000000, 1.000000, 0.000000,
                              -0.000014, 2.489592,-0.000003, 1.000000;;
                            }
                          } // End of Armature_mixamorig_RightHandIndex4
                        } // End of Armature_mixamorig_RightHandIndex3
                      } // End of Armature_mixamorig_RightHandIndex2
                    } // End of Armature_mixamorig_RightHandIndex1
                    Frame Armature_mixamorig_RightHandMiddle1 {
                      FrameTransformMatrix {
                         0.998301, 0.030677, 0.049539, 0.000000,
                        -0.057565, 0.650952, 0.756933, 0.000000,
                        -0.009027,-0.758499, 0.651612, 0.000000,
                         1.136313,11.170997,-0.380496, 1.000000;;
                      }
                      Frame Armature_mixamorig_RightHandMiddle2 {
                        FrameTransformMatrix {
                           0.989234, 0.083882, 0.119918, 0.000000,
                          -0.083220,-0.351597, 0.932445, 0.000000,
                           0.120378,-0.932386,-0.340831, 0.000000,
                          -0.004989, 3.313403,-0.000004, 1.000000;;
                        }
                        Frame Armature_mixamorig_RightHandMiddle3 {
                          FrameTransformMatrix {
                             0.999592, 0.028137, 0.004931, 0.000000,
                            -0.028227, 0.946389, 0.321793, 0.000000,
                             0.004388,-0.321800, 0.946797, 0.000000,
                             0.003211, 3.208896,-0.000004, 1.000000;;
                          }
                          Frame Armature_mixamorig_RightHandMiddle4 {
                            FrameTransformMatrix {
                               1.000000,-0.000000, 0.000000, 0.000000,
                               0.000000, 1.000000,-0.000000, 0.000000,
                              -0.000000, 0.000000, 1.000000, 0.000000,
                               0.001695, 2.741403,-0.000001, 1.000000;;
                            }
                          } // End of Armature_mixamorig_RightHandMiddle4
                        } // End of Armature_mixamorig_RightHandMiddle3
                      } // End of Armature_mixamorig_RightHandMiddle2
                    } // End of Armature_mixamorig_RightHandMiddle1
                    Frame Armature_mixamorig_RightHandPinky1 {
                      FrameTransformMatrix {
                         0.996091,-0.035212,-0.081017, 0.000000,
                         0.088173, 0.452331, 0.887480, 0.000000,
                         0.005396,-0.891155, 0.453668, 0.000000,
                        -3.451190,11.054500,-0.065197, 1.000000;;
                      }
                      Frame Armature_mixamorig_RightHandPinky2 {
                        FrameTransformMatrix {
                           0.991616, 0.098509, 0.083625, 0.000000,
                          -0.095934, 0.127693, 0.987163, 0.000000,
                           0.086566,-0.986910, 0.136073, 0.000000,
                          -0.009705, 2.295604, 0.000001, 1.000000;;
                        }
                        Frame Armature_mixamorig_RightHandPinky3 {
                          FrameTransformMatrix {
                             0.995132, 0.083898, 0.051715, 0.000000,
                            -0.087019, 0.501610, 0.860706, 0.000000,
                             0.046271,-0.861016, 0.506468, 0.000000,
                             0.001893, 1.879698,-0.000006, 1.000000;;
                          }
                          Frame Armature_mixamorig_RightHandPinky4 {
                            FrameTransformMatrix {
                               1.000000, 0.000000,-0.000000, 0.000000,
                              -0.000000, 1.000000, 0.000000, 0.000000,
                              -0.000000,-0.000000, 1.000000, 0.000000,
                               0.007796, 1.441504, 0.000002, 1.000000;;
                            }
                          } // End of Armature_mixamorig_RightHandPinky4
                        } // End of Armature_mixamorig_RightHandPinky3
                      } // End of Armature_mixamorig_RightHandPinky2
                    } // End of Armature_mixamorig_RightHandPinky1
                    Frame Armature_mixamorig_RightHandRing1 {
                      FrameTransformMatrix {
                         0.996777,-0.044395,-0.066822, 0.000000,
                         0.080212, 0.566732, 0.819988, 0.000000,
                         0.001467,-0.822705, 0.568467, 0.000000,
                        -1.300282,11.305001,-0.347702, 1.000000;;
                      }
                      Frame Armature_mixamorig_RightHandRing2 {
                        FrameTransformMatrix {
                           0.988994, 0.093337, 0.114801, 0.000000,
                          -0.098002,-0.168043, 0.980896, 0.000000,
                           0.110845,-0.981351,-0.157047, 0.000000,
                           0.003789, 2.736896,-0.000003, 1.000000;;
                        }
                        Frame Armature_mixamorig_RightHandRing3 {
                          FrameTransformMatrix {
                             0.997139, 0.068939, 0.031004, 0.000000,
                            -0.067914, 0.636957, 0.767902, 0.000000,
                             0.033190,-0.767811, 0.639817, 0.000000,
                             0.007506, 2.734504,-0.000007, 1.000000;;
                          }
                          Frame Armature_mixamorig_RightHandRing4 {
                            FrameTransformMatrix {
                               1.000000, 0.000000, 0.000000, 0.000000,
                              -0.000000, 1.000000, 0.000000, 0.000000,
                              -0.000000,-0.000000, 1.000000, 0.000000,
                              -0.011194, 2.322398, 0.000007, 1.000000;;
                            }
                          } // End of Armature_mixamorig_RightHandRing4
                        } // End of Armature_mixamorig_RightHandRing3
                      } // End of Armature_mixamorig_RightHandRing2
                    } // End of Armature_mixamorig_RightHandRing1
                    Frame Armature_mixamorig_RightHandThumb1 {
                      FrameTransformMatrix {
                         0.919014,-0.378864, 0.108978, 0.000000,
                         0.241616, 0.759734, 0.603677, 0.000000,
                        -0.311506,-0.528456, 0.789745, 0.000000,
                         2.775413, 3.383197, 1.341500, 1.000000;;
                      }
                      Frame Armature_mixamorig_RightHandThumb2 {
                        FrameTransformMatrix {
                           0.885635, 0.340454, 0.315819, 0.000000,
                          -0.284719, 0.935351,-0.209890, 0.000000,
                          -0.366859, 0.095967, 0.925313, 0.000000,
                           0.522779, 3.623998, 0.000007, 1.000000;;
                        }
                        Frame Armature_mixamorig_RightHandThumb3 {
                          FrameTransformMatrix {
                             0.723679, 0.686282,-0.072839, 0.000000,
                            -0.661054, 0.658995,-0.358794, 0.000000,
                            -0.198233, 0.307802, 0.930570, 0.000000,
                             0.006406, 3.392207, 0.000008, 1.000000;;
                          }
                          Frame Armature_mixamorig_RightHandThumb4 {
                            FrameTransformMatrix {
                               1.000000, 0.000000,-0.000000, 0.000000,
                              -0.000000, 1.000000, 0.000000, 0.000000,
                               0.000000,-0.000000, 1.000000, 0.000000,
                              -0.529303, 2.812300,-0.000001, 1.000000;;
                            }
                          } // End of Armature_mixamorig_RightHandThumb4
                        } // End of Armature_mixamorig_RightHandThumb3
                      } // End of Armature_mixamorig_RightHandThumb2
                    } // End of Armature_mixamorig_RightHandThumb1
                  } // End of Armature_mixamorig_RightHand
                } // End of Armature_mixamorig_RightForeArm
              } // End of Armature_mixamorig_RightArm
            } // End of Armature_mixamorig_RightShoulder
          } // End of Armature_mixamorig_Spine2
        } // End of Armature_mixamorig_Spine1
      } // End of Armature_mixamorig_Spine
    } // End of Armature_mixamorig_Hips
  } // End of Armature
} // End of Root
AnimationSet Global {
  Animation {
    {Armature}
    AnimationKey { // Rotation
      0;
      27;
      0;4;-0.707107, 0.707107, 0.000000, 0.000000;;,
      1;4;-0.707107, 0.707107, 0.000000, 0.000000;;,
      2;4;-0.707107, 0.707107, 0.000000, 0.000000;;,
      3;4;-0.707107, 0.707107, 0.000000, 0.000000;;,
      4;4;-0.707107, 0.707107, 0.000000, 0.000000;;,
      5;4;-0.707107, 0.707107, 0.000000, 0.000000;;,
      6;4;-0.707107, 0.707107, 0.000000, 0.000000;;,
      7;4;-0.707107, 0.707107, 0.000000, 0.000000;;,
      8;4;-0.707107, 0.707107, 0.000000, 0.000000;;,
      9;4;-0.707107, 0.707107, 0.000000, 0.000000;;,
      10;4;-0.707107, 0.707107, 0.000000, 0.000000;;,
      11;4;-0.707107, 0.707107, 0.000000, 0.000000;;,
      12;4;-0.707107, 0.707107, 0.000000, 0.000000;;,
      13;4;-0.707107, 0.707107, 0.000000, 0.000000;;,
      14;4;-0.707107, 0.707107, 0.000000, 0.000000;;,
      15;4;-0.707107, 0.707107, 0.000000, 0.000000;;,
      16;4;-0.707107, 0.707107, 0.000000, 0.000000;;,
      17;4;-0.707107, 0.707107, 0.000000, 0.000000;;,
      18;4;-0.707107, 0.707107, 0.000000, 0.000000;;,
      19;4;-0.707107, 0.707107, 0.000000, 0.000000;;,
      20;4;-0.707107, 0.707107, 0.000000, 0.000000;;,
      21;4;-0.707107, 0.707107, 0.000000, 0.000000;;,
      22;4;-0.707107, 0.707107, 0.000000, 0.000000;;,
      23;4;-0.707107, 0.707107, 0.000000, 0.000000;;,
      24;4;-0.707107, 0.707107, 0.000000, 0.000000;;,
      25;4;-0.707107, 0.707107, 0.000000, 0.000000;;,
      26;4;-0.707107, 0.707107, 0.000000, 0.000000;;;
    }
    AnimationKey { // Scale
      1;
      27;
      0;3; 0.100000, 0.100000, 0.100000;;,
      1;3; 0.100000, 0.100000, 0.100000;;,
      2;3; 0.100000, 0.100000, 0.100000;;,
      3;3; 0.100000, 0.100000, 0.100000;;,
      4;3; 0.100000, 0.100000, 0.100000;;,
      5;3; 0.100000, 0.100000, 0.100000;;,
      6;3; 0.100000, 0.100000, 0.100000;;,
      7;3; 0.100000, 0.100000, 0.100000;;,
      8;3; 0.100000, 0.100000, 0.100000;;,
      9;3; 0.100000, 0.100000, 0.100000;;,
      10;3; 0.100000, 0.100000, 0.100000;;,
      11;3; 0.100000, 0.100000, 0.100000;;,
      12;3; 0.100000, 0.100000, 0.100000;;,
      13;3; 0.100000, 0.100000, 0.100000;;,
      14;3; 0.100000, 0.100000, 0.100000;;,
      15;3; 0.100000, 0.100000, 0.100000;;,
      16;3; 0.100000, 0.100000, 0.100000;;,
      17;3; 0.100000, 0.100000, 0.100000;;,
      18;3; 0.100000, 0.100000, 0.100000;;,
      19;3; 0.100000, 0.100000, 0.100000;;,
      20;3; 0.100000, 0.100000, 0.100000;;,
      21;3; 0.100000, 0.100000, 0.100000;;,
      22;3; 0.100000, 0.100000, 0.100000;;,
      23;3; 0.100000, 0.100000, 0.100000;;,
      24;3; 0.100000, 0.100000, 0.100000;;,
      25;3; 0.100000, 0.100000, 0.100000;;,
      26;3; 0.100000, 0.100000, 0.100000;;;
    }
    AnimationKey { // Position
      2;
      27;
      0;3; 0.000000, 0.000000, 0.000000;;,
      1;3; 0.000000, 0.000000, 0.000000;;,
      2;3; 0.000000, 0.000000, 0.000000;;,
      3;3; 0.000000, 0.000000, 0.000000;;,
      4;3; 0.000000, 0.000000, 0.000000;;,
      5;3; 0.000000, 0.000000, 0.000000;;,
      6;3; 0.000000, 0.000000, 0.000000;;,
      7;3; 0.000000, 0.000000, 0.000000;;,
      8;3; 0.000000, 0.000000, 0.000000;;,
      9;3; 0.000000, 0.000000, 0.000000;;,
      10;3; 0.000000, 0.000000, 0.000000;;,
      11;3; 0.000000, 0.000000, 0.000000;;,
      12;3; 0.000000, 0.000000, 0.000000;;,
      13;3; 0.000000, 0.000000, 0.000000;;,
      14;3; 0.000000, 0.000000, 0.000000;;,
      15;3; 0.000000, 0.000000, 0.000000;;,
      16;3; 0.000000, 0.000000, 0.000000;;,
      17;3; 0.000000, 0.000000, 0.000000;;,
      18;3; 0.000000, 0.000000, 0.000000;;,
      19;3; 0.000000, 0.000000, 0.000000;;,
      20;3; 0.000000, 0.000000, 0.000000;;,
      21;3; 0.000000, 0.000000, 0.000000;;,
      22;3; 0.000000, 0.000000, 0.000000;;,
      23;3; 0.000000, 0.000000, 0.000000;;,
      24;3; 0.000000, 0.000000, 0.000000;;,
      25;3; 0.000000, 0.000000, 0.000000;;,
      26;3; 0.000000, 0.000000, 0.000000;;;
    }
  }
  Animation {
    {Armature_mixamorig_Hips}
    AnimationKey { // Rotation
      0;
      27;
      0;4;-0.933320,-0.111204,-0.340320,-0.027016;;,
      1;4;-0.933320,-0.111204,-0.340320,-0.027016;;,
      2;4;-0.933314,-0.111221,-0.340334,-0.026965;;,
      3;4;-0.933304,-0.111265,-0.340357,-0.026834;;,
      4;4;-0.933300,-0.111294,-0.340366,-0.026747;;,
      5;4;-0.933299,-0.111303,-0.340368,-0.026721;;,
      6;4;-0.933301,-0.111281,-0.340365,-0.026787;;,
      7;4;-0.933306,-0.111229,-0.340357,-0.026942;;,
      8;4;-0.933308,-0.111196,-0.340353,-0.027038;;,
      9;4;-0.933309,-0.111191,-0.340352,-0.027055;;,
      10;4;-0.933309,-0.111192,-0.340352,-0.027050;;,
      11;4;-0.933308,-0.111199,-0.340352,-0.027029;;,
      12;4;-0.933308,-0.111211,-0.340352,-0.026995;;,
      13;4;-0.933307,-0.111225,-0.340352,-0.026952;;,
      14;4;-0.933307,-0.111241,-0.340353,-0.026906;;,
      15;4;-0.933307,-0.111252,-0.340352,-0.026874;;,
      16;4;-0.933308,-0.111252,-0.340348,-0.026873;;,
      17;4;-0.933311,-0.111243,-0.340342,-0.026899;;,
      18;4;-0.933314,-0.111230,-0.340335,-0.026940;;,
      19;4;-0.933317,-0.111216,-0.340328,-0.026980;;,
      20;4;-0.933319,-0.111207,-0.340323,-0.027009;;,
      21;4;-0.933320,-0.111203,-0.340321,-0.027020;;,
      22;4;-0.933320,-0.111203,-0.340320,-0.027020;;,
      23;4;-0.933320,-0.111204,-0.340320,-0.027017;;,
      24;4;-0.933320,-0.111205,-0.340320,-0.027014;;,
      25;4;-0.933320,-0.111205,-0.340320,-0.027013;;,
      26;4;-0.933320,-0.111204,-0.340320,-0.027016;;;
    }
    AnimationKey { // Scale
      1;
      27;
      0;3; 1.000000, 1.000000, 1.000000;;,
      1;3; 1.000000, 1.000000, 1.000000;;,
      2;3; 1.000000, 1.000000, 1.000000;;,
      3;3; 1.000000, 1.000000, 1.000000;;,
      4;3; 1.000000, 1.000000, 1.000000;;,
      5;3; 1.000000, 1.000000, 1.000000;;,
      6;3; 1.000000, 1.000000, 1.000000;;,
      7;3; 1.000000, 1.000000, 1.000000;;,
      8;3; 1.000000, 1.000000, 1.000000;;,
      9;3; 1.000000, 1.000000, 1.000000;;,
      10;3; 1.000000, 1.000000, 1.000000;;,
      11;3; 1.000000, 1.000000, 1.000000;;,
      12;3; 1.000000, 1.000000, 1.000000;;,
      13;3; 1.000000, 1.000000, 1.000000;;,
      14;3; 1.000000, 1.000000, 1.000000;;,
      15;3; 1.000000, 1.000000, 1.000000;;,
      16;3; 1.000000, 1.000000, 1.000000;;,
      17;3; 1.000000, 1.000000, 1.000000;;,
      18;3; 1.000000, 1.000000, 1.000000;;,
      19;3; 1.000000, 1.000000, 1.000000;;,
      20;3; 1.000000, 1.000000, 1.000000;;,
      21;3; 1.000000, 1.000000, 1.000000;;,
      22;3; 1.000000, 1.000000, 1.000000;;,
      23;3; 1.000000, 1.000000, 1.000000;;,
      24;3; 1.000000, 1.000000, 1.000000;;,
      25;3; 1.000000, 1.000000, 1.000000;;,
      26;3; 1.000000, 1.000000, 1.000000;;;
    }
    AnimationKey { // Position
      2;
      27;
      0;3; 0.033360,97.234444,-0.101139;;,
      1;3; 0.033359,97.234444,-0.101139;;,
      2;3;-0.581453,97.241501,-0.103302;;,
      3;3;-1.425711,97.248207,-0.594595;;,
      4;3;-1.785517,97.245590,-1.279256;;,
      5;3;-1.989070,97.243607,-1.600212;;,
      6;3;-2.110938,96.922165,-1.788086;;,
      7;3;-2.154888,96.296364,-1.862964;;,
      8;3;-2.118197,95.861504,-1.891098;;,
      9;3;-2.030503,95.727928,-1.916114;;,
      10;3;-1.897648,95.676079,-1.932585;;,
      11;3;-1.728484,95.694122,-1.938209;;,
      12;3;-1.531868,95.770309,-1.930683;;,
      13;3;-1.316653,95.893005,-1.907704;;,
      14;3;-1.091716,96.050545,-1.866964;;,
      15;3;-0.865682,96.230873,-1.743067;;,
      16;3;-0.647312,96.421761,-1.503053;;,
      17;3;-0.445665,96.611481,-1.193284;;,
      18;3;-0.270020,96.788910,-0.860687;;,
      19;3;-0.129732,96.942924,-0.552440;;,
      20;3;-0.059551,97.061859,-0.315455;;,
      21;3;-0.012441,97.132874,-0.196409;;,
      22;3; 0.016029,97.170967,-0.161132;;,
      23;3; 0.030329,97.199631,-0.140135;;,
      24;3; 0.034972,97.219406,-0.127247;;,
      25;3; 0.034475,97.230827,-0.116302;;,
      26;3; 0.033360,97.234444,-0.101139;;;
    }
  }
  Animation {
    {Armature_mixamorig_Spine}
    AnimationKey { // Rotation
      0;
      27;
      0;4;-0.999968, 0.007745,-0.000191,-0.001737;;,
      1;4;-0.999917, 0.009378, 0.006344,-0.006199;;,
      2;4;-0.999953, 0.008668, 0.004271,-0.001243;;,
      3;4;-0.999965, 0.005723, 0.000106, 0.006186;;,
      4;4;-0.999915, 0.001783,-0.004490, 0.012091;;,
      5;4;-0.999837,-0.001760,-0.009437, 0.015274;;,
      6;4;-0.999753,-0.004709,-0.013513, 0.016977;;,
      7;4;-0.999700,-0.006950,-0.016026, 0.017192;;,
      8;4;-0.999658,-0.008961,-0.018027, 0.016695;;,
      9;4;-0.999634,-0.010328,-0.019410, 0.015758;;,
      10;4;-0.999634,-0.010605,-0.020101, 0.014705;;,
      11;4;-0.999665,-0.009885,-0.019912, 0.013222;;,
      12;4;-0.999726,-0.008645,-0.018798, 0.010964;;,
      13;4;-0.999797,-0.007020,-0.017077, 0.008119;;,
      14;4;-0.999868,-0.005086,-0.014703, 0.004638;;,
      15;4;-0.999920,-0.003008,-0.012236, 0.001230;;,
      16;4;-0.999946,-0.000975,-0.010231,-0.001622;;,
      17;4;-0.999954, 0.000910,-0.008808,-0.003563;;,
      18;4;-0.999955, 0.002639,-0.007910,-0.004625;;,
      19;4;-0.999952, 0.004147,-0.007439,-0.004910;;,
      20;4;-0.999950, 0.005415,-0.006987,-0.004680;;,
      21;4;-0.999952, 0.006441,-0.006086,-0.004126;;,
      22;4;-0.999961, 0.006763,-0.004546,-0.003332;;,
      23;4;-0.999968, 0.007166,-0.002530,-0.002485;;,
      24;4;-0.999970, 0.007588,-0.000411,-0.001761;;,
      25;4;-0.999969, 0.007671,-0.000299,-0.001756;;,
      26;4;-0.999968, 0.007745,-0.000191,-0.001737;;;
    }
    AnimationKey { // Scale
      1;
      27;
      0;3; 1.000000, 1.000000, 1.000000;;,
      1;3; 1.000000, 1.000000, 1.000000;;,
      2;3; 1.000000, 1.000000, 1.000000;;,
      3;3; 1.000000, 1.000000, 1.000000;;,
      4;3; 1.000000, 1.000000, 1.000000;;,
      5;3; 1.000000, 1.000000, 1.000000;;,
      6;3; 1.000000, 1.000000, 1.000000;;,
      7;3; 1.000000, 1.000000, 1.000000;;,
      8;3; 1.000000, 1.000000, 1.000000;;,
      9;3; 1.000000, 1.000000, 1.000000;;,
      10;3; 1.000000, 1.000000, 1.000000;;,
      11;3; 1.000000, 1.000000, 1.000000;;,
      12;3; 1.000000, 1.000000, 1.000000;;,
      13;3; 1.000000, 1.000000, 1.000000;;,
      14;3; 1.000000, 1.000000, 1.000000;;,
      15;3; 1.000000, 1.000000, 1.000000;;,
      16;3; 1.000000, 1.000000, 1.000000;;,
      17;3; 1.000000, 1.000000, 1.000000;;,
      18;3; 1.000000, 1.000000, 1.000000;;,
      19;3; 1.000000, 1.000000, 1.000000;;,
      20;3; 1.000000, 1.000000, 1.000000;;,
      21;3; 1.000000, 1.000000, 1.000000;;,
      22;3; 1.000000, 1.000000, 1.000000;;,
