xof 0303txt 0032

Frame Root {
  FrameTransformMatrix {
     1.000000, 0.000000, 0.000000, 0.000000,
     0.000000,-0.000000,-1.000000, 0.000000,
     0.000000, 1.000000,-0.000000, 0.000000,
     0.000000, 0.000000, 0.000000, 1.000000;;
  }
  Frame Armature {
    FrameTransformMatrix {
       0.100000, 0.000000, 0.000000, 0.000000,
       0.000000,-0.000000, 0.100000, 0.000000,
       0.000000,-0.100000,-0.000000, 0.000000,
       0.000000, 0.000000, 0.000000, 1.000000;;
    }
    Frame Armature_mixamorig_Hips {
      FrameTransformMatrix {
         0.575254, 0.032070, 0.817346, 0.000000,
         0.070627, 0.993552,-0.088692, 0.000000,
        -0.814920, 0.108747, 0.569280, 0.000000,
        -0.259768,94.943901, 0.065556, 1.000000;;
      }
      Frame Armature_mixamorig_LeftUpLeg {
        FrameTransformMatrix {
          -0.937442,-0.170852, 0.303265, 0.000000,
           0.268155,-0.910020, 0.316053, 0.000000,
           0.222025, 0.377719, 0.898688, 0.000000,
           9.831699,-5.267496,-0.602799, 1.000000;;
        }
        Frame Armature_mixamorig_LeftLeg {
          FrameTransformMatrix {
             0.966203, 0.113907, 0.231252, 0.000000,
             0.023694, 0.854038,-0.519670, 0.000000,
            -0.256692, 0.507586, 0.822475, 0.000000,
             0.000001,40.326904,-0.000001, 1.000000;;
          }
          Frame Armature_mixamorig_LeftFoot {
            FrameTransformMatrix {
               0.995211,-0.080192, 0.055895, 0.000000,
               0.009459, 0.648142, 0.761461, 0.000000,
              -0.097290,-0.757286, 0.645796, 0.000000,
               0.000000,43.671650,-0.000001, 1.000000;;
            }
            Frame Armature_mixamorig_LeftToeBase {
              FrameTransformMatrix {
                 0.993458, 0.003006, 0.114157, 0.000000,
                -0.075452, 0.767649, 0.636413, 0.000000,
                -0.085719,-0.640863, 0.762854, 0.000000,
                -0.000001,17.063206, 0.000001, 1.000000;;
              }
              Frame Armature_mixamorig_LeftToe_End {
                FrameTransformMatrix {
                   1.000000, 0.000000, 0.000000, 0.000000,
                   0.000000, 1.000000, 0.000000, 0.000000,
                  -0.000000,-0.000000, 1.000000, 0.000000,
                  -0.000002, 6.318973,-0.000000, 1.000000;;
                }
              } // End of Armature_mixamorig_LeftToe_End
            } // End of Armature_mixamorig_LeftToeBase
          } // End of Armature_mixamorig_LeftFoot
        } // End of Armature_mixamorig_LeftLeg
      } // End of Armature_mixamorig_LeftUpLeg
      Frame Armature_mixamorig_RightUpLeg {
        FrameTransformMatrix {
          -0.881194, 0.239034,-0.407899, 0.000000,
          -0.349557,-0.910302, 0.221743, 0.000000,
          -0.318289, 0.337954, 0.885762, 0.000000,
          -9.831701,-5.267496,-0.177400, 1.000000;;
        }
        Frame Armature_mixamorig_RightLeg {
          FrameTransformMatrix {
             0.996276,-0.082761,-0.024161, 0.000000,
             0.046866, 0.755088,-0.653946, 0.000000,
             0.072365, 0.650379, 0.756155, 0.000000,
            -0.000000,40.342400, 0.000002, 1.000000;;
          }
          Frame Armature_mixamorig_RightFoot {
            FrameTransformMatrix {
               0.992270, 0.123980, 0.005467, 0.000000,
              -0.059868, 0.439636, 0.896178, 0.000000,
               0.108705,-0.889578, 0.443660, 0.000000,
              -0.000003,43.679489,-0.000001, 1.000000;;
            }
            Frame Armature_mixamorig_RightToeBase {
              FrameTransformMatrix {
                 0.990600, 0.055480,-0.125036, 0.000000,
                 0.033409, 0.788253, 0.614444, 0.000000,
                 0.132650,-0.612845, 0.778990, 0.000000,
                -0.000002,16.734539,-0.000001, 1.000000;;
              }
              Frame Armature_mixamorig_RightToe_End {
                FrameTransformMatrix {
                   1.000000, 0.000000, 0.000000, 0.000000,
                   0.000000, 1.000000,-0.000000, 0.000000,
                  -0.000000, 0.000000, 1.000000, 0.000000,
                  -0.000002, 6.154215, 0.000000, 1.000000;;
                }
              } // End of Armature_mixamorig_RightToe_End
            } // End of Armature_mixamorig_RightToeBase
          } // End of Armature_mixamorig_RightFoot
        } // End of Armature_mixamorig_RightLeg
      } // End of Armature_mixamorig_RightUpLeg
      Frame Armature_mixamorig_Spine {
        FrameTransformMatrix {
           0.999901, 0.011889,-0.007532, 0.000000,
          -0.012123, 0.999418,-0.031892, 0.000000,
           0.007149, 0.031980, 0.999463, 0.000000,
           0.000000, 9.465611,-1.179100, 1.000000;;
        }
        Frame Armature_mixamorig_Spine1 {
          FrameTransformMatrix {
             0.999796, 0.009181,-0.018005, 0.000000,
            -0.007610, 0.996316, 0.085416, 0.000000,
             0.018723,-0.085262, 0.996183, 0.000000,
            -0.000000,11.128510, 0.000002, 1.000000;;
          }
          Frame Armature_mixamorig_Spine2 {
            FrameTransformMatrix {
               0.999836, 0.005408,-0.017276, 0.000000,
              -0.002812, 0.989152, 0.146870, 0.000000,
               0.017883,-0.146798, 0.989005, 0.000000,
              -0.000000,12.718307,-0.000000, 1.000000;;
            }
            Frame Armature_mixamorig_LeftShoulder {
              FrameTransformMatrix {
                 0.377524, 0.139426,-0.915443, 0.000000,
                 0.871468,-0.387740, 0.300335, 0.000000,
                -0.313080,-0.911163,-0.267887, 0.000000,
                 7.080400,12.458293,-0.243798, 1.000000;;
              }
              Frame Armature_mixamorig_LeftArm {
                FrameTransformMatrix {
                   0.904125,-0.115310, 0.411414, 0.000000,
                  -0.233414, 0.673217, 0.701639, 0.000000,
                  -0.357877,-0.730399, 0.581757, 0.000000,
                  -0.000003,14.670107, 0.000002, 1.000000;;
                }
                Frame Armature_mixamorig_LeftForeArm {
                  FrameTransformMatrix {
                     0.082934,-0.342425, 0.935878, 0.000000,
                    -0.991469, 0.066407, 0.112157, 0.000000,
                    -0.100554,-0.937195,-0.333996, 0.000000,
                     0.000004,20.640100, 0.000000, 1.000000;;
                  }
                  Frame Armature_mixamorig_LeftHand {
                    FrameTransformMatrix {
                       0.937967, 0.025314, 0.345801, 0.000000,
                      -0.070775, 0.990311, 0.119479, 0.000000,
                      -0.339425,-0.136542, 0.930670, 0.000000,
                      -0.000001,27.011889, 0.000000, 1.000000;;
                    }
                    Frame Armature_mixamorig_LeftHandIndex1 {
                      FrameTransformMatrix {
                         0.978530, 0.123094,-0.165309, 0.000000,
                        -0.063308, 0.942801, 0.327290, 0.000000,
                         0.196141,-0.309797, 0.930352, 0.000000,
                        -3.590701,10.895094,-0.093299, 1.000000;;
                      }
                      Frame Armature_mixamorig_LeftHandIndex2 {
                        FrameTransformMatrix {
                           0.998620,-0.050998,-0.012577, 0.000000,
                           0.050834, 0.878046, 0.475869, 0.000000,
                          -0.013225,-0.475852, 0.879426, 0.000000,
                           0.002110, 3.157503, 0.000005, 1.000000;;
                        }
                        Frame Armature_mixamorig_LeftHandIndex3 {
                          FrameTransformMatrix {
                             0.998487,-0.053246,-0.013752, 0.000000,
                             0.053349, 0.877145, 0.477254, 0.000000,
                            -0.013350,-0.477265, 0.878658, 0.000000,
                             0.002099, 3.026994, 0.000008, 1.000000;;
                          }
                          Frame Armature_mixamorig_LeftHandIndex4 {
                            FrameTransformMatrix {
                               1.000000, 0.000000,-0.000000, 0.000000,
                               0.000000, 1.000000,-0.000000, 0.000000,
                               0.000000, 0.000000, 1.000000, 0.000000,
                              -0.004305, 2.609195, 0.000006, 1.000000;;
                            }
                          } // End of Armature_mixamorig_LeftHandIndex4
                        } // End of Armature_mixamorig_LeftHandIndex3
                      } // End of Armature_mixamorig_LeftHandIndex2
                    } // End of Armature_mixamorig_LeftHandIndex1
                    Frame Armature_mixamorig_LeftHandMiddle1 {
                      FrameTransformMatrix {
                         0.976702, 0.130390,-0.170444, 0.000000,
                        -0.068939, 0.942786, 0.326192, 0.000000,
                         0.203224,-0.306842, 0.929811, 0.000000,
                        -1.211401,11.176391,-0.312793, 1.000000;;
                      }
                      Frame Armature_mixamorig_LeftHandMiddle2 {
                        FrameTransformMatrix {
                           0.996091,-0.081529,-0.033996, 0.000000,
                           0.081286, 0.695399, 0.714012, 0.000000,
                          -0.034572,-0.713984, 0.699307, 0.000000,
                           0.003905, 3.245893,-0.000008, 1.000000;;
                        }
                        Frame Armature_mixamorig_LeftHandMiddle3 {
                          FrameTransformMatrix {
                             0.996441,-0.078055,-0.031810, 0.000000,
                             0.078402, 0.719769, 0.689772, 0.000000,
                            -0.030945,-0.689811, 0.723328, 0.000000,
                            -0.000799, 3.183092,-0.000009, 1.000000;;
                          }
                          Frame Armature_mixamorig_LeftHandMiddle4 {
                            FrameTransformMatrix {
                               1.000000,-0.000000,-0.000000, 0.000000,
                               0.000000, 1.000000, 0.000000, 0.000000,
                               0.000000,-0.000000, 1.000000, 0.000000,
                              -0.003103, 2.698900,-0.000008, 1.000000;;
                            }
                          } // End of Armature_mixamorig_LeftHandMiddle4
                        } // End of Armature_mixamorig_LeftHandMiddle3
                      } // End of Armature_mixamorig_LeftHandMiddle2
                    } // End of Armature_mixamorig_LeftHandMiddle1
                    Frame Armature_mixamorig_LeftHandPinky1 {
                      FrameTransformMatrix {
                         0.985207, 0.081750, 0.150612, 0.000000,
                        -0.095732, 0.991506, 0.088040, 0.000000,
                        -0.142135,-0.101156, 0.984665, 0.000000,
                         3.544598,11.128792,-0.132085, 1.000000;;
                      }
                      Frame Armature_mixamorig_LeftHandPinky2 {
                        FrameTransformMatrix {
                           0.994474,-0.094555,-0.045618, 0.000000,
                           0.094716, 0.620649, 0.778347, 0.000000,
                          -0.045283,-0.778367, 0.626175, 0.000000,
                           0.002003, 2.266401, 0.000004, 1.000000;;
                        }
                        Frame Armature_mixamorig_LeftHandPinky3 {
                          FrameTransformMatrix {
                             0.997986,-0.060919,-0.017713, 0.000000,
                             0.061115, 0.848234, 0.526084, 0.000000,
                            -0.017023,-0.526106, 0.850248, 0.000000,
                            -0.002602, 1.879595,-0.000003, 1.000000;;
                          }
                          Frame Armature_mixamorig_LeftHandPinky4 {
                            FrameTransformMatrix {
                               1.000000,-0.000000,-0.000000, 0.000000,
                              -0.000000, 1.000000, 0.000000, 0.000000,
                              -0.000000,-0.000000, 1.000000, 0.000000,
                               0.000599, 1.352502, 0.000006, 1.000000;;
                            }
                          } // End of Armature_mixamorig_LeftHandPinky4
                        } // End of Armature_mixamorig_LeftHandPinky3
                      } // End of Armature_mixamorig_LeftHandPinky2
                    } // End of Armature_mixamorig_LeftHandPinky1
                    Frame Armature_mixamorig_LeftHandRing1 {
                      FrameTransformMatrix {
                         0.994516, 0.104002,-0.010999, 0.000000,
                        -0.096723, 0.954685, 0.281463, 0.000000,
                         0.039773,-0.278855, 0.959509, 0.000000,
                         1.257497,11.139492,-0.249283, 1.000000;;
                      }
                      Frame Armature_mixamorig_LeftHandRing2 {
                        FrameTransformMatrix {
                           0.990971,-0.110592,-0.075806, 0.000000,
                           0.110810, 0.357211, 0.927427, 0.000000,
                          -0.075487,-0.927453, 0.366240, 0.000000,
                           0.000606, 2.751699, 0.000003, 1.000000;;
                        }
                        Frame Armature_mixamorig_LeftHandRing3 {
                          FrameTransformMatrix {
                             0.980101,-0.175298,-0.093127, 0.000000,
                             0.197698, 0.819953, 0.537207, 0.000000,
                            -0.017811,-0.544929, 0.838293, 0.000000,
                            -0.001598, 2.733011,-0.000008, 1.000000;;
                          }
                          Frame Armature_mixamorig_LeftHandRing4 {
                            FrameTransformMatrix {
                               1.000000,-0.000000,-0.000000, 0.000000,
                               0.000000, 1.000000, 0.000000, 0.000000,
                               0.000000, 0.000000, 1.000000, 0.000000,
                               0.000997, 2.325795,-0.000009, 1.000000;;
                            }
                          } // End of Armature_mixamorig_LeftHandRing4
                        } // End of Armature_mixamorig_LeftHandRing3
                      } // End of Armature_mixamorig_LeftHandRing2
                    } // End of Armature_mixamorig_LeftHandRing1
                    Frame Armature_mixamorig_LeftHandThumb1 {
                      FrameTransformMatrix {
                         0.949000, 0.313598,-0.032489, 0.000000,
                        -0.264000, 0.846754, 0.461857, 0.000000,
                         0.172348,-0.429725, 0.886359, 0.000000,
                        -2.963303, 3.621792, 1.499404, 1.000000;;
                      }
                      Frame Armature_mixamorig_LeftHandThumb2 {
                        FrameTransformMatrix {
                           0.995773,-0.091443, 0.008575, 0.000000,
                           0.091334, 0.995745, 0.012280, 0.000000,
                          -0.009662,-0.011445, 0.999888, 0.000000,
                          -0.558501, 3.891293,-0.000010, 1.000000;;
                        }
                        Frame Armature_mixamorig_LeftHandThumb3 {
                          FrameTransformMatrix {
                             0.800949, 0.596952, 0.046135, 0.000000,
                            -0.558403, 0.772580,-0.302171, 0.000000,
                            -0.216024, 0.216262, 0.952137, 0.000000,
                             0.038091, 3.188802,-0.000002, 1.000000;;
                          }
                          Frame Armature_mixamorig_LeftHandThumb4 {
                            FrameTransformMatrix {
                               1.000000, 0.000000, 0.000000, 0.000000,
                              -0.000000, 1.000000, 0.000000, 0.000000,
                              -0.000000,-0.000000, 1.000000, 0.000000,
                               0.520503, 2.370301, 0.000001, 1.000000;;
                            }
                          } // End of Armature_mixamorig_LeftHandThumb4
                        } // End of Armature_mixamorig_LeftHandThumb3
                      } // End of Armature_mixamorig_LeftHandThumb2
                    } // End of Armature_mixamorig_LeftHandThumb1
                  } // End of Armature_mixamorig_LeftHand
                } // End of Armature_mixamorig_LeftForeArm
              } // End of Armature_mixamorig_LeftArm
            } // End of Armature_mixamorig_LeftShoulder
            Frame Armature_mixamorig_Neck {
              FrameTransformMatrix {
                 0.995259, 0.012770,-0.096413, 0.000000,
                 0.003538, 0.985932, 0.167106, 0.000000,
                 0.097190,-0.166655, 0.981214, 0.000000,
                 0.000000,14.308110, 0.000001, 1.000000;;
              }
              Frame Armature_mixamorig_Head {
                FrameTransformMatrix {
                   0.790214,-0.102773,-0.604153, 0.000000,
                   0.101683, 0.994161,-0.036118, 0.000000,
                   0.604337,-0.032891, 0.796050, 0.000000,
                   0.000001, 4.940901, 2.499995, 1.000000;;
                }
                Frame Armature_mixamorig_HeadTop_End {
                  FrameTransformMatrix {
                     1.000000, 0.000000, 0.000000, 0.000000,
                     0.000000, 1.000000, 0.000000, 0.000000,
                     0.000000,-0.000000, 1.000000, 0.000000,
                     0.000001,22.638781,11.454606, 1.000000;;
                  }
                } // End of Armature_mixamorig_HeadTop_End
              } // End of Armature_mixamorig_Head
            } // End of Armature_mixamorig_Neck
            Frame Armature_mixamorig_RightShoulder {
              FrameTransformMatrix {
                 0.318930,-0.164055, 0.933472, 0.000000,
                -0.912603,-0.318988, 0.255738, 0.000000,
                 0.255812,-0.933452,-0.251452, 0.000000,
                -7.080400,12.454996,-0.217399, 1.000000;;
              }
              Frame Armature_mixamorig_RightArm {
                FrameTransformMatrix {
                   0.853607,-0.473959, 0.216144, 0.000000,
                   0.245762, 0.732264, 0.635130, 0.000000,
                  -0.459300,-0.489031, 0.741547, 0.000000,
                   0.000004,14.670105, 0.000022, 1.000000;;
                }
                Frame Armature_mixamorig_RightForeArm {
                  FrameTransformMatrix {
                    -0.130279,-0.846802,-0.515706, 0.000000,
                     0.987168,-0.062344,-0.147012, 0.000000,
                     0.092339,-0.528242, 0.844058, 0.000000,
                    -0.000006,20.748589, 0.000005, 1.000000;;
                  }
                  Frame Armature_mixamorig_RightHand {
                    FrameTransformMatrix {
                       0.961422,-0.272086,-0.040457, 0.000000,
                       0.273083, 0.926387, 0.259294, 0.000000,
                      -0.033072,-0.260339, 0.964951, 0.000000,
                      -0.000003,27.070606,-0.000002, 1.000000;;
                    }
                    Frame Armature_mixamorig_RightHandIndex1 {
                      FrameTransformMatrix {
                         0.999994, 0.000954, 0.003396, 0.000000,
                        -0.001142, 0.998435, 0.055911, 0.000000,
                        -0.003337,-0.055914, 0.998430, 0.000000,
                         3.615201,11.244803,-0.086497, 1.000000;;
                      }
                      Frame Armature_mixamorig_RightHandIndex2 {
                        FrameTransformMatrix {
                           0.999877, 0.015564, 0.001569, 0.000000,
                          -0.015564, 0.979667, 0.200024, 0.000000,
                           0.001576,-0.200024, 0.979790, 0.000000,
                           0.001097, 3.128206,-0.000004, 1.000000;;
                        }
                        Frame Armature_mixamorig_RightHandIndex3 {
                          FrameTransformMatrix {
                             0.998878, 0.045365, 0.013558, 0.000000,
                            -0.045302, 0.832447, 0.552250, 0.000000,
                             0.013767,-0.552244, 0.833569, 0.000000,
                            -0.001095, 2.862902, 0.000000, 1.000000;;
                          }
                          Frame Armature_mixamorig_RightHandIndex4 {
                            FrameTransformMatrix {
                               1.000000, 0.000000, 0.000000, 0.000000,
                              -0.000000, 1.000000,-0.000000, 0.000000,
                               0.000000, 0.000000, 1.000000, 0.000000,
                              -0.000015, 2.489591,-0.000000, 1.000000;;
                            }
                          } // End of Armature_mixamorig_RightHandIndex4
                        } // End of Armature_mixamorig_RightHandIndex3
                      } // End of Armature_mixamorig_RightHandIndex2
                    } // End of Armature_mixamorig_RightHandIndex1
                    Frame Armature_mixamorig_RightHandMiddle1 {
                      FrameTransformMatrix {
                         0.992661, 0.109886, 0.050480, 0.000000,
                        -0.108631, 0.993716,-0.026982, 0.000000,
                        -0.053128, 0.021300, 0.998360, 0.000000,
                         1.136303,11.170996,-0.380495, 1.000000;;
                      }
                      Frame Armature_mixamorig_RightHandMiddle2 {
                        FrameTransformMatrix {
                           0.990201, 0.087347, 0.108962, 0.000000,
                          -0.086748,-0.226726, 0.970087, 0.000000,
                           0.109439,-0.970034,-0.216927, 0.000000,
                          -0.004984, 3.313404,-0.000005, 1.000000;;
                        }
                        Frame Armature_mixamorig_RightHandMiddle3 {
                          FrameTransformMatrix {
                             0.994727, 0.082903, 0.060384, 0.000000,
                            -0.084004, 0.320768, 0.943425, 0.000000,
                             0.058843,-0.943523, 0.326041, 0.000000,
                             0.003197, 3.208900,-0.000009, 1.000000;;
                          }
                          Frame Armature_mixamorig_RightHandMiddle4 {
                            FrameTransformMatrix {
                               1.000000,-0.000000,-0.000000, 0.000000,
                               0.000000, 1.000000,-0.000000, 0.000000,
                               0.000000, 0.000000, 1.000000, 0.000000,
                               0.001701, 2.741401,-0.000006, 1.000000;;
                            }
                          } // End of Armature_mixamorig_RightHandMiddle4
                        } // End of Armature_mixamorig_RightHandMiddle3
                      } // End of Armature_mixamorig_RightHandMiddle2
                    } // End of Armature_mixamorig_RightHandMiddle1
                    Frame Armature_mixamorig_RightHandPinky1 {
                      FrameTransformMatrix {
                         0.945639, 0.072855,-0.316954, 0.000000,
                        -0.051368, 0.995811, 0.075642, 0.000000,
                         0.321137,-0.055249, 0.945420, 0.000000,
                        -3.451198,11.054501,-0.065198, 1.000000;;
                      }
                      Frame Armature_mixamorig_RightHandPinky2 {
                        FrameTransformMatrix {
                           0.989804, 0.098835, 0.102566, 0.000000,
                          -0.095624,-0.072597, 0.992767, 0.000000,
                           0.105566,-0.992452,-0.062406, 0.000000,
                          -0.009692, 2.295605, 0.000004, 1.000000;;
                        }
                        Frame Armature_mixamorig_RightHandPinky3 {
                          FrameTransformMatrix {
                             0.992506, 0.092943, 0.079332, 0.000000,
                            -0.097876, 0.215977, 0.971481, 0.000000,
                             0.073159,-0.971965, 0.223455, 0.000000,
                             0.001906, 1.879697,-0.000005, 1.000000;;
                          }
                          Frame Armature_mixamorig_RightHandPinky4 {
                            FrameTransformMatrix {
                               1.000000,-0.000000, 0.000000, 0.000000,
                              -0.000000, 1.000000,-0.000000, 0.000000,
                               0.000000, 0.000000, 1.000000, 0.000000,
                               0.007793, 1.441498, 0.000000, 1.000000;;
                            }
                          } // End of Armature_mixamorig_RightHandPinky4
                        } // End of Armature_mixamorig_RightHandPinky3
                      } // End of Armature_mixamorig_RightHandPinky2
                    } // End of Armature_mixamorig_RightHandPinky1
                    Frame Armature_mixamorig_RightHandRing1 {
                      FrameTransformMatrix {
                         0.966869, 0.117462,-0.226643, 0.000000,
                        -0.079563, 0.982284, 0.169670, 0.000000,
                         0.242557,-0.146017, 0.959086, 0.000000,
                        -1.300295,11.305000,-0.347702, 1.000000;;
                      }
                      Frame Armature_mixamorig_RightHandRing2 {
                        FrameTransformMatrix {
                           0.986755, 0.085592, 0.137797, 0.000000,
                          -0.091253,-0.409424, 0.907769, 0.000000,
                           0.134115,-0.908320,-0.396191, 0.000000,
                           0.003806, 2.736899, 0.000000, 1.000000;;
                        }
                        Frame Armature_mixamorig_RightHandRing3 {
                          FrameTransformMatrix {
                             0.993153, 0.091416, 0.072736, 0.000000,
                            -0.089403, 0.193988, 0.976922, 0.000000,
                             0.075196,-0.976735, 0.200833, 0.000000,
                             0.007484, 2.734503,-0.000005, 1.000000;;
                          }
                          Frame Armature_mixamorig_RightHandRing4 {
                            FrameTransformMatrix {
                               1.000000,-0.000000, 0.000000, 0.000000,
                               0.000000, 1.000000, 0.000000, 0.000000,
                               0.000000,-0.000000, 1.000000, 0.000000,
                              -0.011211, 2.322399, 0.000007, 1.000000;;
                            }
                          } // End of Armature_mixamorig_RightHandRing4
                        } // End of Armature_mixamorig_RightHandRing3
                      } // End of Armature_mixamorig_RightHandRing2
                    } // End of Armature_mixamorig_RightHandRing1
                    Frame Armature_mixamorig_RightHandThumb1 {
                      FrameTransformMatrix {
                         0.876286,-0.375216, 0.302219, 0.000000,
                         0.246572, 0.888170, 0.387758, 0.000000,
                        -0.413915,-0.265268, 0.870809, 0.000000,
                         2.775400, 3.383195, 1.341498, 1.000000;;
                      }
                      Frame Armature_mixamorig_RightHandThumb2 {
                        FrameTransformMatrix {
                           0.969083, 0.243002,-0.042749, 0.000000,
                          -0.243310, 0.969946,-0.002075, 0.000000,
                           0.040960, 0.012413, 0.999084, 0.000000,
                           0.522806, 3.624004, 0.000002, 1.000000;;
                        }
                        Frame Armature_mixamorig_RightHandThumb3 {
                          FrameTransformMatrix {
                             0.964729, 0.255728,-0.062468, 0.000000,
                            -0.262939, 0.924609,-0.275612, 0.000000,
                            -0.012723, 0.282316, 0.959237, 0.000000,
                             0.006393, 3.392199,-0.000003, 1.000000;;
                          }
                          Frame Armature_mixamorig_RightHandThumb4 {
                            FrameTransformMatrix {
                               1.000000, 0.000000,-0.000000, 0.000000,
                              -0.000000, 1.000000, 0.000000, 0.000000,
                               0.000000,-0.000000, 1.000000, 0.000000,
                              -0.529314, 2.812300, 0.000009, 1.000000;;
                            }
                          } // End of Armature_mixamorig_RightHandThumb4
                        } // End of Armature_mixamorig_RightHandThumb3
                      } // End of Armature_mixamorig_RightHandThumb2
                    } // End of Armature_mixamorig_RightHandThumb1
                  } // End of Armature_mixamorig_RightHand
                } // End of Armature_mixamorig_RightForeArm
              } // End of Armature_mixamorig_RightArm
            } // End of Armature_mixamorig_RightShoulder
          } // End of Armature_mixamorig_Spine2
        } // End of Armature_mixamorig_Spine1
      } // End of Armature_mixamorig_Spine
    } // End of Armature_mixamorig_Hips
  } // End of Armature
} // End of Root
AnimationSet Global {
  Animation {
    {Armature}
    AnimationKey { // Rotation
      0;
      127;
      0;4;-0.707107, 0.707107, 0.000000, 0.000000;;,
      1;4;-0.707107, 0.707107, 0.000000, 0.000000;;,
      2;4;-0.707107, 0.707107, 0.000000, 0.000000;;,
      3;4;-0.707107, 0.707107, 0.000000, 0.000000;;,
      4;4;-0.707107, 0.707107, 0.000000, 0.000000;;,
      5;4;-0.707107, 0.707107, 0.000000, 0.000000;;,
      6;4;-0.707107, 0.707107, 0.000000, 0.000000;;,
      7;4;-0.707107, 0.707107, 0.000000, 0.000000;;,
      8;4;-0.707107, 0.707107, 0.000000, 0.000000;;,
      9;4;-0.707107, 0.707107, 0.000000, 0.000000;;,
      10;4;-0.707107, 0.707107, 0.000000, 0.000000;;,
      11;4;-0.707107, 0.707107, 0.000000, 0.000000;;,
      12;4;-0.707107, 0.707107, 0.000000, 0.000000;;,
      13;4;-0.707107, 0.707107, 0.000000, 0.000000;;,
      14;4;-0.707107, 0.707107, 0.000000, 0.000000;;,
      15;4;-0.707107, 0.707107, 0.000000, 0.000000;;,
      16;4;-0.707107, 0.707107, 0.000000, 0.000000;;,
      17;4;-0.707107, 0.707107, 0.000000, 0.000000;;,
      18;4;-0.707107, 0.707107, 0.000000, 0.000000;;,
      19;4;-0.707107, 0.707107, 0.000000, 0.000000;;,
      20;4;-0.707107, 0.707107, 0.000000, 0.000000;;,
      21;4;-0.707107, 0.707107, 0.000000, 0.000000;;,
      22;4;-0.707107, 0.707107, 0.000000, 0.000000;;,
      23;4;-0.707107, 0.707107, 0.000000, 0.000000;;,
      24;4;-0.707107, 0.707107, 0.000000, 0.000000;;,
      25;4;-0.707107, 0.707107, 0.000000, 0.000000;;,
      26;4;-0.707107, 0.707107, 0.000000, 0.000000;;,
      27;4;-0.707107, 0.707107, 0.000000, 0.000000;;,
      28;4;-0.707107, 0.707107, 0.000000, 0.000000;;,
      29;4;-0.707107, 0.707107, 0.000000, 0.000000;;,
      30;4;-0.707107, 0.707107, 0.000000, 0.000000;;,
      31;4;-0.707107, 0.707107, 0.000000, 0.000000;;,
      32;4;-0.707107, 0.707107, 0.000000, 0.000000;;,
      33;4;-0.707107, 0.707107, 0.000000, 0.000000;;,
      34;4;-0.707107, 0.707107, 0.000000, 0.000000;;,
      35;4;-0.707107, 0.707107, 0.000000, 0.000000;;,
      36;4;-0.707107, 0.707107, 0.000000, 0.000000;;,
      37;4;-0.707107, 0.707107, 0.000000, 0.000000;;,
      38;4;-0.707107, 0.707107, 0.000000, 0.000000;;,
      39;4;-0.707107, 0.707107, 0.000000, 0.000000;;,
      40;4;-0.707107, 0.707107, 0.000000, 0.000000;;,
      41;4;-0.707107, 0.707107, 0.000000, 0.000000;;,
      42;4;-0.707107, 0.707107, 0.000000, 0.000000;;,
      43;4;-0.707107, 0.707107, 0.000000, 0.000000;;,
      44;4;-0.707107, 0.707107, 0.000000, 0.000000;;,
      45;4;-0.707107, 0.707107, 0.000000, 0.000000;;,
      46;4;-0.707107, 0.707107, 0.000000, 0.000000;;,
      47;4;-0.707107, 0.707107, 0.000000, 0.000000;;,
      48;4;-0.707107, 0.707107, 0.000000, 0.000000;;,
      49;4;-0.707107, 0.707107, 0.000000, 0.000000;;,
      50;4;-0.707107, 0.707107, 0.000000, 0.000000;;,
      51;4;-0.707107, 0.707107, 0.000000, 0.000000;;,
      52;4;-0.707107, 0.707107, 0.000000, 0.000000;;,
      53;4;-0.707107, 0.707107, 0.000000, 0.000000;;,
      54;4;-0.707107, 0.707107, 0.000000, 0.000000;;,
      55;4;-0.707107, 0.707107, 0.000000, 0.000000;;,
      56;4;-0.707107, 0.707107, 0.000000, 0.000000;;,
      57;4;-0.707107, 0.707107, 0.000000, 0.000000;;,
      58;4;-0.707107, 0.707107, 0.000000, 0.000000;;,
      59;4;-0.707107, 0.707107, 0.000000, 0.000000;;,
      60;4;-0.707107, 0.707107, 0.000000, 0.000000;;,
      61;4;-0.707107, 0.707107, 0.000000, 0.000000;;,
      62;4;-0.707107, 0.707107, 0.000000, 0.000000;;,
      63;4;-0.707107, 0.707107, 0.000000, 0.000000;;,
      64;4;-0.707107, 0.707107, 0.000000, 0.000000;;,
      65;4;-0.707107, 0.707107, 0.000000, 0.000000;;,
      66;4;-0.707107, 0.707107, 0.000000, 0.000000;;,
      67;4;-0.707107, 0.707107, 0.000000, 0.000000;;,
      68;4;-0.707107, 0.707107, 0.000000, 0.000000;;,
      69;4;-0.707107, 0.707107, 0.000000, 0.000000;;,
      70;4;-0.707107, 0.707107, 0.000000, 0.000000;;,
      71;4;-0.707107, 0.707107, 0.000000, 0.000000;;,
      72;4;-0.707107, 0.707107, 0.000000, 0.000000;;,
      73;4;-0.707107, 0.707107, 0.000000, 0.000000;;,
      74;4;-0.707107, 0.707107, 0.000000, 0.000000;;,
      75;4;-0.707107, 0.707107, 0.000000, 0.000000;;,
      76;4;-0.707107, 0.707107, 0.000000, 0.000000;;,
      77;4;-0.707107, 0.707107, 0.000000, 0.000000;;,
      78;4;-0.707107, 0.707107, 0.000000, 0.000000;;,
      79;4;-0.707107, 0.707107, 0.000000, 0.000000;;,
      80;4;-0.707107, 0.707107, 0.000000, 0.000000;;,
      81;4;-0.707107, 0.707107, 0.000000, 0.000000;;,
      82;4;-0.707107, 0.707107, 0.000000, 0.000000;;,
      83;4;-0.707107, 0.707107, 0.000000, 0.000000;;,
      84;4;-0.707107, 0.707107, 0.000000, 0.000000;;,
      85;4;-0.707107, 0.707107, 0.000000, 0.000000;;,
      86;4;-0.707107, 0.707107, 0.000000, 0.000000;;,
      87;4;-0.707107, 0.707107, 0.000000, 0.000000;;,
      88;4;-0.707107, 0.707107, 0.000000, 0.000000;;,
      89;4;-0.707107, 0.707107, 0.000000, 0.000000;;,
      90;4;-0.707107, 0.707107, 0.000000, 0.000000;;,
      91;4;-0.707107, 0.707107, 0.000000, 0.000000;;,
      92;4;-0.707107, 0.707107, 0.000000, 0.000000;;,
      93;4;-0.707107, 0.707107, 0.000000, 0.000000;;,
      94;4;-0.707107, 0.707107, 0.000000, 0.000000;;,
      95;4;-0.707107, 0.707107, 0.000000, 0.000000;;,
      96;4;-0.707107, 0.707107, 0.000000, 0.000000;;,
      97;4;-0.707107, 0.707107, 0.000000, 0.000000;;,
      98;4;-0.707107, 0.707107, 0.000000, 0.000000;;,
      99;4;-0.707107, 0.707107, 0.000000, 0.000000;;,
      100;4;-0.707107, 0.707107, 0.000000, 0.000000;;,
      101;4;-0.707107, 0.707107, 0.000000, 0.000000;;,
      102;4;-0.707107, 0.707107, 0.000000, 0.000000;;,
      103;4;-0.707107, 0.707107, 0.000000, 0.000000;;,
      104;4;-0.707107, 0.707107, 0.000000, 0.000000;;,
      105;4;-0.707107, 0.707107, 0.000000, 0.000000;;,
      106;4;-0.707107, 0.707107, 0.000000, 0.000000;;,
      107;4;-0.707107, 0.707107, 0.000000, 0.000000;;,
      108;4;-0.707107, 0.707107, 0.000000, 0.000000;;,
      109;4;-0.707107, 0.707107, 0.000000, 0.000000;;,
      110;4;-0.707107, 0.707107, 0.000000, 0.000000;;,
      111;4;-0.707107, 0.707107, 0.000000, 0.000000;;,
      112;4;-0.707107, 0.707107, 0.000000, 0.000000;;,
      113;4;-0.707107, 0.707107, 0.000000, 0.000000;;,
      114;4;-0.707107, 0.707107, 0.000000, 0.000000;;,
      115;4;-0.707107, 0.707107, 0.000000, 0.000000;;,
      116;4;-0.707107, 0.707107, 0.000000, 0.000000;;,
      117;4;-0.707107, 0.707107, 0.000000, 0.000000;;,
      118;4;-0.707107, 0.707107, 0.000000, 0.000000;;,
      119;4;-0.707107, 0.707107, 0.000000, 0.000000;;,
      120;4;-0.707107, 0.707107, 0.000000, 0.000000;;,
      121;4;-0.707107, 0.707107, 0.000000, 0.000000;;,
      122;4;-0.707107, 0.707107, 0.000000, 0.000000;;,
      123;4;-0.707107, 0.707107, 0.000000, 0.000000;;,
      124;4;-0.707107, 0.707107, 0.000000, 0.000000;;,
      125;4;-0.707107, 0.707107, 0.000000, 0.000000;;,
      126;4;-0.707107, 0.707107, 0.000000, 0.000000;;;
    }
    AnimationKey { // Scale
      1;
      127;
      0;3; 0.100000, 0.100000, 0.100000;;,
      1;3; 0.100000, 0.100000, 0.100000;;,
      2;3; 0.100000, 0.100000, 0.100000;;,
      3;3; 0.100000, 0.100000, 0.100000;;,
      4;3; 0.100000, 0.100000, 0.100000;;,
      5;3; 0.100000, 0.100000, 0.100000;;,
      6;3; 0.100000, 0.100000, 0.100000;;,
      7;3; 0.100000, 0.100000, 0.100000;;,
      8;3; 0.100000, 0.100000, 0.100000;;,
      9;3; 0.100000, 0.100000, 0.100000;;,
      10;3; 0.100000, 0.100000, 0.100000;;,
      11;3; 0.100000, 0.100000, 0.100000;;,
      12;3; 0.100000, 0.100000, 0.100000;;,
      13;3; 0.100000, 0.100000, 0.100000;;,
      14;3; 0.100000, 0.100000, 0.100000;;,
      15;3; 0.100000, 0.100000, 0.100000;;,
      16;3; 0.100000, 0.100000, 0.100000;;,
      17;3; 0.100000, 0.100000, 0.100000;;,
      18;3; 0.100000, 0.100000, 0.100000;;,
      19;3; 0.100000, 0.100000, 0.100000;;,
      20;3; 0.100000, 0.100000, 0.100000;;,
      21;3; 0.100000, 0.100000, 0.100000;;,
      22;3; 0.100000, 0.100000, 0.100000;;,
      23;3; 0.100000, 0.100000, 0.100000;;,
      24;3; 0.100000, 0.100000, 0.100000;;,
      25;3; 0.100000, 0.100000, 0.100000;;,
      26;3; 0.100000, 0.100000, 0.100000;;,
      27;3; 0.100000, 0.100000, 0.100000;;,
      28;3; 0.100000, 0.100000, 0.100000;;,
      29;3; 0.100000, 0.100000, 0.100000;;,
      30;3; 0.100000, 0.100000, 0.100000;;,
      31;3; 0.100000, 0.100000, 0.100000;;,
      32;3; 0.100000, 0.100000, 0.100000;;,
      33;3; 0.100000, 0.100000, 0.100000;;,
      34;3; 0.100000, 0.100000, 0.100000;;,
      35;3; 0.100000, 0.100000, 0.100000;;,
      36;3; 0.100000, 0.100000, 0.100000;;,
      37;3; 0.100000, 0.100000, 0.100000;;,
      38;3; 0.100000, 0.100000, 0.100000;;,
      39;3; 0.100000, 0.100000, 0.100000;;,
      40;3; 0.100000, 0.100000, 0.100000;;,
      41;3; 0.100000, 0.100000, 0.100000;;,
      42;3; 0.100000, 0.100000, 0.100000;;,
      43;3; 0.100000, 0.100000, 0.100000;;,
      44;3; 0.100000, 0.100000, 0.100000;;,
      45;3; 0.100000, 0.100000, 0.100000;;,
      46;3; 0.100000, 0.100000, 0.100000;;,
      47;3; 0.100000, 0.100000, 0.100000;;,
      48;3; 0.100000, 0.100000, 0.100000;;,
      49;3; 0.100000, 0.100000, 0.100000;;,
      50;3; 0.100000, 0.100000, 0.100000;;,
      51;3; 0.100000, 0.100000, 0.100000;;,
      52;3; 0.100000, 0.100000, 0.100000;;,
      53;3; 0.100000, 0.100000, 0.100000;;,
      54;3; 0.100000, 0.100000, 0.100000;;,
      55;3; 0.100000, 0.100000, 0.100000;;,
      56;3; 0.100000, 0.100000, 0.100000;;,
      57;3; 0.100000, 0.100000, 0.100000;;,
      58;3; 0.100000, 0.100000, 0.100000;;,
      59;3; 0.100000, 0.100000, 0.100000;;,
      60;3; 0.100000, 0.100000, 0.100000;;,
      61;3; 0.100000, 0.100000, 0.100000;;,
      62;3; 0.100000, 0.100000, 0.100000;;,
      63;3; 0.100000, 0.100000, 0.100000;;,
      64;3; 0.100000, 0.100000, 0.100000;;,
      65;3; 0.100000, 0.100000, 0.100000;;,
      66;3; 0.100000, 0.100000, 0.100000;;,
      67;3; 0.100000, 0.100000, 0.100000;;,
      68;3; 0.100000, 0.100000, 0.100000;;,
      69;3; 0.100000, 0.100000, 0.100000;;,
      70;3; 0.100000, 0.100000, 0.100000;;,
      71;3; 0.100000, 0.100000, 0.100000;;,
      72;3; 0.100000, 0.100000, 0.100000;;,
      73;3; 0.100000, 0.100000, 0.100000;;,
      74;3; 0.100000, 0.100000, 0.100000;;,
      75;3; 0.100000, 0.100000, 0.100000;;,
      76;3; 0.100000, 0.100000, 0.100000;;,
      77;3; 0.100000, 0.100000, 0.100000;;,
      78;3; 0.100000, 0.100000, 0.100000;;,
      79;3; 0.100000, 0.100000, 0.100000;;,
      80;3; 0.100000, 0.100000, 0.100000;;,
      81;3; 0.100000, 0.100000, 0.100000;;,
