xof 0303txt 0032

Frame Root {
  FrameTransformMatrix {
     1.000000, 0.000000, 0.000000, 0.000000,
     0.000000,-0.000000,-1.000000, 0.000000,
     0.000000, 1.000000,-0.000000, 0.000000,
     0.000000, 0.000000, 0.000000, 1.000000;;
  }
  Frame Armature {
    FrameTransformMatrix {
       0.010000, 0.000000, 0.000000, 0.000000,
       0.000000,-0.000000, 0.010000, 0.000000,
       0.000000,-0.010000,-0.000000, 0.000000,
       0.000000, 0.000000, 0.000000, 1.000000;;
    }
    Frame Armature_mixamorig_Hips {
      FrameTransformMatrix {
         0.988332,-0.021136, 0.150843, 0.000000,
        -0.040931, 0.917044, 0.396680, 0.000000,
        -0.146714,-0.398225, 0.905479, 0.000000,
        -0.147348,90.778160, 0.775809, 1.000000;;
      }
      Frame Armature_mixamorig_LeftUpLeg {
        FrameTransformMatrix {
          -0.983054, 0.131758, 0.127434, 0.000000,
           0.085021,-0.288252, 0.953526, 0.000000,
           0.162406, 0.948446, 0.272118, 0.000000,
           9.831699,-5.267503,-0.602803, 1.000000;;
        }
        Frame Armature_mixamorig_LeftLeg {
          FrameTransformMatrix {
             0.999070,-0.023929,-0.035866, 0.000000,
            -0.040842,-0.258670,-0.965102, 0.000000,
             0.013817, 0.965669,-0.259407, 0.000000,
            -0.000001,40.326900,-0.000005, 1.000000;;
          }
          Frame Armature_mixamorig_LeftFoot {
            FrameTransformMatrix {
               0.959901, 0.147837, 0.238190, 0.000000,
              -0.275994, 0.647376, 0.710445, 0.000000,
              -0.049168,-0.747695, 0.662219, 0.000000,
              -0.000000,43.671646,-0.000000, 1.000000;;
            }
            Frame Armature_mixamorig_LeftToeBase {
              FrameTransformMatrix {
                 0.993402, 0.000565, 0.114681, 0.000000,
                -0.073017, 0.774229, 0.628680, 0.000000,
                -0.088435,-0.632906, 0.769162, 0.000000,
                -0.000000,17.063202, 0.000000, 1.000000;;
              }
              Frame Armature_mixamorig_LeftToe_End {
                FrameTransformMatrix {
                   1.000000, 0.000000, 0.000000, 0.000000,
                   0.000000, 1.000000, 0.000000, 0.000000,
                  -0.000000,-0.000000, 1.000000, 0.000000,
                  -0.000001, 6.318970, 0.000000, 1.000000;;
                }
              } // End of Armature_mixamorig_LeftToe_End
            } // End of Armature_mixamorig_LeftToeBase
          } // End of Armature_mixamorig_LeftFoot
        } // End of Armature_mixamorig_LeftLeg
      } // End of Armature_mixamorig_LeftUpLeg
      Frame Armature_mixamorig_RightUpLeg {
        FrameTransformMatrix {
          -0.985548,-0.016582, 0.168598, 0.000000,
           0.096047,-0.874469, 0.475515, 0.000000,
           0.139538, 0.484799, 0.863474, 0.000000,
          -9.831702,-5.267499,-0.177404, 1.000000;;
        }
        Frame Armature_mixamorig_RightLeg {
          FrameTransformMatrix {
             0.997039,-0.055147,-0.053592, 0.000000,
            -0.005442, 0.644579,-0.764518, 0.000000,
             0.076705, 0.762546, 0.642370, 0.000000,
             0.000000,40.342403,-0.000001, 1.000000;;
          }
          Frame Armature_mixamorig_RightFoot {
            FrameTransformMatrix {
               0.995176,-0.041727,-0.088794, 0.000000,
               0.095268, 0.194769, 0.976212, 0.000000,
              -0.023440,-0.979961, 0.197805, 0.000000,
               0.000000,43.679489,-0.000004, 1.000000;;
            }
            Frame Armature_mixamorig_RightToeBase {
              FrameTransformMatrix {
                 0.989754, 0.036664,-0.137998, 0.000000,
                 0.099793, 0.513620, 0.852195, 0.000000,
                 0.102124,-0.857234, 0.504699, 0.000000,
                 0.000000,16.734537,-0.000000, 1.000000;;
              }
              Frame Armature_mixamorig_RightToe_End {
                FrameTransformMatrix {
                   1.000000, 0.000000, 0.000000, 0.000000,
                   0.000000, 1.000000,-0.000000, 0.000000,
                  -0.000000, 0.000000, 1.000000, 0.000000,
                   0.000000, 6.154215, 0.000000, 1.000000;;
                }
              } // End of Armature_mixamorig_RightToe_End
            } // End of Armature_mixamorig_RightToeBase
          } // End of Armature_mixamorig_RightFoot
        } // End of Armature_mixamorig_RightLeg
      } // End of Armature_mixamorig_RightUpLeg
      Frame Armature_mixamorig_Spine {
        FrameTransformMatrix {
           0.994186, 0.003423,-0.107621, 0.000000,
           0.010690, 0.991418, 0.130289, 0.000000,
           0.107143,-0.130682, 0.985618, 0.000000,
           0.000000, 9.465592,-1.179100, 1.000000;;
        }
        Frame Armature_mixamorig_Spine1 {
          FrameTransformMatrix {
             0.999515,-0.006515,-0.030441, 0.000000,
             0.007713, 0.999194, 0.039404, 0.000000,
             0.030160,-0.039620, 0.998760, 0.000000,
            -0.000000,11.128517,-0.000007, 1.000000;;
          }
          Frame Armature_mixamorig_Spine2 {
            FrameTransformMatrix {
               0.999500,-0.007332,-0.030740, 0.000000,
               0.008537, 0.999193, 0.039246, 0.000000,
               0.030427,-0.039489, 0.998757, 0.000000,
               0.000000,12.718303,-0.000002, 1.000000;;
            }
            Frame Armature_mixamorig_LeftShoulder {
              FrameTransformMatrix {
                 0.307736, 0.010022,-0.951419, 0.000000,
                 0.846550,-0.459352, 0.268977, 0.000000,
                -0.434340,-0.888198,-0.149843, 0.000000,
                 7.080400,12.458313,-0.243804, 1.000000;;
              }
              Frame Armature_mixamorig_LeftArm {
                FrameTransformMatrix {
                   0.751729, 0.104971, 0.651064, 0.000000,
                  -0.359182, 0.893142, 0.270715, 0.000000,
                  -0.553075,-0.437355, 0.709104, 0.000000,
                  -0.000007,14.670109, 0.000012, 1.000000;;
                }
                Frame Armature_mixamorig_LeftForeArm {
                  FrameTransformMatrix {
                    -0.108340, 0.984973, 0.134505, 0.000000,
                    -0.985150,-0.124505, 0.118231, 0.000000,
                     0.133201,-0.119698, 0.983834, 0.000000,
                    -0.000004,20.640110, 0.000012, 1.000000;;
                  }
                  Frame Armature_mixamorig_LeftHand {
                    FrameTransformMatrix {
                      -0.343711,-0.029189, 0.938622, 0.000000,
                       0.222604, 0.968497, 0.111632, 0.000000,
                      -0.912310, 0.247310,-0.326386, 0.000000,
                      -0.000008,27.011887,-0.000001, 1.000000;;
                    }
                    Frame Armature_mixamorig_LeftHandIndex1 {
                      FrameTransformMatrix {
                         0.992301, 0.106075, 0.063932, 0.000000,
                        -0.122641, 0.769593, 0.626646, 0.000000,
                         0.017270,-0.629662, 0.776677, 0.000000,
                        -3.590697,10.895096,-0.093295, 1.000000;;
                      }
                      Frame Armature_mixamorig_LeftHandIndex2 {
                        FrameTransformMatrix {
                           0.989864,-0.106441,-0.094019, 0.000000,
                           0.105238, 0.105210, 0.988866, 0.000000,
                          -0.095364,-0.988737, 0.115345, 0.000000,
                           0.002103, 3.157505, 0.000010, 1.000000;;
                        }
                        Frame Armature_mixamorig_LeftHandIndex3 {
                          FrameTransformMatrix {
                             0.997811,-0.063030,-0.019998, 0.000000,
                             0.063184, 0.819558, 0.569501, 0.000000,
                            -0.019506,-0.569518, 0.821747, 0.000000,
                             0.002094, 3.026996, 0.000010, 1.000000;;
                          }
                          Frame Armature_mixamorig_LeftHandIndex4 {
                            FrameTransformMatrix {
                               1.000000, 0.000000,-0.000000, 0.000000,
                              -0.000000, 1.000000,-0.000000, 0.000000,
                               0.000000, 0.000000, 1.000000, 0.000000,
                              -0.004303, 2.609204, 0.000001, 1.000000;;
                            }
                          } // End of Armature_mixamorig_LeftHandIndex4
                        } // End of Armature_mixamorig_LeftHandIndex3
                      } // End of Armature_mixamorig_LeftHandIndex2
                    } // End of Armature_mixamorig_LeftHandIndex1
                    Frame Armature_mixamorig_LeftHandMiddle1 {
                      FrameTransformMatrix {
                         0.999532, 0.022489, 0.020723, 0.000000,
                        -0.030228, 0.623838, 0.780969, 0.000000,
                         0.004636,-0.781230, 0.624226, 0.000000,
                        -1.211397,11.176388,-0.312788, 1.000000;;
                      }
                      Frame Armature_mixamorig_LeftHandMiddle2 {
                        FrameTransformMatrix {
                           0.990838,-0.108460,-0.080470, 0.000000,
                           0.107838, 0.276694, 0.954888, 0.000000,
                          -0.081301,-0.954818, 0.285855, 0.000000,
                           0.003900, 3.245897,-0.000007, 1.000000;;
                        }
                        Frame Armature_mixamorig_LeftHandMiddle3 {
                          FrameTransformMatrix {
                             0.998013,-0.060446,-0.017769, 0.000000,
                             0.060630, 0.844736, 0.531737, 0.000000,
                            -0.017132,-0.531759, 0.846723, 0.000000,
                            -0.000804, 3.183109,-0.000010, 1.000000;;
                          }
                          Frame Armature_mixamorig_LeftHandMiddle4 {
                            FrameTransformMatrix {
                               1.000000,-0.000000,-0.000000, 0.000000,
                               0.000000, 1.000000,-0.000000, 0.000000,
                              -0.000000, 0.000000, 1.000000, 0.000000,
                              -0.003098, 2.698904,-0.000002, 1.000000;;
                            }
                          } // End of Armature_mixamorig_LeftHandMiddle4
                        } // End of Armature_mixamorig_LeftHandMiddle3
                      } // End of Armature_mixamorig_LeftHandMiddle2
                    } // End of Armature_mixamorig_LeftHandMiddle1
                    Frame Armature_mixamorig_LeftHandPinky1 {
                      FrameTransformMatrix {
                         0.999113,-0.039260,-0.015189, 0.000000,
                         0.022525, 0.193790, 0.980785, 0.000000,
                        -0.035562,-0.980257, 0.194502, 0.000000,
                         3.544603,11.128792,-0.132086, 1.000000;;
                      }
                      Frame Armature_mixamorig_LeftHandPinky2 {
                        FrameTransformMatrix {
                           0.996313,-0.080262,-0.030293, 0.000000,
                           0.080363, 0.749607, 0.656987, 0.000000,
                          -0.030023,-0.656999, 0.753293, 0.000000,
                           0.002001, 2.266406,-0.000000, 1.000000;;
                        }
                        Frame Armature_mixamorig_LeftHandPinky3 {
                          FrameTransformMatrix {
                             0.998745,-0.048820,-0.011206, 0.000000,
                             0.048954, 0.903988, 0.424746, 0.000000,
                            -0.010606,-0.424761, 0.905244, 0.000000,
                            -0.002598, 1.879598, 0.000007, 1.000000;;
                          }
                          Frame Armature_mixamorig_LeftHandPinky4 {
                            FrameTransformMatrix {
                               1.000000, 0.000000, 0.000000, 0.000000,
                              -0.000000, 1.000000, 0.000000, 0.000000,
                               0.000000,-0.000000, 1.000000, 0.000000,
                               0.000595, 1.352504,-0.000005, 1.000000;;
                            }
                          } // End of Armature_mixamorig_LeftHandPinky4
                        } // End of Armature_mixamorig_LeftHandPinky3
                      } // End of Armature_mixamorig_LeftHandPinky2
                    } // End of Armature_mixamorig_LeftHandPinky1
                    Frame Armature_mixamorig_LeftHandRing1 {
                      FrameTransformMatrix {
                         0.999766,-0.018843,-0.010593, 0.000000,
                         0.018286, 0.475895, 0.879312, 0.000000,
                        -0.011528,-0.879300, 0.476128, 0.000000,
                         1.257503,11.139494,-0.249282, 1.000000;;
                      }
                      Frame Armature_mixamorig_LeftHandRing2 {
                        FrameTransformMatrix {
                           0.993700,-0.098829,-0.052845, 0.000000,
                           0.098978, 0.552750, 0.827448, 0.000000,
                          -0.052566,-0.827466, 0.559050, 0.000000,
                           0.000600, 2.751699, 0.000007, 1.000000;;
                        }
                        Frame Armature_mixamorig_LeftHandRing3 {
                          FrameTransformMatrix {
                             0.993374,-0.100199,-0.056286, 0.000000,
                             0.100281, 0.516479, 0.850408, 0.000000,
                            -0.056140,-0.850418, 0.523105, 0.000000,
                            -0.001602, 2.733005,-0.000003, 1.000000;;
                          }
                          Frame Armature_mixamorig_LeftHandRing4 {
                            FrameTransformMatrix {
                               1.000000,-0.000000, 0.000000, 0.000000,
                               0.000000, 1.000000,-0.000000, 0.000000,
                              -0.000000, 0.000000, 1.000000, 0.000000,
                               0.001002, 2.325795, 0.000008, 1.000000;;
                            }
                          } // End of Armature_mixamorig_LeftHandRing4
                        } // End of Armature_mixamorig_LeftHandRing3
                      } // End of Armature_mixamorig_LeftHandRing2
                    } // End of Armature_mixamorig_LeftHandRing1
                    Frame Armature_mixamorig_LeftHandThumb1 {
                      FrameTransformMatrix {
                         0.162163, 0.714230,-0.680866, 0.000000,
                        -0.657390, 0.592774, 0.465250, 0.000000,
                         0.735895, 0.372148, 0.565654, 0.000000,
                        -2.963297, 3.621788, 1.499402, 1.000000;;
                      }
                      Frame Armature_mixamorig_LeftHandThumb2 {
                        FrameTransformMatrix {
                           0.595096,-0.109968, 0.796096, 0.000000,
                          -0.030738, 0.986754, 0.159282, 0.000000,
                          -0.803067,-0.119258, 0.583833, 0.000000,
                          -0.558502, 3.891286,-0.000008, 1.000000;;
                        }
                        Frame Armature_mixamorig_LeftHandThumb3 {
                          FrameTransformMatrix {
                             0.984856,-0.116278,-0.128603, 0.000000,
                             0.080509, 0.963651,-0.254747, 0.000000,
                             0.153549, 0.240536, 0.958418, 0.000000,
                             0.038105, 3.188800,-0.000002, 1.000000;;
                          }
                          Frame Armature_mixamorig_LeftHandThumb4 {
                            FrameTransformMatrix {
                               1.000000, 0.000000, 0.000000, 0.000000,
                              -0.000000, 1.000000, 0.000000, 0.000000,
                              -0.000000,-0.000000, 1.000000, 0.000000,
                               0.520510, 2.370296,-0.000015, 1.000000;;
                            }
                          } // End of Armature_mixamorig_LeftHandThumb4
                        } // End of Armature_mixamorig_LeftHandThumb3
                      } // End of Armature_mixamorig_LeftHandThumb2
                    } // End of Armature_mixamorig_LeftHandThumb1
                  } // End of Armature_mixamorig_LeftHand
                } // End of Armature_mixamorig_LeftForeArm
              } // End of Armature_mixamorig_LeftArm
            } // End of Armature_mixamorig_LeftShoulder
            Frame Armature_mixamorig_Neck {
              FrameTransformMatrix {
                 0.999865,-0.009733, 0.013236, 0.000000,
                 0.007665, 0.988928, 0.148199, 0.000000,
                -0.014532,-0.148077, 0.988869, 0.000000,
                 0.000000,14.308118,-0.000008, 1.000000;;
              }
              Frame Armature_mixamorig_Head {
                FrameTransformMatrix {
                   0.993535,-0.040932, 0.105895, 0.000000,
                   0.079589, 0.916282,-0.392547, 0.000000,
                  -0.080962, 0.398438, 0.913615, 0.000000,
                  -0.000000, 4.940897, 2.500009, 1.000000;;
                }
                Frame Armature_mixamorig_HeadTop_End {
                  FrameTransformMatrix {
                     1.000000,-0.000000, 0.000000, 0.000000,
                     0.000000, 1.000000,-0.000000, 0.000000,
                    -0.000000, 0.000000, 1.000000, 0.000000,
                    -0.000000,22.638794,11.454597, 1.000000;;
                  }
                } // End of Armature_mixamorig_HeadTop_End
              } // End of Armature_mixamorig_Head
            } // End of Armature_mixamorig_Neck
            Frame Armature_mixamorig_RightShoulder {
              FrameTransformMatrix {
                 0.143985,-0.087220, 0.985729, 0.000000,
                -0.962316,-0.244548, 0.118927, 0.000000,
                 0.230685,-0.965707,-0.119145, 0.000000,
                -7.080401,12.455005,-0.217404, 1.000000;;
              }
              Frame Armature_mixamorig_RightArm {
                FrameTransformMatrix {
                   0.598955,-0.796849,-0.079279, 0.000000,
                   0.797282, 0.584159, 0.151987, 0.000000,
                  -0.074799,-0.154241, 0.985198, 0.000000,
                  -0.000000,14.670100,-0.000005, 1.000000;;
                }
                Frame Armature_mixamorig_RightForeArm {
                  FrameTransformMatrix {
                    -0.025470,-0.993710,-0.109046, 0.000000,
                     0.993980,-0.036801, 0.103197, 0.000000,
                    -0.106561,-0.105761, 0.988665, 0.000000,
                    -0.000006,20.748581,-0.000005, 1.000000;;
                  }
                  Frame Armature_mixamorig_RightHand {
                    FrameTransformMatrix {
                       0.791289,-0.067212,-0.607737, 0.000000,
                       0.162437, 0.981332, 0.102968, 0.000000,
                       0.589471,-0.180197, 0.787435, 0.000000,
                      -0.000005,27.070601,-0.000004, 1.000000;;
                    }
                    Frame Armature_mixamorig_RightHandIndex1 {
                      FrameTransformMatrix {
                         0.997741,-0.066380,-0.010315, 0.000000,
                         0.065073, 0.916917, 0.393736, 0.000000,
                        -0.016679,-0.393518, 0.919166, 0.000000,
                         3.615191,11.244802,-0.086493, 1.000000;;
                      }
                      Frame Armature_mixamorig_RightHandIndex2 {
                        FrameTransformMatrix {
                           0.991389, 0.076821, 0.106047, 0.000000,
                          -0.076779,-0.315015, 0.945976, 0.000000,
                           0.106077,-0.945972,-0.306405, 0.000000,
                           0.001096, 3.128204,-0.000002, 1.000000;;
                        }
                        Frame Armature_mixamorig_RightHandIndex3 {
                          FrameTransformMatrix {
                             0.997131, 0.067168, 0.034912, 0.000000,
                            -0.067004, 0.568522, 0.819935, 0.000000,
                             0.035225,-0.819921, 0.571391, 0.000000,
                            -0.001098, 2.862904,-0.000001, 1.000000;;
                          }
                          Frame Armature_mixamorig_RightHandIndex4 {
                            FrameTransformMatrix {
                               1.000000, 0.000000,-0.000000, 0.000000,
                              -0.000000, 1.000000,-0.000000, 0.000000,
                               0.000000, 0.000000, 1.000000, 0.000000,
                               0.000001, 2.489592,-0.000002, 1.000000;;
                            }
                          } // End of Armature_mixamorig_RightHandIndex4
                        } // End of Armature_mixamorig_RightHandIndex3
                      } // End of Armature_mixamorig_RightHandIndex2
                    } // End of Armature_mixamorig_RightHandIndex1
                    Frame Armature_mixamorig_RightHandMiddle1 {
                      FrameTransformMatrix {
                         0.998564, 0.025612, 0.047055, 0.000000,
                        -0.053183, 0.579817, 0.813009, 0.000000,
                        -0.006460,-0.814344, 0.580347, 0.000000,
                         1.136292,11.170995,-0.380492, 1.000000;;
                      }
                      Frame Armature_mixamorig_RightHandMiddle2 {
                        FrameTransformMatrix {
                           0.989542, 0.085159, 0.116427, 0.000000,
                          -0.084517,-0.311790, 0.946385, 0.000000,
                           0.116894,-0.946327,-0.301331, 0.000000,
                          -0.004983, 3.313406,-0.000005, 1.000000;;
                        }
                        Frame Armature_mixamorig_RightHandMiddle3 {
                          FrameTransformMatrix {
                             0.999100, 0.041060, 0.010617, 0.000000,
                            -0.041253, 0.882817, 0.467902, 0.000000,
                             0.009839,-0.467919, 0.883717, 0.000000,
                             0.003200, 3.208905,-0.000008, 1.000000;;
                          }
                          Frame Armature_mixamorig_RightHandMiddle4 {
                            FrameTransformMatrix {
                               1.000000,-0.000000, 0.000000, 0.000000,
                               0.000000, 1.000000,-0.000000, 0.000000,
                               0.000000, 0.000000, 1.000000, 0.000000,
                               0.001700, 2.741402,-0.000009, 1.000000;;
                            }
                          } // End of Armature_mixamorig_RightHandMiddle4
                        } // End of Armature_mixamorig_RightHandMiddle3
                      } // End of Armature_mixamorig_RightHandMiddle2
                    } // End of Armature_mixamorig_RightHandMiddle1
                    Frame Armature_mixamorig_RightHandPinky1 {
                      FrameTransformMatrix {
                         0.999621, 0.000955,-0.027506, 0.000000,
                         0.025272, 0.363908, 0.931092, 0.000000,
                         0.010899,-0.931434, 0.363746, 0.000000,
                        -3.451202,11.054498,-0.065193, 1.000000;;
                      }
                      Frame Armature_mixamorig_RightHandPinky2 {
                        FrameTransformMatrix {
                           0.992439, 0.097094, 0.075078, 0.000000,
                          -0.094804, 0.217939, 0.971347, 0.000000,
                           0.077950,-0.971121, 0.225496, 0.000000,
                          -0.009700, 2.295607, 0.000001, 1.000000;;
                        }
                        Frame Armature_mixamorig_RightHandPinky3 {
                          FrameTransformMatrix {
                             0.996743, 0.072794, 0.034707, 0.000000,
                            -0.074824, 0.674238, 0.734714, 0.000000,
                             0.030082,-0.734918, 0.677489, 0.000000,
                             0.001903, 1.879699,-0.000002, 1.000000;;
                          }
                          Frame Armature_mixamorig_RightHandPinky4 {
                            FrameTransformMatrix {
                               1.000000, 0.000000, 0.000000, 0.000000,
                              -0.000000, 1.000000,-0.000000, 0.000000,
                              -0.000000, 0.000000, 1.000000, 0.000000,
                               0.007798, 1.441499, 0.000002, 1.000000;;
                            }
                          } // End of Armature_mixamorig_RightHandPinky4
                        } // End of Armature_mixamorig_RightHandPinky3
                      } // End of Armature_mixamorig_RightHandPinky2
                    } // End of Armature_mixamorig_RightHandPinky1
                    Frame Armature_mixamorig_RightHandRing1 {
                      FrameTransformMatrix {
                         0.999197, 0.026634, 0.029937, 0.000000,
                        -0.036439, 0.293186, 0.955361, 0.000000,
                         0.016668,-0.955684, 0.293922, 0.000000,
                        -1.300309,11.304999,-0.347698, 1.000000;;
                      }
                      Frame Armature_mixamorig_RightHandRing2 {
                        FrameTransformMatrix {
                           0.988853, 0.093034, 0.116251, 0.000000,
                          -0.097762,-0.183206, 0.978202, 0.000000,
                           0.112304,-0.978662,-0.172068, 0.000000,
                           0.003785, 2.736897, 0.000000, 1.000000;;
                        }
                        Frame Armature_mixamorig_RightHandRing3 {
                          FrameTransformMatrix {
                             0.999498, 0.031175, 0.005614, 0.000000,
                            -0.030865, 0.918633, 0.393904, 0.000000,
                             0.007123,-0.393879, 0.919134, 0.000000,
                             0.007497, 2.734503,-0.000007, 1.000000;;
                          }
                          Frame Armature_mixamorig_RightHandRing4 {
                            FrameTransformMatrix {
                               1.000000, 0.000000, 0.000000, 0.000000,
                              -0.000000, 1.000000, 0.000000, 0.000000,
                               0.000000,-0.000000, 1.000000, 0.000000,
                              -0.011203, 2.322399, 0.000008, 1.000000;;
                            }
                          } // End of Armature_mixamorig_RightHandRing4
                        } // End of Armature_mixamorig_RightHandRing3
                      } // End of Armature_mixamorig_RightHandRing2
                    } // End of Armature_mixamorig_RightHandRing1
                    Frame Armature_mixamorig_RightHandThumb1 {
                      FrameTransformMatrix {
                         0.083165,-0.852103, 0.516724, 0.000000,
                         0.169355, 0.523063, 0.835299, 0.000000,
                        -0.982040, 0.018042, 0.187808, 0.000000,
                         2.775401, 3.383195, 1.341504, 1.000000;;
                      }
                      Frame Armature_mixamorig_RightHandThumb2 {
                        FrameTransformMatrix {
                           0.887587, 0.213973, 0.407927, 0.000000,
                          -0.437493, 0.668766, 0.601126, 0.000000,
                          -0.144183,-0.712017, 0.687200, 0.000000,
                           0.522800, 3.624004, 0.000003, 1.000000;;
                        }
                        Frame Armature_mixamorig_RightHandThumb3 {
                          FrameTransformMatrix {
                             0.788903, 0.611207, 0.063702, 0.000000,
                            -0.611555, 0.791037,-0.016161, 0.000000,
                            -0.060268,-0.026208, 0.997838, 0.000000,
                             0.006397, 3.392205, 0.000007, 1.000000;;
                          }
                          Frame Armature_mixamorig_RightHandThumb4 {
                            FrameTransformMatrix {
                               1.000000, 0.000000,-0.000000, 0.000000,
                              -0.000000, 1.000000, 0.000000, 0.000000,
                               0.000000,-0.000000, 1.000000, 0.000000,
                              -0.529296, 2.812306, 0.000003, 1.000000;;
                            }
                          } // End of Armature_mixamorig_RightHandThumb4
                        } // End of Armature_mixamorig_RightHandThumb3
                      } // End of Armature_mixamorig_RightHandThumb2
                    } // End of Armature_mixamorig_RightHandThumb1
                  } // End of Armature_mixamorig_RightHand
                } // End of Armature_mixamorig_RightForeArm
              } // End of Armature_mixamorig_RightArm
            } // End of Armature_mixamorig_RightShoulder
          } // End of Armature_mixamorig_Spine2
        } // End of Armature_mixamorig_Spine1
      } // End of Armature_mixamorig_Spine
    } // End of Armature_mixamorig_Hips
  } // End of Armature
} // End of Root
AnimationSet Global {
  Animation {
    {Armature}
    AnimationKey { // Rotation
      0;
      41;
      0;4;-0.707107, 0.707107, 0.000000, 0.000000;;,
      1;4;-0.707107, 0.707107, 0.000000, 0.000000;;,
      2;4;-0.707107, 0.707107, 0.000000, 0.000000;;,
      3;4;-0.707107, 0.707107, 0.000000, 0.000000;;,
      4;4;-0.707107, 0.707107, 0.000000, 0.000000;;,
      5;4;-0.707107, 0.707107, 0.000000, 0.000000;;,
      6;4;-0.707107, 0.707107, 0.000000, 0.000000;;,
      7;4;-0.707107, 0.707107, 0.000000, 0.000000;;,
      8;4;-0.707107, 0.707107, 0.000000, 0.000000;;,
      9;4;-0.707107, 0.707107, 0.000000, 0.000000;;,
      10;4;-0.707107, 0.707107, 0.000000, 0.000000;;,
      11;4;-0.707107, 0.707107, 0.000000, 0.000000;;,
      12;4;-0.707107, 0.707107, 0.000000, 0.000000;;,
      13;4;-0.707107, 0.707107, 0.000000, 0.000000;;,
      14;4;-0.707107, 0.707107, 0.000000, 0.000000;;,
      15;4;-0.707107, 0.707107, 0.000000, 0.000000;;,
      16;4;-0.707107, 0.707107, 0.000000, 0.000000;;,
      17;4;-0.707107, 0.707107, 0.000000, 0.000000;;,
      18;4;-0.707107, 0.707107, 0.000000, 0.000000;;,
      19;4;-0.707107, 0.707107, 0.000000, 0.000000;;,
      20;4;-0.707107, 0.707107, 0.000000, 0.000000;;,
      21;4;-0.707107, 0.707107, 0.000000, 0.000000;;,
      22;4;-0.707107, 0.707107, 0.000000, 0.000000;;,
      23;4;-0.707107, 0.707107, 0.000000, 0.000000;;,
      24;4;-0.707107, 0.707107, 0.000000, 0.000000;;,
      25;4;-0.707107, 0.707107, 0.000000, 0.000000;;,
      26;4;-0.707107, 0.707107, 0.000000, 0.000000;;,
      27;4;-0.707107, 0.707107, 0.000000, 0.000000;;,
      28;4;-0.707107, 0.707107, 0.000000, 0.000000;;,
      29;4;-0.707107, 0.707107, 0.000000, 0.000000;;,
      30;4;-0.707107, 0.707107, 0.000000, 0.000000;;,
      31;4;-0.707107, 0.707107, 0.000000, 0.000000;;,
      32;4;-0.707107, 0.707107, 0.000000, 0.000000;;,
      33;4;-0.707107, 0.707107, 0.000000, 0.000000;;,
      34;4;-0.707107, 0.707107, 0.000000, 0.000000;;,
      35;4;-0.707107, 0.707107, 0.000000, 0.000000;;,
      36;4;-0.707107, 0.707107, 0.000000, 0.000000;;,
      37;4;-0.707107, 0.707107, 0.000000, 0.000000;;,
      38;4;-0.707107, 0.707107, 0.000000, 0.000000;;,
      39;4;-0.707107, 0.707107, 0.000000, 0.000000;;,
      40;4;-0.707107, 0.707107, 0.000000, 0.000000;;;
    }
    AnimationKey { // Scale
      1;
      41;
      0;3; 0.010000, 0.010000, 0.010000;;,
      1;3; 0.010000, 0.010000, 0.010000;;,
      2;3; 0.010000, 0.010000, 0.010000;;,
      3;3; 0.010000, 0.010000, 0.010000;;,
      4;3; 0.010000, 0.010000, 0.010000;;,
      5;3; 0.010000, 0.010000, 0.010000;;,
      6;3; 0.010000, 0.010000, 0.010000;;,
      7;3; 0.010000, 0.010000, 0.010000;;,
      8;3; 0.010000, 0.010000, 0.010000;;,
      9;3; 0.010000, 0.010000, 0.010000;;,
      10;3; 0.010000, 0.010000, 0.010000;;,
      11;3; 0.010000, 0.010000, 0.010000;;,
      12;3; 0.010000, 0.010000, 0.010000;;,
      13;3; 0.010000, 0.010000, 0.010000;;,
      14;3; 0.010000, 0.010000, 0.010000;;,
      15;3; 0.010000, 0.010000, 0.010000;;,
      16;3; 0.010000, 0.010000, 0.010000;;,
      17;3; 0.010000, 0.010000, 0.010000;;,
      18;3; 0.010000, 0.010000, 0.010000;;,
      19;3; 0.010000, 0.010000, 0.010000;;,
      20;3; 0.010000, 0.010000, 0.010000;;,
      21;3; 0.010000, 0.010000, 0.010000;;,
      22;3; 0.010000, 0.010000, 0.010000;;,
      23;3; 0.010000, 0.010000, 0.010000;;,
      24;3; 0.010000, 0.010000, 0.010000;;,
      25;3; 0.010000, 0.010000, 0.010000;;,
      26;3; 0.010000, 0.010000, 0.010000;;,
      27;3; 0.010000, 0.010000, 0.010000;;,
      28;3; 0.010000, 0.010000, 0.010000;;,
      29;3; 0.010000, 0.010000, 0.010000;;,
      30;3; 0.010000, 0.010000, 0.010000;;,
      31;3; 0.010000, 0.010000, 0.010000;;,
      32;3; 0.010000, 0.010000, 0.010000;;,
      33;3; 0.010000, 0.010000, 0.010000;;,
      34;3; 0.010000, 0.010000, 0.010000;;,
      35;3; 0.010000, 0.010000, 0.010000;;,
      36;3; 0.010000, 0.010000, 0.010000;;,
      37;3; 0.010000, 0.010000, 0.010000;;,
      38;3; 0.010000, 0.010000, 0.010000;;,
      39;3; 0.010000, 0.010000, 0.010000;;,
      40;3; 0.010000, 0.010000, 0.010000;;;
    }
    AnimationKey { // Position
      2;
      41;
      0;3; 0.000000, 0.000000, 0.000000;;,
      1;3; 0.000000, 0.000000, 0.000000;;,
      2;3; 0.000000, 0.000000, 0.000000;;,
      3;3; 0.000000, 0.000000, 0.000000;;,
      4;3; 0.000000, 0.000000, 0.000000;;,
      5;3; 0.000000, 0.000000, 0.000000;;,
      6;3; 0.000000, 0.000000, 0.000000;;,
      7;3; 0.000000, 0.000000, 0.000000;;,
      8;3; 0.000000, 0.000000, 0.000000;;,
      9;3; 0.000000, 0.000000, 0.000000;;,
      10;3; 0.000000, 0.000000, 0.000000;;,
      11;3; 0.000000, 0.000000, 0.000000;;,
      12;3; 0.000000, 0.000000, 0.000000;;,
      13;3; 0.000000, 0.000000, 0.000000;;,
      14;3; 0.000000, 0.000000, 0.000000;;,
      15;3; 0.000000, 0.000000, 0.000000;;,
      16;3; 0.000000, 0.000000, 0.000000;;,
      17;3; 0.000000, 0.000000, 0.000000;;,
      18;3; 0.000000, 0.000000, 0.000000;;,
      19;3; 0.000000, 0.000000, 0.000000;;,
      20;3; 0.000000, 0.000000, 0.000000;;,
      21;3; 0.000000, 0.000000, 0.000000;;,
      22;3; 0.000000, 0.000000, 0.000000;;,
      23;3; 0.000000, 0.000000, 0.000000;;,
      24;3; 0.000000, 0.000000, 0.000000;;,
      25;3; 0.000000, 0.000000, 0.000000;;,
      26;3; 0.000000, 0.000000, 0.000000;;,
      27;3; 0.000000, 0.000000, 0.000000;;,
      28;3; 0.000000, 0.000000, 0.000000;;,
      29;3; 0.000000, 0.000000, 0.000000;;,
      30;3; 0.000000, 0.000000, 0.000000;;,
      31;3; 0.000000, 0.000000, 0.000000;;,
      32;3; 0.000000, 0.000000, 0.000000;;,
      33;3; 0.000000, 0.000000, 0.000000;;,
      34;3; 0.000000, 0.000000, 0.000000;;,
      35;3; 0.000000, 0.000000, 0.000000;;,
      36;3; 0.000000, 0.000000, 0.000000;;,
      37;3; 0.000000, 0.000000, 0.000000;;,
      38;3; 0.000000, 0.000000, 0.000000;;,
      39;3; 0.000000, 0.000000, 0.000000;;,
      40;3; 0.000000, 0.000000, 0.000000;;;
    }
  }
  Animation {
    {Armature_mixamorig_Hips}
    AnimationKey { // Rotation
      0;
      41;
      0;4;-0.976071, 0.203598,-0.076213, 0.005071;;,
      1;4;-0.975311, 0.209126,-0.068832, 0.017227;;,
      2;4;-0.974334, 0.214525,-0.061409, 0.029697;;,
      3;4;-0.973201, 0.219646,-0.053869, 0.041642;;,
      4;4;-0.972014, 0.224256,-0.046150, 0.052606;;,
      5;4;-0.970990, 0.228170,-0.038222, 0.060460;;,
      6;4;-0.970192, 0.231065,-0.030539, 0.066367;;,
      7;4;-0.970107, 0.231650,-0.023955, 0.068248;;,
      8;4;-0.971339, 0.226835,-0.020674, 0.067965;;,
      9;4;-0.973075, 0.219664,-0.019001, 0.067176;;,
      10;4;-0.974998, 0.210815,-0.018680, 0.067724;;,
      11;4;-0.976059, 0.205450,-0.017100, 0.069328;;,
      12;4;-0.976833, 0.201461,-0.015165, 0.070575;;,
      13;4;-0.977395, 0.198484,-0.012771, 0.071698;;,
      14;4;-0.977860, 0.196160,-0.010249, 0.072153;;,
      15;4;-0.978133, 0.195889,-0.008372, 0.069380;;,
      16;4;-0.978360, 0.196545,-0.007080, 0.064272;;,
      17;4;-0.978629, 0.197936,-0.007121, 0.055290;;,
      18;4;-0.978861, 0.199286,-0.007836, 0.045326;;,
      19;4;-0.978985, 0.200699,-0.009440, 0.034915;;,
      20;4;-0.978997, 0.202128,-0.011898, 0.023829;;,
      21;4;-0.978846, 0.203642,-0.015111, 0.012690;;,
      22;4;-0.978446, 0.205512,-0.020086, 0.002165;;,
      23;4;-0.977771, 0.207599,-0.028762,-0.006232;;,
      24;4;-0.977194, 0.208635,-0.037767,-0.011710;;,
      25;4;-0.976689, 0.208979,-0.046602,-0.015305;;,
      26;4;-0.976384, 0.208305,-0.054734,-0.016934;;,
      27;4;-0.976070, 0.207368,-0.062666,-0.018938;;,
      28;4;-0.975834, 0.205895,-0.070146,-0.020848;;,
      29;4;-0.975932, 0.202825,-0.076953,-0.022274;;,
      30;4;-0.976241, 0.198713,-0.083222,-0.023270;;,
      31;4;-0.976853, 0.193092,-0.088871,-0.023987;;,
      32;4;-0.977458, 0.187130,-0.094727,-0.024180;;,
      33;4;-0.977923, 0.181468,-0.100792,-0.024021;;,
      34;4;-0.978037, 0.178037,-0.105979,-0.022691;;,
      35;4;-0.978000, 0.176521,-0.109207,-0.020747;;,
      36;4;-0.977908, 0.179012,-0.106570,-0.017107;;,
      37;4;-0.977721, 0.183497,-0.101147,-0.012627;;,
      38;4;-0.977338, 0.189952,-0.093163,-0.007052;;,
      39;4;-0.976784, 0.196786,-0.084662,-0.001093;;,
      40;4;-0.976071, 0.203598,-0.076213, 0.005070;;;
    }
    AnimationKey { // Scale
      1;
      41;
      0;3; 1.000000, 1.000000, 1.000000;;,
      1;3; 1.000000, 1.000000, 1.000000;;,
      2;3; 1.000000, 1.000000, 1.000000;;,
      3;3; 1.000000, 1.000000, 1.000000;;,
      4;3; 1.000000, 1.000000, 1.000000;;,
      5;3; 1.000000, 1.000000, 1.000000;;,
      6;3; 1.000000, 1.000000, 1.000000;;,
      7;3; 1.000000, 1.000000, 1.000000;;,
      8;3; 1.000000, 1.000000, 1.000000;;,
      9;3; 1.000000, 1.000000, 1.000000;;,
      10;3; 1.000000, 1.000000, 1.000000;;,
      11;3; 1.000000, 1.000000, 1.000000;;,
      12;3; 1.000000, 1.000000, 1.000000;;,
      13;3; 1.000000, 1.000000, 1.000000;;,
      14;3; 1.000000, 1.000000, 1.000000;;,
      15;3; 1.000000, 1.000000, 1.000000;;,
      16;3; 1.000000, 1.000000, 1.000000;;,
      17;3; 1.000000, 1.000000, 1.000000;;,
      18;3; 1.000000, 1.000000, 1.000000;;,
      19;3; 1.000000, 1.000000, 1.000000;;,
      20;3; 1.000000, 1.000000, 1.000000;;,
      21;3; 1.000000, 1.000000, 1.000000;;,
      22;3; 1.000000, 1.000000, 1.000000;;,
      23;3; 1.000000, 1.000000, 1.000000;;,
      24;3; 1.000000, 1.000000, 1.000000;;,
      25;3; 1.000000, 1.000000, 1.000000;;,
      26;3; 1.000000, 1.000000, 1.000000;;,
      27;3; 1.000000, 1.000000, 1.000000;;,
      28;3; 1.000000, 1.000000, 1.000000;;,
      29;3; 1.000000, 1.000000, 1.000000;;,
      30;3; 1.000000, 1.000000, 1.000000;;,
      31;3; 1.000000, 1.000000, 1.000000;;,
      32;3; 1.000000, 1.000000, 1.000000;;,
      33;3; 1.000000, 1.000000, 1.000000;;,
      34;3; 1.000000, 1.000000, 1.000000;;,
      35;3; 1.000000, 1.000000, 1.000000;;,
      36;3; 1.000000, 1.000000, 1.000000;;,
      37;3; 1.000000, 1.000000, 1.000000;;,
      38;3; 1.000000, 1.000000, 1.000000;;,
      39;3; 1.000000, 1.000000, 1.000000;;,
      40;3; 1.000000, 1.000000, 1.000000;;;
    }
    AnimationKey { // Position
      2;
      41;
      0;3;-0.151992,90.774452, 0.775733;;,
      1;3;-0.445896,91.112778, 0.530600;;,
      2;3;-0.718705,91.450294, 0.275019;;,
      3;3;-0.923071,91.829262, 0.028401;;,
      4;3;-1.014867,92.216675,-0.241766;;,
      5;3;-1.005005,92.626884,-0.444059;;,
      6;3;-0.935631,93.029327,-0.645483;;,
      7;3;-0.783312,93.401398,-0.703350;;,
      8;3;-0.600599,93.645264,-0.792152;;,
      9;3;-0.407608,93.816154,-0.948807;;,
