xof 0303txt 0032

template XSkinMeshHeader {
  <3cf169ce-ff7c-44ab-93c0-f78f62d172e2>
  WORD nMaxSkinWeightsPerVertex;
  WORD nMaxSkinWeightsPerFace;
  WORD nBones;
}

template SkinWeights {
  <6f0d123b-bad2-4167-a0d0-80224f25fabb>
  STRING transformNodeName;
  DWORD nWeights;
  array DWORD vertexIndices[nWeights];
  array float weights[nWeights];
  Matrix4x4 matrixOffset;
}

Frame Root {
  FrameTransformMatrix {
     1.000000, 0.000000, 0.000000, 0.000000,
     0.000000,-0.000000,-1.000000, 0.000000,
     0.000000, 1.000000,-0.000000, 0.000000,
     0.000000, 0.000000, 0.000000, 1.000000;;
  }
  Frame Armature {
    FrameTransformMatrix {
       0.010000, 0.000000, 0.000000, 0.000000,
       0.000000, 0.010000, 0.000000, 0.000000,
       0.000000, 0.000000, 0.010000, 0.000000,
       0.000000, 0.000000, 0.000000, 1.000000;;
    }
    Frame Armature_Root {
      FrameTransformMatrix {
        -0.947032, 0.268956,-0.175480, 0.000000,
        -0.275148,-0.961333, 0.011496, 0.000000,
        -0.165603, 0.059170, 0.984416, 0.000000,
         0.000000,151.617691,-192.086868, 1.000000;;
      }
      Frame Armature_Spine01 {
        FrameTransformMatrix {
          -0.278675,-0.018836, 0.960201, 0.000000,
           0.921976, 0.274679, 0.272969, 0.000000,
          -0.268888, 0.961351,-0.059180, 0.000000,
          97.524002,-0.000006, 0.000006, 1.000000;;
        }
        Frame Armature_Spine02 {
          FrameTransformMatrix {
            -0.990882, 0.132259, 0.025691, 0.000000,
             0.130496, 0.894693, 0.427195, 0.000000,
             0.033514, 0.426653,-0.903794, 0.000000,
            -0.000023,114.438362,-0.000003, 1.000000;;
          }
          Frame Armature_Chest {
            FrameTransformMatrix {
              -0.749980, 0.533032,-0.391672, 0.000000,
               0.654954, 0.681269,-0.326968, 0.000000,
               0.092549,-0.501746,-0.860050, 0.000000,
              18.667686,123.069191,-1.544882, 1.000000;;
            }
            Frame Armature_Neck01 {
              FrameTransformMatrix {
                 0.875126,-0.483895,-0.000000, 0.000000,
                 0.483895, 0.875126,-0.000000, 0.000000,
                 0.000000,-0.000000, 1.000000, 0.000000,
                -0.000015,126.849648, 0.000011, 1.000000;;
              }
              Frame Armature_Neck02 {
                FrameTransformMatrix {
                   0.889982,-0.455996,-0.000000, 0.000000,
                   0.455996, 0.889982,-0.000000, 0.000000,
                   0.000000, 0.000000, 1.000000, 0.000000,
                   0.000061,122.347343,-0.000042, 1.000000;;
                }
                Frame Armature_Neck03 {
                  FrameTransformMatrix {
                     0.960154,-0.279472, 0.000000, 0.000000,
                     0.279472, 0.960154,-0.000000, 0.000000,
                     0.000000, 0.000000, 1.000000, 0.000000,
                     0.000004,112.527130,-0.000053, 1.000000;;
                  }
                  Frame Armature_Head {
                    FrameTransformMatrix {
                       0.768944,-0.261677, 0.583310, 0.000000,
                      -0.596832, 0.033235, 0.801678, 0.000000,
                      -0.229167,-0.964583,-0.130621, 0.000000,
                      -0.000008,105.244080, 0.000011, 1.000000;;
                    }
                    Frame Armature_Eye_L {
                      FrameTransformMatrix {
                         1.000000, 0.000000,-0.000000, 0.000000,
                         0.000000, 1.000000, 0.000000, 0.000000,
                         0.000000,-0.000000, 1.000000, 0.000000,
                        38.383644,65.654762,-19.017372, 1.000000;;
                      }
                    } // End of Armature_Eye_L
                    Frame Armature_Eye_R {
                      FrameTransformMatrix {
                         1.000000, 0.000000,-0.000000, 0.000000,
                         0.000000,-1.000000, 0.000000, 0.000000,
                        -0.000000,-0.000000,-1.000000, 0.000000,
                        -37.633739,65.697006,-18.222496, 1.000000;;
                      }
                    } // End of Armature_Eye_R
                    Frame Armature_Eye_Under_L {
                      FrameTransformMatrix {
                         1.000000, 0.000000,-0.000000, 0.000000,
                         0.000000, 0.994467, 0.105049, 0.000000,
                         0.000000,-0.105049, 0.994467, 0.000000,
                        27.910278,68.547050,-30.137634, 1.000000;;
                      }
                    } // End of Armature_Eye_Under_L
                    Frame Armature_Eye_Under_R {
                      FrameTransformMatrix {
                         0.983791,-0.179317,-0.000000, 0.000000,
                        -0.179317,-0.983791, 0.000000, 0.000000,
                        -0.000000,-0.000000,-1.000000, 0.000000,
                        -31.522327,68.775047,-23.932686, 1.000000;;
                      }
                    } // End of Armature_Eye_Under_R
                    Frame Armature_Jaw01 {
                      FrameTransformMatrix {
                        -0.000000, 0.124974, 0.992160, 0.000000,
                         0.000000, 0.992160,-0.124974, 0.000000,
                        -1.000000, 0.000000,-0.000000, 0.000000,
                        -0.000057,77.713959,41.943714, 1.000000;;
                      }
                      Frame Armature_Jaw02 {
                        FrameTransformMatrix {
                          -0.778932,-0.627109,-0.000001, 0.000000,
                           0.000001, 0.000000,-1.000000, 0.000000,
                           0.627109,-0.778932, 0.000000, 0.000000,
                          -0.000027,131.770569, 0.000069, 1.000000;;
                        }
                      } // End of Armature_Jaw02
                    } // End of Armature_Jaw01
                    Frame Armature_Tongue01 {
                      FrameTransformMatrix {
                        -0.000002,-0.065750, 0.997836, 0.000000,
                         0.000000, 0.997836, 0.065750, 0.000000,
                        -1.000000, 0.000000,-0.000002, 0.000000,
                        -0.000034,31.774948,21.651550, 1.000000;;
                      }
                      Frame Armature_Tongue02 {
                        FrameTransformMatrix {
                           0.999323,-0.036778,-0.000000, 0.000000,
                           0.036778, 0.999323,-0.000000, 0.000000,
                           0.000000, 0.000000, 1.000000, 0.000000,
                           0.000034,53.169952,-0.000008, 1.000000;;
                        }
                        Frame Armature_Tongue03 {
                          FrameTransformMatrix {
                             0.999072,-0.043065, 0.000000, 0.000000,
                             0.043065, 0.999072,-0.000000, 0.000000,
                            -0.000000, 0.000000, 1.000000, 0.000000,
                            -0.000021,46.743256, 0.000000, 1.000000;;
                          }
                          Frame Armature_Tongue04 {
                            FrameTransformMatrix {
                              -0.962206,-0.272321,-0.000001, 0.000000,
                               0.000000, 0.000003,-1.000000, 0.000000,
                               0.272321,-0.962206,-0.000002, 0.000000,
                              -0.000023,54.004089,-0.000023, 1.000000;;
                            }
                          } // End of Armature_Tongue04
                        } // End of Armature_Tongue03
                      } // End of Armature_Tongue02
                    } // End of Armature_Tongue01
                    Frame Armature_UpperMouth01 {
                      FrameTransformMatrix {
                        -0.000003, 0.094764,-0.995500, 0.000000,
                         0.000001, 0.995500, 0.094764, 0.000000,
                         1.000000,-0.000000,-0.000003, 0.000000,
                         0.000000,97.247719,-15.644047, 1.000000;;
                      }
                      Frame Armature_UpperMouth02 {
                        FrameTransformMatrix {
                           0.995693, 0.092716,-0.000000, 0.000000,
                          -0.000000, 0.000002, 1.000000, 0.000000,
                           0.092716,-0.995693, 0.000002, 0.000000,
                          -0.000013,97.058807,-0.000057, 1.000000;;
                        }
                      } // End of Armature_UpperMouth02
                    } // End of Armature_UpperMouth01
                  } // End of Armature_Head
                } // End of Armature_Neck03
              } // End of Armature_Neck02
            } // End of Armature_Neck01
            Frame Armature_UpperArm_L {
              FrameTransformMatrix {
                 0.926297,-0.362426,-0.103058, 0.000000,
                 0.343754, 0.700849, 0.625014, 0.000000,
                -0.154293,-0.614376, 0.773780, 0.000000,
                -32.905910,-19.313164,82.735840, 1.000000;;
              }
              Frame Armature_LowerArm_L {
                FrameTransformMatrix {
                   0.988928, 0.146333, 0.024668, 0.000000,
                  -0.022472, 0.311981,-0.949822, 0.000000,
                  -0.146687, 0.938752, 0.311815, 0.000000,
                   0.000000,176.291122, 0.000013, 1.000000;;
                }
                Frame Armature_Hand_L {
                  FrameTransformMatrix {
                     0.927460,-0.038955,-0.371888, 0.000000,
                     0.158296, 0.941945, 0.296111, 0.000000,
                     0.338763,-0.333499, 0.879783, 0.000000,
                    -0.000011,171.877838, 0.000000, 1.000000;;
                  }
                  Frame Armature_Index01_L {
                    FrameTransformMatrix {
                       0.999777,-0.020738, 0.004055, 0.000000,
                       0.020953, 0.948051,-0.317428, 0.000000,
                       0.002739, 0.317442, 0.948274, 0.000000,
                      -5.378033,55.339283,-24.943506, 1.000000;;
                    }
                    Frame Armature_Index02_L {
                      FrameTransformMatrix {
                         1.000000,-0.000000, 0.000029, 0.000000,
                        -0.000001, 0.999241, 0.038962, 0.000000,
                        -0.000029,-0.038962, 0.999241, 0.000000,
                        -2.207169,39.770611,-0.317861, 1.000000;;
                      }
                      Frame Armature_Index03_L {
                        FrameTransformMatrix {
                           1.000000, 0.000000, 0.000026, 0.000000,
                          -0.000021, 0.573462, 0.819232, 0.000000,
                          -0.000014,-0.819232, 0.573462, 0.000000,
                          -0.282432,27.569668,-1.050726, 1.000000;;
                        }
                      } // End of Armature_Index03_L
                    } // End of Armature_Index02_L
                  } // End of Armature_Index01_L
                  Frame Armature_Middle01_L {
                    FrameTransformMatrix {
                       0.997438, 0.064516,-0.030899, 0.000000,
                      -0.066263, 0.996038,-0.059304, 0.000000,
                       0.026950, 0.061199, 0.997762, 0.000000,
                      -5.274533,61.946587, 2.297042, 1.000000;;
                    }
                    Frame Armature_Middle02_L {
                      FrameTransformMatrix {
                         1.000000,-0.000001,-0.000004, 0.000000,
                         0.000001, 0.999742, 0.022721, 0.000000,
                         0.000004,-0.022722, 0.999742, 0.000000,
                         0.726905,43.116936, 0.768616, 1.000000;;
                      }
                      Frame Armature_Middle3_L {
                        FrameTransformMatrix {
                           1.000000, 0.000000, 0.000002, 0.000000,
                          -0.000001, 0.573463, 0.819232, 0.000000,
                          -0.000001,-0.819232, 0.573462, 0.000000,
                          -0.189631,32.270203,-0.938929, 1.000000;;
                        }
                      } // End of Armature_Middle3_L
                    } // End of Armature_Middle02_L
                  } // End of Armature_Middle01_L
                  Frame Armature_Pinky01_L {
                    FrameTransformMatrix {
                       0.999960,-0.006735,-0.005890, 0.000000,
                       0.007900, 0.973667, 0.227837, 0.000000,
                       0.004201,-0.227874, 0.973682, 0.000000,
                      -9.550742,54.729042,28.829327, 1.000000;;
                    }
                    Frame Armature_Pinky02_L {
                      FrameTransformMatrix {
                         1.000000, 0.000002, 0.000004, 0.000000,
                        -0.000002, 0.999742, 0.022722, 0.000000,
                        -0.000004,-0.022722, 0.999742, 0.000000,
                         0.112911,39.613895, 0.562994, 1.000000;;
                      }
                      Frame Armature_Pinky03_L {
                        FrameTransformMatrix {
                           1.000000,-0.000001,-0.000003, 0.000000,
                           0.000003, 0.573463, 0.819232, 0.000000,
                           0.000001,-0.819232, 0.573462, 0.000000,
                          -0.189587,32.270279,-0.938937, 1.000000;;
                        }
                      } // End of Armature_Pinky03_L
                    } // End of Armature_Pinky02_L
                  } // End of Armature_Pinky01_L
                  Frame Armature_Thumb01_L {
                    FrameTransformMatrix {
                       0.999762,-0.019929, 0.008861, 0.000000,
                      -0.020675,-0.995353, 0.094054, 0.000000,
                       0.006949,-0.094215,-0.995518, 0.000000,
                      -12.599350,-25.391617, 3.054223, 1.000000;;
                    }
                    Frame Armature_Thumb02_L {
                      FrameTransformMatrix {
                         1.000000,-0.000000, 0.000000, 0.000000,
                         0.000000, 0.999742, 0.022722, 0.000000,
                        -0.000000,-0.022722, 0.999742, 0.000000,
                        -1.729793,36.609947, 0.235080, 1.000000;;
                      }
                    } // End of Armature_Thumb02_L
                  } // End of Armature_Thumb01_L
                } // End of Armature_Hand_L
              } // End of Armature_LowerArm_L
            } // End of Armature_UpperArm_L
            Frame Armature_UpperArm_R {
              FrameTransformMatrix {
                 0.785781,-0.114193,-0.607871, 0.000000,
                -0.252772, 0.837695,-0.484120, 0.000000,
                 0.564494, 0.534066, 0.629381, 0.000000,
                -32.906105,-19.313110,-82.735779, 1.000000;;
              }
              Frame Armature_RowerArm_R {
                FrameTransformMatrix {
                   0.987547, 0.157313,-0.001862, 0.000000,
                  -0.022171, 0.150878, 0.988304, 0.000000,
                   0.155754,-0.975955, 0.152487, 0.000000,
                  -0.000035,176.291321,-0.000002, 1.000000;;
                }
                Frame Armature_Hand_R {
                  FrameTransformMatrix {
                     0.825448,-0.033531, 0.563481, 0.000000,
                     0.295373, 0.876321,-0.380547, 0.000000,
                    -0.481030, 0.480559, 0.733262, 0.000000,
                    -0.000015,171.877350, 0.000068, 1.000000;;
                  }
                  Frame Armature_Index01_R {
                    FrameTransformMatrix {
                       0.997907, 0.017384, 0.062282, 0.000000,
                      -0.035634, 0.951574, 0.305348, 0.000000,
                      -0.053958,-0.306929, 0.950202, 0.000000,
                      -4.365409,56.017700,23.587971, 1.000000;;
                    }
                    Frame Armature_Index02_R {
                      FrameTransformMatrix {
                         0.999593,-0.027996, 0.005410, 0.000000,
                         0.028228, 0.998395,-0.049107, 0.000000,
                        -0.004027, 0.049239, 0.998779, 0.000000,
                         0.922223,39.822739,-0.089628, 1.000000;;
                      }
                      Frame Armature_Index03_R {
                        FrameTransformMatrix {
                          -0.998719, 0.050615, 0.000005, 0.000000,
                          -0.029022,-0.572728, 0.819232, 0.000000,
                           0.041469, 0.818181, 0.573462, 0.000000,
                           1.113377,27.548399, 1.050690, 1.000000;;
                        }
                      } // End of Armature_Index03_R
                    } // End of Armature_Index02_R
                  } // End of Armature_Index01_R
                  Frame Armature_Middle01_R {
                    FrameTransformMatrix {
                       0.996971,-0.001894, 0.077758, 0.000000,
                      -0.001157, 0.999232, 0.039176, 0.000000,
                      -0.077772,-0.039147, 0.996202, 0.000000,
                      -2.675728,62.042576,-3.734685, 1.000000;;
                    }
                    Frame Armature_Middle02_R {
                      FrameTransformMatrix {
                         0.996394, 0.022484,-0.081815, 0.000000,
                        -0.023886, 0.999584,-0.016189, 0.000000,
                         0.081417, 0.018085, 0.996516, 0.000000,
                        -0.485391,43.120655,-0.768946, 1.000000;;
                      }
                      Frame Armature_Middle3_R {
                        FrameTransformMatrix {
                          -0.996632,-0.004223,-0.081897, 0.000000,
                          -0.065007,-0.568092, 0.820393, 0.000000,
                          -0.049990, 0.822953, 0.565905, 0.000000,
                          -0.384427,32.274960, 0.699824, 1.000000;;
                        }
                      } // End of Armature_Middle3_R
                    } // End of Armature_Middle02_R
                  } // End of Armature_Middle01_R
                  Frame Armature_Pinky01_R {
                    FrameTransformMatrix {
                       0.994406,-0.070278, 0.078849, 0.000000,
                       0.089690, 0.956109,-0.278948, 0.000000,
                      -0.055784, 0.284459, 0.957064, 0.000000,
                      -5.944213,54.442387,-30.303303, 1.000000;;
                    }
                    Frame Armature_Pinky02_R {
                      FrameTransformMatrix {
                         1.000000, 0.000001,-0.000003, 0.000000,
                        -0.000001, 0.999460, 0.032845, 0.000000,
                         0.000003,-0.032845, 0.999460, 0.000000,
                        -1.077978,39.593765, 0.897195, 1.000000;;
                      }
                      Frame Armature_Pinky03_R {
                        FrameTransformMatrix {
                           1.000000,-0.000000, 0.000002, 0.000000,
                          -0.000002,-0.523353, 0.852116, 0.000000,
                           0.000001,-0.852116,-0.523353, 0.000000,
                          -1.148788,32.262341, 0.339653, 1.000000;;
                        }
                      } // End of Armature_Pinky03_R
                    } // End of Armature_Pinky02_R
                  } // End of Armature_Pinky01_R
                  Frame Armature_Thumb01_R {
                    FrameTransformMatrix {
                       0.988782,-0.145405, 0.034090, 0.000000,
                      -0.142359,-0.986638,-0.079240, 0.000000,
                       0.045153, 0.073499,-0.996272, 0.000000,
                      -13.441567,-24.940054,-3.187935, 1.000000;;
                    }
                    Frame Armature_Thumb02_R {
                      FrameTransformMatrix {
                        -0.996188, 0.086928, 0.000015, 0.000000,
                        -0.086905,-0.995957, 0.022721, 0.000000,
                         0.001976, 0.022634, 0.999740, 0.000000,
                         1.459071,36.621082,-0.234854, 1.000000;;
                      }
                    } // End of Armature_Thumb02_R
                  } // End of Armature_Thumb01_R
                } // End of Armature_Hand_R
              } // End of Armature_RowerArm_R
            } // End of Armature_UpperArm_R
          } // End of Armature_Chest
          Frame Armature_Wing01_L {
            FrameTransformMatrix {
              -0.569731, 0.574820,-0.587357, 0.000000,
              -0.601678,-0.778576,-0.178335, 0.000000,
              -0.559812, 0.251797, 0.789435, 0.000000,
              -56.105663,20.234108,-89.395538, 1.000000;;
            }
            Frame Armature_Wing02_L {
              FrameTransformMatrix {
                -0.921760,-0.387025, 0.023883, 0.000000,
                 0.386698,-0.922045,-0.017277, 0.000000,
                 0.028708,-0.006690, 0.999566, 0.000000,
                 0.000015,299.244049,-0.000004, 1.000000;;
              }
              Frame Armature_Wing03_L {
                FrameTransformMatrix {
                   0.187523, 0.982222,-0.008651, 0.000000,
                   0.268835,-0.059792,-0.961328, 0.000000,
                  -0.944755, 0.177945,-0.275268, 0.000000,
                   0.000004,468.655151,-0.000080, 1.000000;;
                }
                Frame Armature_WingIndex01_L {
                  FrameTransformMatrix {
                     0.707360, 0.706843, 0.003759, 0.000000,
                    -0.706848, 0.707365, 0.000079, 0.000000,
                    -0.002603,-0.002713, 0.999993, 0.000000,
                     0.000053,40.398335, 0.000000, 1.000000;;
                  }
                  Frame Armature_WingIndex02_L {
                    FrameTransformMatrix {
                       0.957455, 0.284941,-0.045698, 0.000000,
                      -0.286235, 0.957841,-0.024698, 0.000000,
                       0.036734, 0.036728, 0.998650, 0.000000,
                       0.000031,209.264526, 0.000013, 1.000000;;
                    }
                    Frame Armature_WingIndex03_L {
                      FrameTransformMatrix {
                         0.479600, 0.259207, 0.838329, 0.000000,
                         0.737507, 0.398596,-0.545165, 0.000000,
                        -0.475466, 0.879735,-0.000000, 0.000000,
                         0.000018,228.365158,-0.000011, 1.000000;;
                      }
                    } // End of Armature_WingIndex03_L
                  } // End of Armature_WingIndex02_L
                } // End of Armature_WingIndex01_L
                Frame Armature_WingMiddle01_L {
                  FrameTransformMatrix {
                     0.526401, 0.850100, 0.015245, 0.000000,
                    -0.850168, 0.526502,-0.003255, 0.000000,
                    -0.010793,-0.011247, 0.999879, 0.000000,
                    -18.335529,37.623680,-3.889099, 1.000000;;
                  }
                  Frame Armature_WingMiddle02_L {
                    FrameTransformMatrix {
                       0.992900, 0.117832,-0.016290, 0.000000,
                      -0.117914, 0.993015,-0.004138, 0.000000,
                       0.015689, 0.006029, 0.999859, 0.000000,
                       0.000013,205.206253,-0.000008, 1.000000;;
                    }
                    Frame Armature_WingMiddle04_L {
                      FrameTransformMatrix {
                        -0.946809,-0.303649, 0.106535, 0.000000,
                        -0.304714, 0.952422, 0.006532, 0.000000,
                        -0.103450,-0.026278,-0.994287, 0.000000,
                        -7.270284,370.676208,-3.474437, 1.000000;;
                      }
                      Frame Armature_WingMiddle05_L {
                        FrameTransformMatrix {
                          -0.493034,-0.030230,-0.869485, 0.000000,
                          -0.867855,-0.053212, 0.493960, 0.000000,
                          -0.061199, 0.998125, 0.000000, 0.000000,
                          -31.631268,539.507141,-7.139715, 1.000000;;
                        }
                      } // End of Armature_WingMiddle05_L
                    } // End of Armature_WingMiddle04_L
                  } // End of Armature_WingMiddle02_L
                } // End of Armature_WingMiddle01_L
                Frame Armature_WingPinky01_L {
                  FrameTransformMatrix {
                    -0.252966,-0.964142, 0.080241, 0.000000,
                    -0.965387, 0.256997, 0.044508, 0.000000,
                    -0.063534,-0.066205,-0.995781, 0.000000,
                    -61.174324,16.226538,-8.790413, 1.000000;;
                  }
                  Frame Armature_WingPinky02_L {
                    FrameTransformMatrix {
                       0.977515,-0.197933, 0.072713, 0.000000,
                       0.195876, 0.980022, 0.034484, 0.000000,
                      -0.078086,-0.019466, 0.996756, 0.000000,
                      -0.000009,195.337570,-0.000001, 1.000000;;
                    }
                    Frame Armature_WingPinky04_L {
                      FrameTransformMatrix {
                         0.969579,-0.244774, 0.001310, 0.000000,
                         0.244773, 0.969580, 0.001083, 0.000000,
                        -0.001536,-0.000729, 0.999999, 0.000000,
                         0.229244,253.069885, 3.635024, 1.000000;;
                      }
                      Frame Armature_WingPinky05_L {
                        FrameTransformMatrix {
                          -0.445037,-0.367401,-0.816675, 0.000000,
                          -0.629791,-0.519924, 0.577098, 0.000000,
                          -0.636636, 0.771165,-0.000000, 0.000000,
                          -10.885807,281.533966,-8.118977, 1.000000;;
                        }
                      } // End of Armature_WingPinky05_L
                    } // End of Armature_WingPinky04_L
                  } // End of Armature_WingPinky02_L
                } // End of Armature_WingPinky01_L
                Frame Armature_WingRing01_L {
                  FrameTransformMatrix {
                     0.413673, 0.907668, 0.070799, 0.000000,
                    -0.908943, 0.416185,-0.024750, 0.000000,
                    -0.051930,-0.054114, 0.997183, 0.000000,
                    -39.982086,25.864653,-5.638363, 1.000000;;
                  }
                  Frame Armature_WingRing02_L {
                    FrameTransformMatrix {
                      -0.972438,-0.142164, 0.184806, 0.000000,
                      -0.143708, 0.989607, 0.005080, 0.000000,
                      -0.183608,-0.021618,-0.982762, 0.000000,
                       0.000002,199.690094, 0.000004, 1.000000;;
                    }
                    Frame Armature_WingRing04_L {
                      FrameTransformMatrix {
                         0.959317,-0.279679, 0.038613, 0.000000,
                         0.279406, 0.960093, 0.012408, 0.000000,
                        -0.040543,-0.001115, 0.999177, 0.000000,
                        14.586174,326.020935, 6.447884, 1.000000;;
                      }
                      Frame Armature_WingRing05_L {
                        FrameTransformMatrix {
                          -0.501265,-0.161078,-0.850169, 0.000000,
                          -0.809405,-0.260096, 0.526509, 0.000000,
                          -0.305934, 0.952053,-0.000000, 0.000000,
                          -34.832039,405.853333,-4.218767, 1.000000;;
                        }
                      } // End of Armature_WingRing05_L
                    } // End of Armature_WingRing04_L
                  } // End of Armature_WingRing02_L
                } // End of Armature_WingRing01_L
              } // End of Armature_Wing03_L
              Frame Armature_WingThumb01_L {
                FrameTransformMatrix {
                   0.009963,-0.000785,-0.000337, 0.000000,
                  -0.000797,-0.009962,-0.000354, 0.000000,
                  -0.000308, 0.000380,-0.009988, 0.000000,
                  22.584280,-147.901764,-4.444811, 1.000000;;
                }
              } // End of Armature_WingThumb01_L
            } // End of Armature_Wing02_L
          } // End of Armature_Wing01_L
          Frame Armature_Wing01_R {
            FrameTransformMatrix {
               0.583986,-0.523539,-0.620377, 0.000000,
              -0.715008,-0.693589,-0.087743, 0.000000,
              -0.384350, 0.494815,-0.779380, 0.000000,
              -56.106007,20.234142,89.395615, 1.000000;;
            }
            Frame Armature_Wing02_R {
              FrameTransformMatrix {
                -0.935632, 0.352203,-0.023372, 0.000000,
                -0.351871,-0.935891,-0.017208, 0.000000,
                -0.027934,-0.007877, 0.999579, 0.000000,
                -0.000014,299.244202,-0.000009, 1.000000;;
              }
              Frame Armature_Wing03_R {
                FrameTransformMatrix {
                  -0.024803,-0.966828,-0.254221, 0.000000,
                  -0.374915, 0.244735,-0.894172, 0.000000,
                   0.926727, 0.073133,-0.368548, 0.000000,
                  -0.000023,468.655029,-0.000027, 1.000000;;
                }
                Frame Armature_WingIndex01_R {
                  FrameTransformMatrix {
                     0.715754,-0.698343,-0.003768, 0.000000,
                     0.698348, 0.715758, 0.000124, 0.000000,
                     0.002611,-0.002720, 0.999993, 0.000000,
                    -0.000039,40.398014,-0.000038, 1.000000;;
                  }
                  Frame Armature_WingIndex02_R {
                    FrameTransformMatrix {
                       0.957453,-0.284947, 0.045705, 0.000000,
                       0.286241, 0.957839,-0.024701, 0.000000,
                      -0.036740, 0.036733, 0.998650, 0.000000,
                      -0.000031,209.265274, 0.000000, 1.000000;;
                    }
                    Frame Armature_WingIndex03_R {
                      FrameTransformMatrix {
                         0.479598,-0.259205,-0.838331, 0.000000,
                         0.737510,-0.398595, 0.545162, 0.000000,
                        -0.475463,-0.879736, 0.000001, 0.000000,
                         0.000061,228.364502, 0.000019, 1.000000;;
                      }
                    } // End of Armature_WingIndex03_R
                  } // End of Armature_WingIndex02_R
                } // End of Armature_WingIndex01_R
                Frame Armature_WingMiddle01_R {
                  FrameTransformMatrix {
                     0.518919,-0.854688,-0.015223, 0.000000,
                     0.854756, 0.519020,-0.003391, 0.000000,
                     0.010799,-0.011252, 0.999878, 0.000000,
                    18.335278,37.623669,-3.888924, 1.000000;;
                  }
                  Frame Armature_WingMiddle02_R {
                    FrameTransformMatrix {
                       0.992900,-0.117831, 0.016296, 0.000000,
                       0.117912, 0.993015,-0.004139, 0.000000,
                      -0.015694, 0.006031, 0.999859, 0.000000,
                       0.000015,205.206207,-0.000008, 1.000000;;
                    }
                    Frame Armature_WingMiddle04_R {
                      FrameTransformMatrix {
                        -0.946811, 0.303651,-0.106511, 0.000000,
                         0.304716, 0.952420, 0.006531, 0.000000,
                         0.103426,-0.026272,-0.994290, 0.000000,
                         4.796455,414.726471,-2.164349, 1.000000;;
                      }
                      Frame Armature_WingMiddle05_R {
                        FrameTransformMatrix {
                          -0.493050, 0.030231, 0.869476, 0.000000,
                          -0.867846, 0.053211,-0.493976, 0.000000,
                          -0.061199,-0.998125, 0.000000, 0.000000,
                          16.053230,498.297729,-4.423950, 1.000000;;
                        }
                      } // End of Armature_WingMiddle05_R
                    } // End of Armature_WingMiddle04_R
                  } // End of Armature_WingMiddle02_R
                } // End of Armature_WingMiddle01_R
                Frame Armature_WingPinky01_R {
                  FrameTransformMatrix {
                    -0.247278, 0.965639,-0.079970, 0.000000,
                     0.966860, 0.251316, 0.044976, 0.000000,
                     0.063528,-0.066198,-0.995782, 0.000000,
                    61.174225,16.226700,-8.790703, 1.000000;;
                  }
                  Frame Armature_WingPinky02_R {
                    FrameTransformMatrix {
                       0.977515, 0.197936,-0.072710, 0.000000,
                      -0.195878, 0.980022, 0.034484, 0.000000,
                       0.078083,-0.019466, 0.996757, 0.000000,
                      -0.000031,195.337769, 0.000000, 1.000000;;
                    }
                    Frame Armature_WingPinky04_R {
                      FrameTransformMatrix {
                         0.969580, 0.244773,-0.001310, 0.000000,
                        -0.244772, 0.969580, 0.001081, 0.000000,
                         0.001534,-0.000728, 0.999999, 0.000000,
                        -9.829599,246.306503, 2.711313, 1.000000;;
                      }
                      Frame Armature_WingPinky05_R {
                        FrameTransformMatrix {
                          -0.445037, 0.367399, 0.816676, 0.000000,
                          -0.629793, 0.519924,-0.577096, 0.000000,
                          -0.636634,-0.771166, 0.000000, 0.000000,
                          21.847832,285.742310,-7.185287, 1.000000;;
                        }
                      } // End of Armature_WingPinky05_R
                    } // End of Armature_WingPinky04_R
                  } // End of Armature_WingPinky02_R
                } // End of Armature_WingPinky01_R
                Frame Armature_WingRing01_R {
                  FrameTransformMatrix {
                     0.410745,-0.909003,-0.070729, 0.000000,
                     0.910269, 0.413262,-0.024983, 0.000000,
                     0.051939,-0.054121, 0.997183, 0.000000,
                    39.981998,25.864456,-5.638680, 1.000000;;
                  }
                  Frame Armature_WingRing02_R {
                    FrameTransformMatrix {
                      -0.972430, 0.142168,-0.184844, 0.000000,
                       0.143713, 0.989606, 0.005081, 0.000000,
                       0.183645,-0.021624,-0.982755, 0.000000,
                      -0.000008,199.690552, 0.000031, 1.000000;;
                    }
                    Frame Armature_WingRing04_R {
                      FrameTransformMatrix {
                         0.959316, 0.279678,-0.038642, 0.000000,
                        -0.279405, 0.960093, 0.012417, 0.000000,
                         0.040573,-0.001115, 0.999176, 0.000000,
                        -13.788967,362.525970, 6.754248, 1.000000;;
                      }
                      Frame Armature_WingRing05_R {
                        FrameTransformMatrix {
                          -0.501261, 0.161076, 0.850171, 0.000000,
                          -0.809408, 0.260096,-0.526506, 0.000000,
                          -0.305934,-0.952053, 0.000000, 0.000000,
                          23.869011,371.023865,-4.515358, 1.000000;;
                        }
                      } // End of Armature_WingRing05_R
                    } // End of Armature_WingRing04_R
                  } // End of Armature_WingRing02_R
                } // End of Armature_WingRing01_R
              } // End of Armature_Wing03_R
              Frame Armature_WingThumb01_R {
                FrameTransformMatrix {
                   0.009964, 0.000785, 0.000338, 0.000000,
                   0.000797,-0.009962,-0.000354, 0.000000,
                   0.000309, 0.000380,-0.009988, 0.000000,
                  -27.368275,-152.163559,-4.530759, 1.000000;;
                }
              } // End of Armature_WingThumb01_R
            } // End of Armature_Wing02_R
          } // End of Armature_Wing01_R
        } // End of Armature_Spine02
      } // End of Armature_Spine01
      Frame Armature_UpperLeg_L {
        FrameTransformMatrix {
           0.077377, 0.913974,-0.398327, 0.000000,
          -0.990954, 0.114442, 0.070095, 0.000000,
           0.109650, 0.389300, 0.914561, 0.000000,
           6.620104,85.229698,-42.187714, 1.000000;;
        }
        Frame Armature_LowerLeg_L {
          FrameTransformMatrix {
            -0.662024,-0.712639, 0.232098, 0.000000,
             0.679336,-0.701374,-0.215816, 0.000000,
             0.316587, 0.014798, 0.948448, 0.000000,
             0.000011,179.437607, 0.000003, 1.000000;;
          }
          Frame Armature_Feet_L {
            FrameTransformMatrix {
               0.311405,-0.602606, 0.734773, 0.000000,
               0.525451, 0.753453, 0.395234, 0.000000,
              -0.791788, 0.263010, 0.551270, 0.000000,
              -0.000013,155.874390, 0.000015, 1.000000;;
            }
            Frame Armature_IndexToe01_L {
              FrameTransformMatrix {
                 0.999888,-0.014931,-0.001308, 0.000000,
                 0.014005, 0.961815,-0.273343, 0.000000,
                 0.005339, 0.273294, 0.961916, 0.000000,
                -3.430718,25.755116,-25.501066, 1.000000;;
              }
              Frame Armature_IndexToe02_L {
                FrameTransformMatrix {
                   1.000000, 0.000000,-0.000269, 0.000000,
                   0.000006, 0.999742, 0.022721, 0.000000,
                   0.000269,-0.022721, 0.999742, 0.000000,
                  -2.437510,28.115887,-0.141929, 1.000000;;
                }
                Frame Armature_IndexToe03_L {
                  FrameTransformMatrix {
                     1.000000,-0.000000, 0.000002, 0.000000,
                    -0.000001, 0.573462, 0.819232, 0.000000,
                    -0.000001,-0.819232, 0.573462, 0.000000,
                    -0.282479,27.569702,-1.050720, 1.000000;;
                  }
                } // End of Armature_IndexToe03_L
              } // End of Armature_IndexToe02_L
            } // End of Armature_IndexToe01_L
            Frame Armature_MiddleToe01_L {
              FrameTransformMatrix {
                 0.996910, 0.072713,-0.029733, 0.000000,
                -0.068525, 0.989979, 0.123473, 0.000000,
                 0.038413,-0.121054, 0.991903, 0.000000,
                -3.218593,31.106079,-5.303353, 1.000000;;
              }
              Frame Armature_MiddleToe02_L {
                FrameTransformMatrix {
                   1.000000, 0.000000, 0.000001, 0.000000,
                  -0.000000, 0.999742, 0.022721, 0.000000,
                  -0.000001,-0.022721, 0.999742, 0.000000,
                   0.028332,36.646286, 0.243326, 1.000000;;
                }
                Frame Armature_MiddleToe03_L {
                  FrameTransformMatrix {
                     1.000000, 0.000000,-0.000000, 0.000000,
                     0.000000, 0.573462, 0.819232, 0.000000,
                     0.000000,-0.819232, 0.573462, 0.000000,
                    -0.189620,32.270283,-0.938955, 1.000000;;
                  }
                } // End of Armature_MiddleToe03_L
              } // End of Armature_MiddleToe02_L
            } // End of Armature_MiddleToe01_L
            Frame Armature_PinkyToe01_L {
              FrameTransformMatrix {
                 0.999946,-0.000271,-0.010429, 0.000000,
                 0.004596, 0.908855, 0.417088, 0.000000,
                 0.009365,-0.417113, 0.908807, 0.000000,
                -7.263629,23.997833,14.883968, 1.000000;;
              }
              Frame Armature_PinkyToe02_L {
                FrameTransformMatrix {
