xof 0303txt 0032

template XSkinMeshHeader {
  <3cf169ce-ff7c-44ab-93c0-f78f62d172e2>
  WORD nMaxSkinWeightsPerVertex;
  WORD nMaxSkinWeightsPerFace;
  WORD nBones;
}

template SkinWeights {
  <6f0d123b-bad2-4167-a0d0-80224f25fabb>
  STRING transformNodeName;
  DWORD nWeights;
  array DWORD vertexIndices[nWeights];
  array float weights[nWeights];
  Matrix4x4 matrixOffset;
}

Frame Root {
  FrameTransformMatrix {
     1.000000, 0.000000, 0.000000, 0.000000,
     0.000000,-0.000000,-1.000000, 0.000000,
     0.000000, 1.000000,-0.000000, 0.000000,
     0.000000, 0.000000, 0.000000, 1.000000;;
  }
  Frame Armature {
    FrameTransformMatrix {
       0.010000, 0.000000, 0.000000, 0.000000,
       0.000000, 0.010000, 0.000000, 0.000000,
       0.000000, 0.000000, 0.010000, 0.000000,
       0.000000, 0.000000, 0.000000, 1.000000;;
    }
    Frame Armature_Root {
      FrameTransformMatrix {
        -0.000000,-0.997586,-0.069449, 0.000000,
         1.000000,-0.000000,-0.000000, 0.000000,
         0.000000,-0.069449, 0.997586, 0.000000,
        -0.000000,115.898033,723.438171, 1.000000;;
      }
      Frame Armature_Spine01 {
        FrameTransformMatrix {
           0.095534, 0.000024, 0.995426, 0.000000,
           0.995426,-0.000006,-0.095534, 0.000000,
           0.000004, 1.000000,-0.000024, 0.000000,
          97.523994, 0.000000, 0.000012, 1.000000;;
        }
        Frame Armature_Spine02 {
          FrameTransformMatrix {
            -0.992317, 0.123717, 0.000024, 0.000000,
             0.123717, 0.992317,-0.000003, 0.000000,
            -0.000025,-0.000000,-1.000000, 0.000000,
            -0.000011,114.438362,-0.000000, 1.000000;;
          }
          Frame Armature_Chest {
            FrameTransformMatrix {
              -0.810514, 0.585719,-0.000000, 0.000000,
               0.585719, 0.810515, 0.000000, 0.000000,
               0.000000,-0.000000,-1.000000, 0.000000,
              -0.000026,127.459351, 0.000000, 1.000000;;
            }
            Frame Armature_Neck01 {
              FrameTransformMatrix {
                 0.937243,-0.348676,-0.000000, 0.000000,
                 0.348676, 0.937243,-0.000000, 0.000000,
                 0.000000, 0.000000, 1.000000, 0.000000,
                -0.000046,126.849640, 0.000002, 1.000000;;
              }
              Frame Armature_Neck02 {
                FrameTransformMatrix {
                   0.952773,-0.303683,-0.000000, 0.000000,
                   0.303683, 0.952773,-0.000000, 0.000000,
                   0.000000, 0.000000, 1.000000, 0.000000,
                   0.000000,122.347343,-0.000000, 1.000000;;
                }
                Frame Armature_Neck03 {
                  FrameTransformMatrix {
                     0.983423,-0.181327,-0.000000, 0.000000,
                     0.181327, 0.983423,-0.000000, 0.000000,
                     0.000000,-0.000000, 1.000000, 0.000000,
                    -0.000006,112.527107,-0.000001, 1.000000;;
                  }
                  Frame Armature_Head {
                    FrameTransformMatrix {
                      -0.000000, 0.000000, 1.000000, 0.000000,
                      -0.350765, 0.936463,-0.000000, 0.000000,
                      -0.936463,-0.350765,-0.000000, 0.000000,
                       0.000038,105.244026,-0.000000, 1.000000;;
                    }
                    Frame Armature_Eye_L {
                      FrameTransformMatrix {
                         1.000000,-0.000000,-0.000000, 0.000000,
                         0.000000, 1.000000,-0.000000, 0.000000,
                         0.000000,-0.000000, 1.000000, 0.000000,
                        34.315437,64.830757,-31.983624, 1.000000;;
                      }
                    } // End of Armature_Eye_L
                    Frame Armature_Eye_R {
                      FrameTransformMatrix {
                         1.000000,-0.000000,-0.000000, 0.000000,
                        -0.000000,-1.000000, 0.000000, 0.000000,
                        -0.000000,-0.000000,-1.000000, 0.000000,
                        -34.315403,64.831207,-31.984028, 1.000000;;
                      }
                    } // End of Armature_Eye_R
                    Frame Armature_Eye_Under_L {
                      FrameTransformMatrix {
                         1.000000,-0.000000,-0.000000, 0.000000,
                         0.000000, 1.000000,-0.000000, 0.000000,
                         0.000000,-0.000000, 1.000000, 0.000000,
                        38.478424,70.034714,-12.224483, 1.000000;;
                      }
                    } // End of Armature_Eye_Under_L
                    Frame Armature_Eye_Under_R {
                      FrameTransformMatrix {
                         1.000000,-0.000000,-0.000000, 0.000000,
                        -0.000000,-1.000000, 0.000000, 0.000000,
                        -0.000000,-0.000000,-1.000000, 0.000000,
                        -38.478401,70.035194,-12.224019, 1.000000;;
                      }
                    } // End of Armature_Eye_Under_R
                    Frame Armature_Jaw01 {
                      FrameTransformMatrix {
                        -0.000000, 0.124974, 0.992160, 0.000000,
                         0.000000, 0.992160,-0.124974, 0.000000,
                        -1.000000, 0.000000,-0.000000, 0.000000,
                         0.000002,77.713966,41.943649, 1.000000;;
                      }
                      Frame Armature_Jaw02 {
                        FrameTransformMatrix {
                          -0.778932,-0.627109,-0.000001, 0.000000,
                           0.000001, 0.000000,-1.000000, 0.000000,
                           0.627109,-0.778932, 0.000000, 0.000000,
                          -0.000008,131.770584, 0.000000, 1.000000;;
                        }
                      } // End of Armature_Jaw02
                    } // End of Armature_Jaw01
                    Frame Armature_Tongue01 {
                      FrameTransformMatrix {
                        -0.000002,-0.065750, 0.997836, 0.000000,
                         0.000000, 0.997836, 0.065750, 0.000000,
                        -1.000000, 0.000000,-0.000002, 0.000000,
                         0.000002,31.774940,21.651581, 1.000000;;
                      }
                      Frame Armature_Tongue02 {
                        FrameTransformMatrix {
                           0.999323,-0.036778,-0.000000, 0.000000,
                           0.036778, 0.999323,-0.000000, 0.000000,
                           0.000000, 0.000000, 1.000000, 0.000000,
                           0.000046,53.169952, 0.000000, 1.000000;;
                        }
                        Frame Armature_Tongue03 {
                          FrameTransformMatrix {
                             0.999072,-0.043065, 0.000000, 0.000000,
                             0.043065, 0.999072,-0.000000, 0.000000,
                            -0.000000, 0.000000, 1.000000, 0.000000,
                            -0.000046,46.743225,-0.000000, 1.000000;;
                          }
                          Frame Armature_Tongue04 {
                            FrameTransformMatrix {
                              -0.962206,-0.272321,-0.000001, 0.000000,
                               0.000000, 0.000003,-1.000000, 0.000000,
                               0.272321,-0.962206,-0.000002, 0.000000,
                               0.000000,54.003952, 0.000000, 1.000000;;
                            }
                          } // End of Armature_Tongue04
                        } // End of Armature_Tongue03
                      } // End of Armature_Tongue02
                    } // End of Armature_Tongue01
                    Frame Armature_UpperMouth01 {
                      FrameTransformMatrix {
                        -0.000003, 0.094764,-0.995500, 0.000000,
                         0.000001, 0.995500, 0.094764, 0.000000,
                         1.000000,-0.000000,-0.000003, 0.000000,
                        -0.000001,97.247726,-15.644089, 1.000000;;
                      }
                      Frame Armature_UpperMouth02 {
                        FrameTransformMatrix {
                           0.995693, 0.092716,-0.000000, 0.000000,
                          -0.000000, 0.000002, 1.000000, 0.000000,
                           0.092716,-0.995693, 0.000002, 0.000000,
                           0.000031,97.058823, 0.000000, 1.000000;;
                        }
                      } // End of Armature_UpperMouth02
                    } // End of Armature_UpperMouth01
                  } // End of Armature_Head
                } // End of Armature_Neck03
              } // End of Armature_Neck02
            } // End of Armature_Neck01
            Frame Armature_UpperArm_L {
              FrameTransformMatrix {
                -0.288130, 0.422404, 0.859393, 0.000000,
                -0.558452,-0.803158, 0.207531, 0.000000,
                 0.777890,-0.420134, 0.467306, 0.000000,
                -32.905914,-19.313225,82.735840, 1.000000;;
              }
              Frame Armature_LowerArm_L {
                FrameTransformMatrix {
                   0.985963, 0.088958, 0.141291, 0.000000,
                   0.025839, 0.754749,-0.655505, 0.000000,
                  -0.164952, 0.649954, 0.741856, 0.000000,
                  -0.000005,176.291107,-0.000069, 1.000000;;
                }
                Frame Armature_Hand_L {
                  FrameTransformMatrix {
                    -0.069563,-0.986205,-0.150199, 0.000000,
                     0.652160, 0.068976,-0.754936, 0.000000,
                     0.754882,-0.150469, 0.638366, 0.000000,
                    -0.000040,171.877838,-0.000004, 1.000000;;
                  }
                  Frame Armature_Index01_L {
                    FrameTransformMatrix {
                       0.373202, 0.873668,-0.312128, 0.000000,
                      -0.927227, 0.362542,-0.093877, 0.000000,
                       0.031142, 0.324448, 0.945391, 0.000000,
                      -5.378018,55.339340,-24.943567, 1.000000;;
                    }
                    Frame Armature_Index02_L {
                      FrameTransformMatrix {
                         0.168486, 0.985645,-0.010827, 0.000000,
                        -0.983220, 0.168830, 0.069106, 0.000000,
                         0.069942,-0.000998, 0.997551, 0.000000,
                        -2.207210,39.770653,-0.317847, 1.000000;;
                      }
                      Frame Armature_Index03_L {
                        FrameTransformMatrix {
                           1.000000, 0.000000, 0.000026, 0.000000,
                          -0.000021, 0.573462, 0.819232, 0.000000,
                          -0.000014,-0.819232, 0.573462, 0.000000,
                          -0.282497,27.569735,-1.050737, 1.000000;;
                        }
                      } // End of Armature_Index03_L
                    } // End of Armature_Index02_L
                  } // End of Armature_Index01_L
                  Frame Armature_Middle01_L {
                    FrameTransformMatrix {
                       0.259016, 0.938882, 0.226742, 0.000000,
                      -0.963432, 0.267819,-0.008408, 0.000000,
                      -0.068620,-0.216273, 0.973918, 0.000000,
                      -5.274523,61.946632, 2.296997, 1.000000;;
                    }
                    Frame Armature_Middle02_L {
                      FrameTransformMatrix {
                         0.193654, 0.951867,-0.237588, 0.000000,
                        -0.908749, 0.265296, 0.322168, 0.000000,
                         0.369693, 0.153519, 0.916384, 0.000000,
                         0.726952,43.116924, 0.768612, 1.000000;;
                      }
                      Frame Armature_Middle3_L {
                        FrameTransformMatrix {
                           1.000000, 0.000000, 0.000002, 0.000000,
                          -0.000001, 0.573463, 0.819232, 0.000000,
                          -0.000001,-0.819232, 0.573462, 0.000000,
                          -0.189675,32.270325,-0.938929, 1.000000;;
                        }
                      } // End of Armature_Middle3_L
                    } // End of Armature_Middle02_L
                  } // End of Armature_Middle01_L
                  Frame Armature_Pinky01_L {
                    FrameTransformMatrix {
                       0.260831, 0.940234, 0.218921, 0.000000,
                      -0.965375, 0.253047, 0.063386, 0.000000,
                       0.004201,-0.227874, 0.973682, 0.000000,
                      -9.550728,54.729088,28.829294, 1.000000;;
                    }
                    Frame Armature_Pinky02_L {
                      FrameTransformMatrix {
                         0.218151, 0.975663, 0.022175, 0.000000,
                        -0.975915, 0.218095, 0.004953, 0.000000,
                        -0.000004,-0.022722, 0.999742, 0.000000,
                         0.112923,39.613937, 0.562954, 1.000000;;
                      }
                      Frame Armature_Pinky03_L {
                        FrameTransformMatrix {
                           1.000000,-0.000001,-0.000003, 0.000000,
                           0.000003, 0.573463, 0.819232, 0.000000,
                           0.000001,-0.819232, 0.573462, 0.000000,
                          -0.189636,32.270287,-0.938931, 1.000000;;
                        }
                      } // End of Armature_Pinky03_L
                    } // End of Armature_Pinky02_L
                  } // End of Armature_Pinky01_L
                  Frame Armature_Thumb01_L {
                    FrameTransformMatrix {
                       0.060805,-0.993670, 0.094463, 0.000000,
                      -0.998125,-0.061190,-0.001172, 0.000000,
                       0.006949,-0.094215,-0.995518, 0.000000,
                      -12.599356,-25.391586, 3.054182, 1.000000;;
                    }
                    Frame Armature_Thumb02_L {
                      FrameTransformMatrix {
                         1.000000,-0.000000, 0.000000, 0.000000,
                         0.000000, 0.999742, 0.022722, 0.000000,
                        -0.000000,-0.022722, 0.999742, 0.000000,
                        -1.729753,36.609943, 0.235085, 1.000000;;
                      }
                    } // End of Armature_Thumb02_L
                  } // End of Armature_Thumb01_L
                } // End of Armature_Hand_L
              } // End of Armature_LowerArm_L
            } // End of Armature_UpperArm_L
            Frame Armature_UpperArm_R {
              FrameTransformMatrix {
                -0.204864, 0.411976,-0.887866, 0.000000,
                -0.618816,-0.757327,-0.208621, 0.000000,
                -0.758351, 0.506687, 0.410087, 0.000000,
                -32.906105,-19.313103,-82.735794, 1.000000;;
              }
              Frame Armature_RowerArm_R {
                FrameTransformMatrix {
                   0.980312, 0.066320,-0.185987, 0.000000,
                   0.037363, 0.862590, 0.504522, 0.000000,
                   0.193891,-0.501538, 0.843129, 0.000000,
                   0.000051,176.291290,-0.000004, 1.000000;;
                }
                Frame Armature_Hand_R {
                  FrameTransformMatrix {
                     0.093097,-0.994372, 0.050563, 0.000000,
                     0.570807, 0.094912, 0.815580, 0.000000,
                    -0.815789,-0.047066, 0.576430, 0.000000,
                    -0.000006,171.877365,-0.000019, 1.000000;;
                  }
                  Frame Armature_Index01_R {
                    FrameTransformMatrix {
                       0.200281, 0.928924, 0.311429, 0.000000,
                      -0.978252, 0.207112, 0.011349, 0.000000,
                      -0.053958,-0.306929, 0.950202, 0.000000,
                      -4.365367,56.017735,23.587971, 1.000000;;
                    }
                    Frame Armature_Index02_R {
                      FrameTransformMatrix {
                         0.286035, 0.957113,-0.046032, 0.000000,
                        -0.958211, 0.285500,-0.017938, 0.000000,
                        -0.004027, 0.049239, 0.998779, 0.000000,
                         0.922201,39.822716,-0.089612, 1.000000;;
                      }
                      Frame Armature_Index03_R {
                        FrameTransformMatrix {
                          -0.998719, 0.050615, 0.000005, 0.000000,
                          -0.029022,-0.572728, 0.819232, 0.000000,
                           0.041469, 0.818181, 0.573462, 0.000000,
                           1.113347,27.548414, 1.050563, 1.000000;;
                        }
                      } // End of Armature_Index03_R
                    } // End of Armature_Index02_R
                  } // End of Armature_Index01_R
                  Frame Armature_Middle01_R {
                    FrameTransformMatrix {
                       0.313094, 0.947717, 0.061684, 0.000000,
                      -0.946533, 0.316702,-0.061449, 0.000000,
                      -0.077772,-0.039147, 0.996202, 0.000000,
                      -2.675732,62.042633,-3.734673, 1.000000;;
                    }
                    Frame Armature_Middle02_R {
                      FrameTransformMatrix {
                         0.280682, 0.958953,-0.040335, 0.000000,
                        -0.956341, 0.282988, 0.072999, 0.000000,
                         0.081417, 0.018085, 0.996516, 0.000000,
                        -0.485382,43.120640,-0.768911, 1.000000;;
                      }
                      Frame Armature_Middle3_R {
                        FrameTransformMatrix {
                          -0.996632,-0.004223,-0.081897, 0.000000,
                          -0.065007,-0.568093, 0.820393, 0.000000,
                          -0.049990, 0.822953, 0.565905, 0.000000,
                          -0.384432,32.274933, 0.699780, 1.000000;;
                        }
                      } // End of Armature_Middle3_R
                    } // End of Armature_Middle02_R
                  } // End of Armature_Middle01_R
                  Frame Armature_Pinky01_R {
                    FrameTransformMatrix {
                       0.285678, 0.923029,-0.257692, 0.000000,
                      -0.956701, 0.259037,-0.132754, 0.000000,
                      -0.055784, 0.284459, 0.957064, 0.000000,
                      -5.944246,54.442429,-30.303259, 1.000000;;
                    }
                    Frame Armature_Pinky02_R {
                      FrameTransformMatrix {
                         0.214353, 0.976229, 0.032081, 0.000000,
                        -0.976756, 0.214238, 0.007043, 0.000000,
                         0.000003,-0.032845, 0.999460, 0.000000,
                        -1.077934,39.593815, 0.897182, 1.000000;;
                      }
                      Frame Armature_Pinky03_R {
                        FrameTransformMatrix {
                           1.000000,-0.000000, 0.000002, 0.000000,
                          -0.000002,-0.523353, 0.852116, 0.000000,
                           0.000001,-0.852116,-0.523353, 0.000000,
                          -1.148769,32.262337, 0.339645, 1.000000;;
                        }
                      } // End of Armature_Pinky03_R
                    } // End of Armature_Pinky02_R
                  } // End of Armature_Pinky01_R
                  Frame Armature_Thumb01_R {
                    FrameTransformMatrix {
                       0.002458,-0.997294,-0.073462, 0.000000,
                      -0.998974, 0.000867,-0.045215, 0.000000,
                       0.045153, 0.073499,-0.996272, 0.000000,
                      -13.441559,-24.940018,-3.187887, 1.000000;;
                    }
                    Frame Armature_Thumb02_R {
                      FrameTransformMatrix {
                        -0.996188, 0.086928, 0.000015, 0.000000,
                        -0.086905,-0.995957, 0.022721, 0.000000,
                         0.001976, 0.022634, 0.999740, 0.000000,
                         1.459082,36.621082,-0.234848, 1.000000;;
                      }
                    } // End of Armature_Thumb02_R
                  } // End of Armature_Thumb01_R
                } // End of Armature_Hand_R
              } // End of Armature_RowerArm_R
            } // End of Armature_UpperArm_R
          } // End of Armature_Chest
          Frame Armature_Wing01_L {
            FrameTransformMatrix {
              -0.338898, 0.638832,-0.690682, 0.000000,
              -0.112019,-0.756302,-0.644560, 0.000000,
              -0.934130,-0.141070, 0.327871, 0.000000,
              -56.105698,20.234079,-89.395546, 1.000000;;
            }
            Frame Armature_Wing02_L {
              FrameTransformMatrix {
                -0.107309,-0.993959, 0.023034, 0.000000,
                 0.993936,-0.107808,-0.021658, 0.000000,
                 0.024010, 0.020571, 0.999500, 0.000000,
                -0.000008,299.244049, 0.000076, 1.000000;;
              }
              Frame Armature_Wing03_L {
                FrameTransformMatrix {
                   0.817613, 0.568123,-0.093520, 0.000000,
                  -0.545988, 0.816589, 0.187293, 0.000000,
                   0.182772,-0.102072, 0.977842, 0.000000,
                  -0.000015,468.655090,-0.000080, 1.000000;;
                }
                Frame Armature_WingIndex01_L {
                  FrameTransformMatrix {
                     0.995838,-0.091109, 0.002345, 0.000000,
                     0.091102, 0.995837, 0.002939, 0.000000,
                    -0.002603,-0.002713, 0.999993, 0.000000,
                     0.000023,40.398327,-0.000029, 1.000000;;
                  }
                  Frame Armature_WingIndex02_L {
                    FrameTransformMatrix {
                       0.957455, 0.284941,-0.045698, 0.000000,
                      -0.286235, 0.957841,-0.024698, 0.000000,
                       0.036734, 0.036728, 0.998650, 0.000000,
                      -0.000046,209.264511, 0.000008, 1.000000;;
                    }
                    Frame Armature_WingIndex03_L {
                      FrameTransformMatrix {
                         0.479600, 0.259207, 0.838329, 0.000000,
                         0.737507, 0.398596,-0.545165, 0.000000,
                        -0.475466, 0.879735,-0.000000, 0.000000,
                         0.000036,228.365295,-0.000090, 1.000000;;
                      }
                    } // End of Armature_WingIndex03_L
                  } // End of Armature_WingIndex02_L
                } // End of Armature_WingIndex01_L
                Frame Armature_WingMiddle01_L {
                  FrameTransformMatrix {
                     0.940140, 0.340502, 0.013979, 0.000000,
                    -0.340617, 0.940177, 0.006899, 0.000000,
                    -0.010793,-0.011247, 0.999879, 0.000000,
                    -18.335537,37.623604,-3.889130, 1.000000;;
                  }
                  Frame Armature_WingMiddle02_L {
                    FrameTransformMatrix {
                       0.992900, 0.117832,-0.016290, 0.000000,
                      -0.117914, 0.993015,-0.004138, 0.000000,
                       0.015689, 0.006029, 0.999858, 0.000000,
                      -0.000023,205.206207, 0.000007, 1.000000;;
                    }
                    Frame Armature_WingMiddle04_L {
                      FrameTransformMatrix {
                        -0.946809,-0.303649, 0.106535, 0.000000,
                        -0.304714, 0.952422, 0.006532, 0.000000,
                        -0.103450,-0.026278,-0.994287, 0.000000,
                        -7.270279,370.676208,-3.474504, 1.000000;;
                      }
                      Frame Armature_WingMiddle05_L {
                        FrameTransformMatrix {
                          -0.493034,-0.030230,-0.869485, 0.000000,
                          -0.867855,-0.053212, 0.493960, 0.000000,
                          -0.061199, 0.998126, 0.000000, 0.000000,
                          -31.631256,539.507507,-7.139676, 1.000000;;
                        }
                      } // End of Armature_WingMiddle05_L
                    } // End of Armature_WingMiddle04_L
                  } // End of Armature_WingMiddle02_L
                } // End of Armature_WingMiddle01_L
                Frame Armature_WingPinky01_L {
                  FrameTransformMatrix {
                    -0.541468,-0.835877, 0.090121, 0.000000,
                    -0.838317, 0.544909, 0.017259, 0.000000,
                    -0.063534,-0.066205,-0.995781, 0.000000,
                    -61.174347,16.226440,-8.790448, 1.000000;;
                  }
                  Frame Armature_WingPinky02_L {
                    FrameTransformMatrix {
                       0.977515,-0.197933, 0.072713, 0.000000,
                       0.195876, 0.980022, 0.034484, 0.000000,
                      -0.078086,-0.019466, 0.996756, 0.000000,
                      -0.000010,195.337570, 0.000029, 1.000000;;
                    }
                    Frame Armature_WingPinky04_L {
                      FrameTransformMatrix {
                         0.969579,-0.244774, 0.001310, 0.000000,
                         0.244773, 0.969580, 0.001083, 0.000000,
                        -0.001536,-0.000729, 0.999999, 0.000000,
                         0.229195,253.069901, 3.634964, 1.000000;;
                      }
                      Frame Armature_WingPinky05_L {
                        FrameTransformMatrix {
                          -0.445037,-0.367401,-0.816675, 0.000000,
                          -0.629791,-0.519924, 0.577098, 0.000000,
                          -0.636636, 0.771165,-0.000000, 0.000000,
                          -10.885696,281.533936,-8.118914, 1.000000;;
                        }
                      } // End of Armature_WingPinky05_L
                    } // End of Armature_WingPinky04_L
                  } // End of Armature_WingPinky02_L
                } // End of Armature_WingPinky01_L
                Frame Armature_WingRing01_L {
                  FrameTransformMatrix {
                     0.807324, 0.585474, 0.073815, 0.000000,
                    -0.587820, 0.808883, 0.013284, 0.000000,
                    -0.051930,-0.054114, 0.997184, 0.000000,
                    -39.982147,25.864700,-5.638397, 1.000000;;
                  }
                  Frame Armature_WingRing02_L {
                    FrameTransformMatrix {
                      -0.972438,-0.142164, 0.184806, 0.000000,
                      -0.143708, 0.989607, 0.005080, 0.000000,
                      -0.183608,-0.021618,-0.982762, 0.000000,
                       0.000008,199.690033,-0.000012, 1.000000;;
                    }
                    Frame Armature_WingRing04_L {
                      FrameTransformMatrix {
                         0.959317,-0.279679, 0.038613, 0.000000,
                         0.279406, 0.960093, 0.012408, 0.000000,
                        -0.040543,-0.001115, 0.999177, 0.000000,
                        14.586113,326.020874, 6.447979, 1.000000;;
                      }
                      Frame Armature_WingRing05_L {
                        FrameTransformMatrix {
                          -0.501265,-0.161078,-0.850169, 0.000000,
                          -0.809406,-0.260096, 0.526509, 0.000000,
                          -0.305934, 0.952052,-0.000000, 0.000000,
                          -34.832031,405.853241,-4.218780, 1.000000;;
                        }
                      } // End of Armature_WingRing05_L
                    } // End of Armature_WingRing04_L
                  } // End of Armature_WingRing02_L
                } // End of Armature_WingRing01_L
              } // End of Armature_Wing03_L
              Frame Armature_WingThumb01_L {
                FrameTransformMatrix {
                   0.009963,-0.000785,-0.000337, 0.000000,
                  -0.000797,-0.009962,-0.000354, 0.000000,
                  -0.000308, 0.000380,-0.009988, 0.000000,
                  -68.427795,-166.734924,-0.991060, 1.000000;;
                }
              } // End of Armature_WingThumb01_L
            } // End of Armature_Wing02_L
          } // End of Armature_Wing01_L
          Frame Armature_Wing01_R {
            FrameTransformMatrix {
               0.372437,-0.631347,-0.680214, 0.000000,
              -0.048899,-0.745276, 0.664961, 0.000000,
              -0.926768,-0.214394,-0.308440, 0.000000,
              -56.105988,20.234138,89.395592, 1.000000;;
            }
            Frame Armature_Wing02_R {
              FrameTransformMatrix {
                -0.107309, 0.993959,-0.023031, 0.000000,
                -0.993936,-0.107809,-0.021655, 0.000000,
                -0.024008, 0.020568, 0.999500, 0.000000,
                 0.000015,299.244202,-0.000078, 1.000000;;
              }
              Frame Armature_Wing03_R {
                FrameTransformMatrix {
                   0.852531,-0.514735, 0.090763, 0.000000,
                   0.490093, 0.847594, 0.203454, 0.000000,
                  -0.181655,-0.128968, 0.974868, 0.000000,
                  -0.000084,468.654968, 0.000008, 1.000000;;
                }
                Frame Armature_WingIndex01_R {
                  FrameTransformMatrix {
                     0.995874, 0.090721,-0.002353, 0.000000,
                    -0.090714, 0.995873, 0.002946, 0.000000,
                     0.002611,-0.002720, 0.999993, 0.000000,
                    -0.000045,40.397945,-0.000053, 1.000000;;
                  }
                  Frame Armature_WingIndex02_R {
                    FrameTransformMatrix {
                       0.957453,-0.284947, 0.045705, 0.000000,
                       0.286241, 0.957839,-0.024701, 0.000000,
                      -0.036740, 0.036733, 0.998650, 0.000000,
                       0.000015,209.265259,-0.000034, 1.000000;;
                    }
                    Frame Armature_WingIndex03_R {
                      FrameTransformMatrix {
                         0.479598,-0.259205,-0.838331, 0.000000,
                         0.737510,-0.398595, 0.545162, 0.000000,
                        -0.475463,-0.879736, 0.000000, 0.000000,
                         0.000000,228.364304,-0.000076, 1.000000;;
                      }
                    } // End of Armature_WingIndex03_R
                  } // End of Armature_WingIndex02_R
                } // End of Armature_WingIndex01_R
                Frame Armature_WingMiddle01_R {
                  FrameTransformMatrix {
                     0.940215,-0.340294,-0.013984, 0.000000,
                     0.340410, 0.940252, 0.006905, 0.000000,
                     0.010799,-0.011252, 0.999878, 0.000000,
                    18.335255,37.623631,-3.888866, 1.000000;;
                  }
                  Frame Armature_WingMiddle02_R {
                    FrameTransformMatrix {
                       0.992900,-0.117831, 0.016296, 0.000000,
                       0.117912, 0.993015,-0.004139, 0.000000,
                      -0.015694, 0.006031, 0.999859, 0.000000,
                      -0.000003,205.206238, 0.000080, 1.000000;;
                    }
                    Frame Armature_WingMiddle04_R {
                      FrameTransformMatrix {
                        -0.946811, 0.303651,-0.106511, 0.000000,
                         0.304716, 0.952421, 0.006531, 0.000000,
                         0.103426,-0.026272,-0.994290, 0.000000,
                         4.796516,414.726501,-2.164415, 1.000000;;
                      }
                      Frame Armature_WingMiddle05_R {
                        FrameTransformMatrix {
                          -0.493050, 0.030231, 0.869476, 0.000000,
                          -0.867846, 0.053211,-0.493976, 0.000000,
                          -0.061199,-0.998125, 0.000000, 0.000000,
                          16.053215,498.297729,-4.424156, 1.000000;;
                        }
                      } // End of Armature_WingMiddle05_R
                    } // End of Armature_WingMiddle04_R
                  } // End of Armature_WingMiddle02_R
                } // End of Armature_WingMiddle01_R
                Frame Armature_WingPinky01_R {
                  FrameTransformMatrix {
                    -0.541667, 0.835748,-0.090116, 0.000000,
                     0.838189, 0.545108, 0.017236, 0.000000,
                     0.063528,-0.066198,-0.995782, 0.000000,
                    61.174244,16.226738,-8.790638, 1.000000;;
                  }
                  Frame Armature_WingPinky02_R {
                    FrameTransformMatrix {
                       0.977515, 0.197936,-0.072710, 0.000000,
                      -0.195878, 0.980022, 0.034484, 0.000000,
                       0.078083,-0.019466, 0.996757, 0.000000,
                       0.000053,195.337830, 0.000105, 1.000000;;
                    }
                    Frame Armature_WingPinky04_R {
                      FrameTransformMatrix {
                         0.969580, 0.244773,-0.001310, 0.000000,
                        -0.244772, 0.969580, 0.001081, 0.000000,
                         0.001535,-0.000728, 0.999998, 0.000000,
                        -9.829659,246.306458, 2.711399, 1.000000;;
                      }
                      Frame Armature_WingPinky05_R {
                        FrameTransformMatrix {
                          -0.445037, 0.367399, 0.816676, 0.000000,
                          -0.629793, 0.519924,-0.577096, 0.000000,
                          -0.636634,-0.771166, 0.000000, 0.000000,
                          21.847839,285.742279,-7.185436, 1.000000;;
                        }
                      } // End of Armature_WingPinky05_R
                    } // End of Armature_WingPinky04_R
                  } // End of Armature_WingPinky02_R
                } // End of Armature_WingPinky01_R
                Frame Armature_WingRing01_R {
                  FrameTransformMatrix {
                     0.807150,-0.585711,-0.073830, 0.000000,
                     0.588057, 0.808711, 0.013263, 0.000000,
                     0.051939,-0.054121, 0.997183, 0.000000,
                    39.982018,25.864433,-5.638601, 1.000000;;
                  }
                  Frame Armature_WingRing02_R {
                    FrameTransformMatrix {
                      -0.972431, 0.142168,-0.184844, 0.000000,
                       0.143713, 0.989606, 0.005081, 0.000000,
                       0.183645,-0.021624,-0.982755, 0.000000,
                       0.000053,199.690598,-0.000027, 1.000000;;
                    }
                    Frame Armature_WingRing04_R {
                      FrameTransformMatrix {
                         0.959316, 0.279678,-0.038642, 0.000000,
                        -0.279405, 0.960093, 0.012417, 0.000000,
                         0.040573,-0.001115, 0.999176, 0.000000,
                        -13.788986,362.525879, 6.754283, 1.000000;;
                      }
                      Frame Armature_WingRing05_R {
                        FrameTransformMatrix {
                          -0.501261, 0.161076, 0.850172, 0.000000,
                          -0.809408, 0.260096,-0.526506, 0.000000,
                          -0.305934,-0.952053, 0.000000, 0.000000,
                          23.869064,371.023712,-4.515551, 1.000000;;
                        }
                      } // End of Armature_WingRing05_R
                    } // End of Armature_WingRing04_R
                  } // End of Armature_WingRing02_R
                } // End of Armature_WingRing01_R
              } // End of Armature_Wing03_R
              Frame Armature_WingThumb01_R {
                FrameTransformMatrix {
                   0.009964, 0.000785, 0.000338, 0.000000,
                   0.000797,-0.009962,-0.000354, 0.000000,
                   0.000309, 0.000380,-0.009988, 0.000000,
                  66.789986,-164.854385,-1.136360, 1.000000;;
                }
              } // End of Armature_WingThumb01_R
            } // End of Armature_Wing02_R
          } // End of Armature_Wing01_R
        } // End of Armature_Spine02
      } // End of Armature_Spine01
      Frame Armature_UpperLeg_L {
        FrameTransformMatrix {
           0.008641, 0.190372,-0.981674, 0.000000,
          -0.998770, 0.049566, 0.000821, 0.000000,
           0.048814, 0.980460, 0.190567, 0.000000,
           6.620090,85.229698,-42.187679, 1.000000;;
        }
        Frame Armature_LowerLeg_L {
          FrameTransformMatrix {
             0.718220,-0.695758,-0.009016, 0.000000,
             0.683073, 0.707475,-0.181356, 0.000000,
             0.132558, 0.124095, 0.983376, 0.000000,
             0.000004,179.437607,-0.000013, 1.000000;;
          }
          Frame Armature_Feet_L {
            FrameTransformMatrix {
               0.772555,-0.631172,-0.069141, 0.000000,
               0.630308, 0.749209, 0.203465, 0.000000,
              -0.076620,-0.200768, 0.976638, 0.000000,
               0.000036,155.874359, 0.000017, 1.000000;;
            }
            Frame Armature_IndexToe01_L {
              FrameTransformMatrix {
                 0.365698, 0.894765,-0.256245, 0.000000,
                -0.930718, 0.353138,-0.095166, 0.000000,
                 0.005339, 0.273294, 0.961916, 0.000000,
                -3.430723,25.755093,-25.501047, 1.000000;;
              }
              Frame Armature_IndexToe02_L {
                FrameTransformMatrix {
                   0.267556, 0.963295, 0.021821, 0.000000,
                  -0.963542, 0.267481, 0.006338, 0.000000,
                   0.000269,-0.022721, 0.999742, 0.000000,
                  -2.437492,28.115927,-0.141932, 1.000000;;
                }
                Frame Armature_IndexToe03_L {
                  FrameTransformMatrix {
                     1.000000,-0.000000, 0.000002, 0.000000,
                    -0.000001, 0.573462, 0.819232, 0.000000,
                    -0.000001,-0.819232, 0.573462, 0.000000,
                    -0.282465,27.569765,-1.050721, 1.000000;;
                  }
                } // End of Armature_IndexToe03_L
              } // End of Armature_IndexToe02_L
            } // End of Armature_IndexToe01_L
            Frame Armature_MiddleToe01_L {
              FrameTransformMatrix {
                 0.371982, 0.923027, 0.098242, 0.000000,
                -0.927445, 0.365196, 0.080486, 0.000000,
                 0.038413,-0.121054, 0.991903, 0.000000,
                -3.218620,31.106070,-5.303342, 1.000000;;
              }
              Frame Armature_MiddleToe02_L {
                FrameTransformMatrix {
                   0.052551, 0.998360, 0.022690, 0.000000,
                  -0.998618, 0.052537, 0.001193, 0.000000,
                  -0.000001,-0.022721, 0.999742, 0.000000,
                   0.028328,36.646309, 0.243275, 1.000000;;
                }
                Frame Armature_MiddleToe03_L {
                  FrameTransformMatrix {
                     1.000000, 0.000000,-0.000000, 0.000000,
                     0.000000, 0.573462, 0.819232, 0.000000,
                     0.000000,-0.819232, 0.573462, 0.000000,
                    -0.189629,32.270279,-0.938950, 1.000000;;
                  }
                } // End of Armature_MiddleToe03_L
              } // End of Armature_MiddleToe02_L
            } // End of Armature_MiddleToe01_L
            Frame Armature_PinkyToe01_L {
              FrameTransformMatrix {
                 0.327975, 0.859852, 0.391265, 0.000000,
                -0.944640, 0.294401, 0.144855, 0.000000,
                 0.009365,-0.417113, 0.908807, 0.000000,
                -7.263618,23.997816,14.883989, 1.000000;;
              }
              Frame Armature_PinkyToe02_L {
                FrameTransformMatrix {
