xof 0303txt 0032

template XSkinMeshHeader {
  <3cf169ce-ff7c-44ab-93c0-f78f62d172e2>
  WORD nMaxSkinWeightsPerVertex;
  WORD nMaxSkinWeightsPerFace;
  WORD nBones;
}

template SkinWeights {
  <6f0d123b-bad2-4167-a0d0-80224f25fabb>
  STRING transformNodeName;
  DWORD nWeights;
  array DWORD vertexIndices[nWeights];
  array float weights[nWeights];
  Matrix4x4 matrixOffset;
}

Frame Root {
  FrameTransformMatrix {
     1.000000, 0.000000, 0.000000, 0.000000,
     0.000000,-0.000000,-1.000000, 0.000000,
     0.000000, 1.000000,-0.000000, 0.000000,
     0.000000, 0.000000, 0.000000, 1.000000;;
  }
  Frame Armature {
    FrameTransformMatrix {
       0.010000, 0.000000, 0.000000, 0.000000,
       0.000000, 0.010000, 0.000000, 0.000000,
       0.000000, 0.000000, 0.010000, 0.000000,
       0.000000, 0.000000, 0.000000, 1.000000;;
    }
    Frame Armature_Root {
      FrameTransformMatrix {
        -0.000000,-0.976644,-0.214862, 0.000000,
         1.000000,-0.000000,-0.000000, 0.000000,
        -0.000000,-0.214862, 0.976644, 0.000000,
         0.000000,151.617661,-23.974575, 1.000000;;
      }
      Frame Armature_Spine01 {
        FrameTransformMatrix {
          -0.137669, 0.000025, 0.990478, 0.000000,
           0.990478,-0.000001, 0.137669, 0.000000,
           0.000004, 1.000000,-0.000024, 0.000000,
          97.524017, 0.000000,-0.000002, 1.000000;;
        }
        Frame Armature_Spine02 {
          FrameTransformMatrix {
            -0.995142, 0.098447, 0.000024, 0.000000,
             0.098447, 0.995142,-0.000002, 0.000000,
            -0.000025,-0.000000,-1.000000, 0.000000,
             0.000001,114.438347,-0.000000, 1.000000;;
          }
          Frame Armature_Chest {
            FrameTransformMatrix {
              -0.820313, 0.571915,-0.000000, 0.000000,
               0.571915, 0.820313, 0.000000, 0.000000,
               0.000000,-0.000000,-1.000000, 0.000000,
              -0.000000,127.459358, 0.000000, 1.000000;;
            }
            Frame Armature_Neck01 {
              FrameTransformMatrix {
                 0.918356,-0.395755,-0.000000, 0.000000,
                 0.395755, 0.918356,-0.000000, 0.000000,
                 0.000000, 0.000000, 1.000000, 0.000000,
                -0.000004,126.849625, 0.000002, 1.000000;;
              }
              Frame Armature_Neck02 {
                FrameTransformMatrix {
                   0.934219,-0.356702,-0.000000, 0.000000,
                   0.356702, 0.934219,-0.000000, 0.000000,
                   0.000000, 0.000000, 1.000000, 0.000000,
                  -0.000008,122.347336,-0.000000, 1.000000;;
                }
                Frame Armature_Neck03 {
                  FrameTransformMatrix {
                     0.976611,-0.215015,-0.000000, 0.000000,
                     0.215015, 0.976611,-0.000000, 0.000000,
                     0.000000,-0.000000, 1.000000, 0.000000,
                    -0.000000,112.527084,-0.000001, 1.000000;;
                  }
                  Frame Armature_Head {
                    FrameTransformMatrix {
                      -0.000000, 0.000000, 1.000000, 0.000000,
                      -0.562941, 0.826497,-0.000000, 0.000000,
                      -0.826497,-0.562941,-0.000000, 0.000000,
                       0.000038,105.244003,-0.000000, 1.000000;;
                    }
                    Frame Armature_Eye_L {
                      FrameTransformMatrix {
                         1.000000, 0.000000,-0.000000, 0.000000,
                         0.000000, 1.000000,-0.000000, 0.000000,
                         0.000000, 0.000000, 1.000000, 0.000000,
                        34.315437,64.830780,-31.983641, 1.000000;;
                      }
                    } // End of Armature_Eye_L
                    Frame Armature_Eye_R {
                      FrameTransformMatrix {
                         1.000000,-0.000000,-0.000000, 0.000000,
                        -0.000000,-1.000000, 0.000000, 0.000000,
                        -0.000000,-0.000000,-1.000000, 0.000000,
                        -34.315403,64.831146,-31.984060, 1.000000;;
                      }
                    } // End of Armature_Eye_R
                    Frame Armature_Eye_Under_L {
                      FrameTransformMatrix {
                         1.000000, 0.000000,-0.000000, 0.000000,
                         0.000000, 1.000000,-0.000000, 0.000000,
                         0.000000, 0.000000, 1.000000, 0.000000,
                        38.478428,70.034714,-12.224487, 1.000000;;
                      }
                    } // End of Armature_Eye_Under_L
                    Frame Armature_Eye_Under_R {
                      FrameTransformMatrix {
                         1.000000,-0.000000,-0.000000, 0.000000,
                        -0.000000,-1.000000, 0.000000, 0.000000,
                        -0.000000,-0.000000,-1.000000, 0.000000,
                        -38.478397,70.035194,-12.224052, 1.000000;;
                      }
                    } // End of Armature_Eye_Under_R
                    Frame Armature_Jaw01 {
                      FrameTransformMatrix {
                        -0.000000, 0.124974, 0.992160, 0.000000,
                         0.000000, 0.992160,-0.124974, 0.000000,
                        -1.000000, 0.000000,-0.000000, 0.000000,
                         0.000002,77.713951,41.943707, 1.000000;;
                      }
                      Frame Armature_Jaw02 {
                        FrameTransformMatrix {
                          -0.778932,-0.627109,-0.000001, 0.000000,
                           0.000001, 0.000000,-1.000000, 0.000000,
                           0.627109,-0.778932, 0.000000, 0.000000,
                           0.000000,131.770584,-0.000000, 1.000000;;
                        }
                      } // End of Armature_Jaw02
                    } // End of Armature_Jaw01
                    Frame Armature_Tongue01 {
                      FrameTransformMatrix {
                        -0.000002,-0.065750, 0.997836, 0.000000,
                         0.000000, 0.997836, 0.065750, 0.000000,
                        -1.000000, 0.000000,-0.000002, 0.000000,
                         0.000002,31.774944,21.651554, 1.000000;;
                      }
                      Frame Armature_Tongue02 {
                        FrameTransformMatrix {
                           0.999323,-0.036778,-0.000000, 0.000000,
                           0.036778, 0.999323,-0.000000, 0.000000,
                           0.000000, 0.000000, 1.000000, 0.000000,
                          -0.000015,53.169960, 0.000000, 1.000000;;
                        }
                        Frame Armature_Tongue03 {
                          FrameTransformMatrix {
                             0.999072,-0.043065, 0.000000, 0.000000,
                             0.043065, 0.999072,-0.000000, 0.000000,
                            -0.000000, 0.000000, 1.000000, 0.000000,
                            -0.000023,46.743324,-0.000000, 1.000000;;
                          }
                          Frame Armature_Tongue04 {
                            FrameTransformMatrix {
                              -0.962206,-0.272321,-0.000001, 0.000000,
                               0.000000, 0.000003,-1.000000, 0.000000,
                               0.272321,-0.962206,-0.000002, 0.000000,
                              -0.000015,54.004059,-0.000000, 1.000000;;
                            }
                          } // End of Armature_Tongue04
                        } // End of Armature_Tongue03
                      } // End of Armature_Tongue02
                    } // End of Armature_Tongue01
                    Frame Armature_UpperMouth01 {
                      FrameTransformMatrix {
                        -0.000003, 0.094764,-0.995500, 0.000000,
                         0.000001, 0.995500, 0.094764, 0.000000,
                         1.000000,-0.000000,-0.000003, 0.000000,
                        -0.000001,97.247757,-15.644047, 1.000000;;
                      }
                      Frame Armature_UpperMouth02 {
                        FrameTransformMatrix {
                           0.995693, 0.092716,-0.000000, 0.000000,
                          -0.000000, 0.000002, 1.000000, 0.000000,
                           0.092716,-0.995693, 0.000002, 0.000000,
                           0.000000,97.058830,-0.000000, 1.000000;;
                        }
                      } // End of Armature_UpperMouth02
                    } // End of Armature_UpperMouth01
                  } // End of Armature_Head
                } // End of Armature_Neck03
              } // End of Armature_Neck02
            } // End of Armature_Neck01
            Frame Armature_UpperArm_L {
              FrameTransformMatrix {
                 0.759535, 0.341057, 0.553882, 0.000000,
                -0.554173,-0.106566, 0.825552, 0.000000,
                 0.340585,-0.933982, 0.108064, 0.000000,
                -32.905891,-19.313196,82.735847, 1.000000;;
              }
              Frame Armature_LowerArm_L {
                FrameTransformMatrix {
                   0.986540, 0.163174,-0.010632, 0.000000,
                  -0.020847, 0.061014,-0.997919, 0.000000,
                  -0.162186, 0.984709, 0.063595, 0.000000,
                   0.000011,176.291107,-0.000006, 1.000000;;
                }
                Frame Armature_Hand_L {
                  FrameTransformMatrix {
                     0.390320,-0.815598,-0.427142, 0.000000,
                     0.818605, 0.519760,-0.244409, 0.000000,
                     0.421351,-0.254263, 0.870525, 0.000000,
                     0.000015,171.877823, 0.000000, 1.000000;;
                  }
                  Frame Armature_Index01_L {
                    FrameTransformMatrix {
                       0.999777,-0.020738, 0.004055, 0.000000,
                       0.020953, 0.948051,-0.317428, 0.000000,
                       0.002739, 0.317442, 0.948274, 0.000000,
                      -5.378068,55.339241,-24.943495, 1.000000;;
                    }
                    Frame Armature_Index02_L {
                      FrameTransformMatrix {
                         1.000000,-0.000000, 0.000029, 0.000000,
                        -0.000001, 0.999241, 0.038962, 0.000000,
                        -0.000029,-0.038962, 0.999241, 0.000000,
                        -2.207201,39.770618,-0.317881, 1.000000;;
                      }
                      Frame Armature_Index03_L {
                        FrameTransformMatrix {
                           1.000000, 0.000000, 0.000026, 0.000000,
                          -0.000021, 0.573462, 0.819232, 0.000000,
                          -0.000014,-0.819232, 0.573462, 0.000000,
                          -0.282432,27.569698,-1.050707, 1.000000;;
                        }
                      } // End of Armature_Index03_L
                    } // End of Armature_Index02_L
                  } // End of Armature_Index01_L
                  Frame Armature_Middle01_L {
                    FrameTransformMatrix {
                       0.997438, 0.064516,-0.030899, 0.000000,
                      -0.066263, 0.996038,-0.059304, 0.000000,
                       0.026950, 0.061199, 0.997761, 0.000000,
                      -5.274513,61.946564, 2.297054, 1.000000;;
                    }
                    Frame Armature_Middle02_L {
                      FrameTransformMatrix {
                         1.000000,-0.000001,-0.000004, 0.000000,
                         0.000001, 0.999742, 0.022721, 0.000000,
                         0.000004,-0.022721, 0.999742, 0.000000,
                         0.726922,43.116905, 0.768610, 1.000000;;
                      }
                      Frame Armature_Middle3_L {
                        FrameTransformMatrix {
                           1.000000, 0.000000, 0.000002, 0.000000,
                          -0.000001, 0.573463, 0.819232, 0.000000,
                          -0.000001,-0.819232, 0.573462, 0.000000,
                          -0.189654,32.270309,-0.938939, 1.000000;;
                        }
                      } // End of Armature_Middle3_L
                    } // End of Armature_Middle02_L
                  } // End of Armature_Middle01_L
                  Frame Armature_Pinky01_L {
                    FrameTransformMatrix {
                       0.999960,-0.006735,-0.005890, 0.000000,
                       0.007900, 0.973667, 0.227837, 0.000000,
                       0.004201,-0.227874, 0.973682, 0.000000,
                      -9.550769,54.728992,28.829327, 1.000000;;
                    }
                    Frame Armature_Pinky02_L {
                      FrameTransformMatrix {
                         1.000000, 0.000002, 0.000004, 0.000000,
                        -0.000002, 0.999742, 0.022722, 0.000000,
                        -0.000004,-0.022722, 0.999742, 0.000000,
                         0.112934,39.613880, 0.562935, 1.000000;;
                      }
                      Frame Armature_Pinky03_L {
                        FrameTransformMatrix {
                           1.000000,-0.000001,-0.000003, 0.000000,
                           0.000003, 0.573463, 0.819232, 0.000000,
                           0.000001,-0.819232, 0.573462, 0.000000,
                          -0.189616,32.270332,-0.938969, 1.000000;;
                        }
                      } // End of Armature_Pinky03_L
                    } // End of Armature_Pinky02_L
                  } // End of Armature_Pinky01_L
                  Frame Armature_Thumb01_L {
                    FrameTransformMatrix {
                       0.999762,-0.019929, 0.008861, 0.000000,
                      -0.020675,-0.995353, 0.094054, 0.000000,
                       0.006949,-0.094215,-0.995518, 0.000000,
                      -12.599363,-25.391655, 3.054252, 1.000000;;
                    }
                    Frame Armature_Thumb02_L {
                      FrameTransformMatrix {
                         1.000000,-0.000000, 0.000000, 0.000000,
                         0.000000, 0.999742, 0.022722, 0.000000,
                        -0.000000,-0.022722, 0.999742, 0.000000,
                        -1.729834,36.609924, 0.235088, 1.000000;;
                      }
                    } // End of Armature_Thumb02_L
                  } // End of Armature_Thumb01_L
                } // End of Armature_Hand_L
              } // End of Armature_LowerArm_L
            } // End of Armature_UpperArm_L
            Frame Armature_UpperArm_R {
              FrameTransformMatrix {
                 0.886955, 0.252283,-0.386864, 0.000000,
                -0.437310, 0.189306,-0.879160, 0.000000,
                -0.148562, 0.948955, 0.278232, 0.000000,
                -32.906090,-19.313116,-82.735786, 1.000000;;
              }
              Frame Armature_RowerArm_R {
                FrameTransformMatrix {
                   0.988587, 0.149561,-0.018093, 0.000000,
                  -0.022612, 0.266048, 0.963695, 0.000000,
                   0.148945,-0.952287, 0.266393, 0.000000,
                   0.000008,176.291306, 0.000000, 1.000000;;
                }
                Frame Armature_Hand_R {
                  FrameTransformMatrix {
                     0.602745,-0.730011, 0.322153, 0.000000,
                     0.758817, 0.649263, 0.051514, 0.000000,
                    -0.246768, 0.213405, 0.945285, 0.000000,
                     0.000015,171.877350, 0.000000, 1.000000;;
                  }
                  Frame Armature_Index01_R {
                    FrameTransformMatrix {
                       0.997907, 0.017384, 0.062282, 0.000000,
                      -0.035634, 0.951574, 0.305348, 0.000000,
                      -0.053958,-0.306929, 0.950202, 0.000000,
                      -4.365413,56.017731,23.587952, 1.000000;;
                    }
                    Frame Armature_Index02_R {
                      FrameTransformMatrix {
                         0.999593,-0.027996, 0.005410, 0.000000,
                         0.028228, 0.998395,-0.049107, 0.000000,
                        -0.004027, 0.049239, 0.998779, 0.000000,
                         0.922222,39.822739,-0.089599, 1.000000;;
                      }
                      Frame Armature_Index03_R {
                        FrameTransformMatrix {
                          -0.998719, 0.050615, 0.000005, 0.000000,
                          -0.029022,-0.572728, 0.819232, 0.000000,
                           0.041469, 0.818181, 0.573462, 0.000000,
                           1.113311,27.548414, 1.050542, 1.000000;;
                        }
                      } // End of Armature_Index03_R
                    } // End of Armature_Index02_R
                  } // End of Armature_Index01_R
                  Frame Armature_Middle01_R {
                    FrameTransformMatrix {
                       0.996971,-0.001894, 0.077758, 0.000000,
                      -0.001157, 0.999232, 0.039175, 0.000000,
                      -0.077772,-0.039147, 0.996202, 0.000000,
                      -2.675756,62.042618,-3.734679, 1.000000;;
                    }
                    Frame Armature_Middle02_R {
                      FrameTransformMatrix {
                         0.996394, 0.022484,-0.081815, 0.000000,
                        -0.023886, 0.999584,-0.016189, 0.000000,
                         0.081417, 0.018085, 0.996516, 0.000000,
                        -0.485374,43.120659,-0.768937, 1.000000;;
                      }
                      Frame Armature_Middle3_R {
                        FrameTransformMatrix {
                          -0.996632,-0.004223,-0.081897, 0.000000,
                          -0.065007,-0.568093, 0.820393, 0.000000,
                          -0.049990, 0.822953, 0.565905, 0.000000,
                          -0.384455,32.274952, 0.699820, 1.000000;;
                        }
                      } // End of Armature_Middle3_R
                    } // End of Armature_Middle02_R
                  } // End of Armature_Middle01_R
                  Frame Armature_Pinky01_R {
                    FrameTransformMatrix {
                       0.994406,-0.070278, 0.078849, 0.000000,
                       0.089690, 0.956109,-0.278948, 0.000000,
                      -0.055784, 0.284459, 0.957064, 0.000000,
                      -5.944269,54.442368,-30.303274, 1.000000;;
                    }
                    Frame Armature_Pinky02_R {
                      FrameTransformMatrix {
                         1.000000, 0.000001,-0.000003, 0.000000,
                        -0.000001, 0.999460, 0.032845, 0.000000,
                         0.000003,-0.032845, 0.999460, 0.000000,
                        -1.077941,39.593826, 0.897170, 1.000000;;
                      }
                      Frame Armature_Pinky03_R {
                        FrameTransformMatrix {
                           1.000000,-0.000000, 0.000002, 0.000000,
                          -0.000002,-0.523353, 0.852116, 0.000000,
                           0.000001,-0.852116,-0.523353, 0.000000,
                          -1.148780,32.262344, 0.339624, 1.000000;;
                        }
                      } // End of Armature_Pinky03_R
                    } // End of Armature_Pinky02_R
                  } // End of Armature_Pinky01_R
                  Frame Armature_Thumb01_R {
                    FrameTransformMatrix {
                       0.988782,-0.145405, 0.034090, 0.000000,
                      -0.142359,-0.986638,-0.079240, 0.000000,
                       0.045153, 0.073499,-0.996272, 0.000000,
                      -13.441605,-24.940058,-3.187936, 1.000000;;
                    }
                    Frame Armature_Thumb02_R {
                      FrameTransformMatrix {
                        -0.996188, 0.086928, 0.000015, 0.000000,
                        -0.086905,-0.995957, 0.022721, 0.000000,
                         0.001976, 0.022634, 0.999740, 0.000000,
                         1.459157,36.621063,-0.234874, 1.000000;;
                      }
                    } // End of Armature_Thumb02_R
                  } // End of Armature_Thumb01_R
                } // End of Armature_Hand_R
              } // End of Armature_RowerArm_R
            } // End of Armature_UpperArm_R
          } // End of Armature_Chest
          Frame Armature_Wing01_L {
            FrameTransformMatrix {
              -0.368720, 0.486496,-0.792065, 0.000000,
              -0.457880,-0.836613,-0.300707, 0.000000,
              -0.808944, 0.251794, 0.531233, 0.000000,
              -56.105663,20.234098,-89.395546, 1.000000;;
            }
            Frame Armature_Wing02_L {
              FrameTransformMatrix {
                -0.800515,-0.598734, 0.026347, 0.000000,
                 0.598462,-0.800947,-0.018105, 0.000000,
                 0.031942, 0.001274, 0.999489, 0.000000,
                 0.000023,299.244049, 0.000002, 1.000000;;
              }
              Frame Armature_Wing03_L {
                FrameTransformMatrix {
                   0.005399, 0.999963, 0.006739, 0.000000,
                  -0.972650, 0.006816,-0.232177, 0.000000,
                  -0.232214,-0.005301, 0.972650, 0.000000,
                  -0.000008,468.655121,-0.000078, 1.000000;;
                }
                Frame Armature_WingIndex01_L {
                  FrameTransformMatrix {
                     0.707360, 0.706843, 0.003759, 0.000000,
                    -0.706848, 0.707365, 0.000079, 0.000000,
                    -0.002603,-0.002713, 0.999993, 0.000000,
                     0.000032,40.398338, 0.000000, 1.000000;;
                  }
                  Frame Armature_WingIndex02_L {
                    FrameTransformMatrix {
                       0.957455, 0.284941,-0.045698, 0.000000,
                      -0.286235, 0.957841,-0.024698, 0.000000,
                       0.036734, 0.036728, 0.998650, 0.000000,
                      -0.000006,209.264496, 0.000004, 1.000000;;
                    }
                    Frame Armature_WingIndex03_L {
                      FrameTransformMatrix {
                         0.479600, 0.259207, 0.838329, 0.000000,
                         0.737507, 0.398596,-0.545165, 0.000000,
                        -0.475466, 0.879734,-0.000000, 0.000000,
                         0.000000,228.365128, 0.000004, 1.000000;;
                      }
                    } // End of Armature_WingIndex03_L
                  } // End of Armature_WingIndex02_L
                } // End of Armature_WingIndex01_L
                Frame Armature_WingMiddle01_L {
                  FrameTransformMatrix {
                     0.526401, 0.850099, 0.015245, 0.000000,
                    -0.850168, 0.526502,-0.003255, 0.000000,
                    -0.010793,-0.011247, 0.999879, 0.000000,
                    -18.335552,37.623703,-3.889107, 1.000000;;
                  }
                  Frame Armature_WingMiddle02_L {
                    FrameTransformMatrix {
                       0.992900, 0.117832,-0.016290, 0.000000,
                      -0.117914, 0.993015,-0.004138, 0.000000,
                       0.015688, 0.006029, 0.999858, 0.000000,
                       0.000031,205.206253,-0.000002, 1.000000;;
                    }
                    Frame Armature_WingMiddle04_L {
                      FrameTransformMatrix {
                        -0.946809,-0.303649, 0.106535, 0.000000,
                        -0.304714, 0.952422, 0.006532, 0.000000,
                        -0.103450,-0.026278,-0.994287, 0.000000,
                        -7.270287,370.676239,-3.474396, 1.000000;;
                      }
                      Frame Armature_WingMiddle05_L {
                        FrameTransformMatrix {
                          -0.493034,-0.030230,-0.869485, 0.000000,
                          -0.867855,-0.053212, 0.493960, 0.000000,
                          -0.061199, 0.998126, 0.000000, 0.000000,
                          -31.631226,539.507324,-7.139786, 1.000000;;
                        }
                      } // End of Armature_WingMiddle05_L
                    } // End of Armature_WingMiddle04_L
                  } // End of Armature_WingMiddle02_L
                } // End of Armature_WingMiddle01_L
                Frame Armature_WingPinky01_L {
                  FrameTransformMatrix {
                    -0.252966,-0.964142, 0.080241, 0.000000,
                    -0.965387, 0.256996, 0.044508, 0.000000,
                    -0.063534,-0.066205,-0.995781, 0.000000,
                    -61.174347,16.226568,-8.790424, 1.000000;;
                  }
                  Frame Armature_WingPinky02_L {
                    FrameTransformMatrix {
                       0.977515,-0.197933, 0.072713, 0.000000,
                       0.195876, 0.980022, 0.034484, 0.000000,
                      -0.078086,-0.019466, 0.996756, 0.000000,
                       0.000002,195.337555,-0.000009, 1.000000;;
                    }
                    Frame Armature_WingPinky04_L {
                      FrameTransformMatrix {
                         0.969579,-0.244774, 0.001310, 0.000000,
                         0.244773, 0.969580, 0.001083, 0.000000,
                        -0.001536,-0.000729, 0.999999, 0.000000,
                         0.229252,253.069901, 3.635033, 1.000000;;
                      }
                      Frame Armature_WingPinky05_L {
                        FrameTransformMatrix {
                          -0.445037,-0.367401,-0.816675, 0.000000,
                          -0.629791,-0.519924, 0.577098, 0.000000,
                          -0.636636, 0.771165,-0.000000, 0.000000,
                          -10.885780,281.533966,-8.118965, 1.000000;;
                        }
                      } // End of Armature_WingPinky05_L
                    } // End of Armature_WingPinky04_L
                  } // End of Armature_WingPinky02_L
                } // End of Armature_WingPinky01_L
                Frame Armature_WingRing01_L {
                  FrameTransformMatrix {
                     0.413673, 0.907668, 0.070799, 0.000000,
                    -0.908943, 0.416185,-0.024750, 0.000000,
                    -0.051930,-0.054114, 0.997184, 0.000000,
                    -39.982147,25.864679,-5.638359, 1.000000;;
                  }
                  Frame Armature_WingRing02_L {
                    FrameTransformMatrix {
                      -0.972438,-0.142164, 0.184806, 0.000000,
                      -0.143708, 0.989607, 0.005080, 0.000000,
                      -0.183608,-0.021618,-0.982762, 0.000000,
                       0.000021,199.690094, 0.000001, 1.000000;;
                    }
                    Frame Armature_WingRing04_L {
                      FrameTransformMatrix {
                         0.959317,-0.279680, 0.038613, 0.000000,
                         0.279406, 0.960093, 0.012408, 0.000000,
                        -0.040543,-0.001115, 0.999177, 0.000000,
                        14.586184,326.020844, 6.447884, 1.000000;;
                      }
                      Frame Armature_WingRing05_L {
                        FrameTransformMatrix {
                          -0.501265,-0.161078,-0.850169, 0.000000,
                          -0.809406,-0.260096, 0.526509, 0.000000,
                          -0.305934, 0.952053,-0.000000, 0.000000,
                          -34.832085,405.853333,-4.218792, 1.000000;;
                        }
                      } // End of Armature_WingRing05_L
                    } // End of Armature_WingRing04_L
                  } // End of Armature_WingRing02_L
                } // End of Armature_WingRing01_L
              } // End of Armature_Wing03_L
              Frame Armature_WingThumb01_L {
                FrameTransformMatrix {
                   0.009963,-0.000785,-0.000337, 0.000000,
                  -0.000797,-0.009962,-0.000354, 0.000000,
                  -0.000308, 0.000380,-0.009988, 0.000000,
                  22.584312,-147.901733,-4.444773, 1.000000;;
                }
              } // End of Armature_WingThumb01_L
            } // End of Armature_Wing02_L
          } // End of Armature_Wing01_L
          Frame Armature_Wing01_R {
            FrameTransformMatrix {
               0.343541,-0.484226,-0.804677, 0.000000,
              -0.401813,-0.850226, 0.340090, 0.000000,
              -0.848838, 0.206495,-0.486656, 0.000000,
              -56.106014,20.234144,89.395592, 1.000000;;
            }
            Frame Armature_Wing02_R {
              FrameTransformMatrix {
                -0.792638, 0.609119,-0.026432, 0.000000,
                -0.608851,-0.793077,-0.018162, 0.000000,
                -0.032025, 0.001697, 0.999486, 0.000000,
                -0.000004,299.244202,-0.000004, 1.000000;;
              }
              Frame Armature_Wing03_R {
                FrameTransformMatrix {
                   0.071512,-0.997436,-0.002729, 0.000000,
                   0.987070, 0.071162,-0.143629, 0.000000,
                   0.143455, 0.007577, 0.989628, 0.000000,
                  -0.000019,468.655029,-0.000044, 1.000000;;
                }
                Frame Armature_WingIndex01_R {
                  FrameTransformMatrix {
                     0.715754,-0.698343,-0.003768, 0.000000,
                     0.698348, 0.715758, 0.000124, 0.000000,
                     0.002611,-0.002720, 0.999993, 0.000000,
                    -0.000035,40.398003,-0.000009, 1.000000;;
                  }
                  Frame Armature_WingIndex02_R {
                    FrameTransformMatrix {
                       0.957453,-0.284947, 0.045705, 0.000000,
                       0.286241, 0.957839,-0.024701, 0.000000,
                      -0.036740, 0.036733, 0.998650, 0.000000,
                      -0.000034,209.265289, 0.000010, 1.000000;;
                    }
                    Frame Armature_WingIndex03_R {
                      FrameTransformMatrix {
                         0.479598,-0.259205,-0.838331, 0.000000,
                         0.737510,-0.398595, 0.545162, 0.000000,
                        -0.475463,-0.879736, 0.000001, 0.000000,
                         0.000065,228.364441,-0.000010, 1.000000;;
                      }
                    } // End of Armature_WingIndex03_R
                  } // End of Armature_WingIndex02_R
                } // End of Armature_WingIndex01_R
                Frame Armature_WingMiddle01_R {
                  FrameTransformMatrix {
                     0.518919,-0.854688,-0.015223, 0.000000,
                     0.854755, 0.519020,-0.003391, 0.000000,
                     0.010799,-0.011252, 0.999878, 0.000000,
                    18.335274,37.623684,-3.888886, 1.000000;;
                  }
                  Frame Armature_WingMiddle02_R {
                    FrameTransformMatrix {
                       0.992900,-0.117831, 0.016296, 0.000000,
                       0.117912, 0.993016,-0.004139, 0.000000,
                      -0.015694, 0.006032, 0.999859, 0.000000,
                      -0.000013,205.206177, 0.000022, 1.000000;;
                    }
                    Frame Armature_WingMiddle04_R {
                      FrameTransformMatrix {
                        -0.946811, 0.303651,-0.106511, 0.000000,
                         0.304716, 0.952420, 0.006531, 0.000000,
                         0.103426,-0.026272,-0.994290, 0.000000,
                         4.796509,414.726471,-2.164410, 1.000000;;
                      }
                      Frame Armature_WingMiddle05_R {
                        FrameTransformMatrix {
                          -0.493050, 0.030231, 0.869475, 0.000000,
                          -0.867846, 0.053211,-0.493976, 0.000000,
                          -0.061199,-0.998126, 0.000000, 0.000000,
                          16.053267,498.297760,-4.423988, 1.000000;;
                        }
                      } // End of Armature_WingMiddle05_R
                    } // End of Armature_WingMiddle04_R
                  } // End of Armature_WingMiddle02_R
                } // End of Armature_WingMiddle01_R
                Frame Armature_WingPinky01_R {
                  FrameTransformMatrix {
                    -0.247278, 0.965639,-0.079970, 0.000000,
                     0.966860, 0.251316, 0.044976, 0.000000,
                     0.063528,-0.066198,-0.995782, 0.000000,
                    61.174259,16.226704,-8.790666, 1.000000;;
                  }
                  Frame Armature_WingPinky02_R {
                    FrameTransformMatrix {
                       0.977515, 0.197936,-0.072710, 0.000000,
                      -0.195878, 0.980022, 0.034484, 0.000000,
                       0.078083,-0.019466, 0.996757, 0.000000,
                      -0.000004,195.337738,-0.000010, 1.000000;;
                    }
                    Frame Armature_WingPinky04_R {
                      FrameTransformMatrix {
                         0.969580, 0.244773,-0.001310, 0.000000,
                        -0.244772, 0.969580, 0.001081, 0.000000,
                         0.001534,-0.000728, 0.999998, 0.000000,
                        -9.829589,246.306473, 2.711339, 1.000000;;
                      }
                      Frame Armature_WingPinky05_R {
                        FrameTransformMatrix {
                          -0.445037, 0.367399, 0.816676, 0.000000,
                          -0.629793, 0.519924,-0.577096, 0.000000,
                          -0.636634,-0.771166, 0.000000, 0.000000,
                          21.847847,285.742279,-7.185298, 1.000000;;
                        }
                      } // End of Armature_WingPinky05_R
                    } // End of Armature_WingPinky04_R
                  } // End of Armature_WingPinky02_R
                } // End of Armature_WingPinky01_R
                Frame Armature_WingRing01_R {
                  FrameTransformMatrix {
                     0.410745,-0.909003,-0.070729, 0.000000,
                     0.910270, 0.413262,-0.024983, 0.000000,
                     0.051939,-0.054121, 0.997183, 0.000000,
                    39.982029,25.864479,-5.638627, 1.000000;;
                  }
                  Frame Armature_WingRing02_R {
                    FrameTransformMatrix {
                      -0.972431, 0.142168,-0.184844, 0.000000,
                       0.143713, 0.989606, 0.005081, 0.000000,
                       0.183645,-0.021624,-0.982755, 0.000000,
                      -0.000013,199.690536,-0.000003, 1.000000;;
                    }
                    Frame Armature_WingRing04_R {
                      FrameTransformMatrix {
                         0.959316, 0.279678,-0.038642, 0.000000,
                        -0.279405, 0.960093, 0.012417, 0.000000,
                         0.040573,-0.001115, 0.999176, 0.000000,
                        -13.788975,362.525940, 6.754234, 1.000000;;
                      }
                      Frame Armature_WingRing05_R {
                        FrameTransformMatrix {
                          -0.501261, 0.161076, 0.850171, 0.000000,
                          -0.809408, 0.260096,-0.526506, 0.000000,
                          -0.305934,-0.952053, 0.000000, 0.000000,
                          23.868973,371.023956,-4.515362, 1.000000;;
                        }
                      } // End of Armature_WingRing05_R
                    } // End of Armature_WingRing04_R
                  } // End of Armature_WingRing02_R
                } // End of Armature_WingRing01_R
              } // End of Armature_Wing03_R
              Frame Armature_WingThumb01_R {
                FrameTransformMatrix {
                   0.009964, 0.000785, 0.000338, 0.000000,
                   0.000797,-0.009962,-0.000354, 0.000000,
                   0.000309, 0.000380,-0.009988, 0.000000,
                  -27.368275,-152.163605,-4.530790, 1.000000;;
                }
              } // End of Armature_WingThumb01_R
            } // End of Armature_Wing02_R
          } // End of Armature_Wing01_R
        } // End of Armature_Spine02
      } // End of Armature_Spine01
      Frame Armature_UpperLeg_L {
        FrameTransformMatrix {
           0.801061, 0.449512,-0.395272, 0.000000,
          -0.564590, 0.348043,-0.748401, 0.000000,
          -0.198844, 0.822681, 0.532594, 0.000000,
           6.620110,85.229698,-42.187706, 1.000000;;
        }
        Frame Armature_LowerLeg_L {
          FrameTransformMatrix {
             0.111048,-0.983419, 0.143369, 0.000000,
             0.967938, 0.074319,-0.239945, 0.000000,
             0.225311, 0.165418, 0.960141, 0.000000,
            -0.000011,179.437622, 0.000006, 1.000000;;
          }
          Frame Armature_Feet_L {
            FrameTransformMatrix {
               0.643143,-0.694262, 0.323060, 0.000000,
               0.674100, 0.713454, 0.191239, 0.000000,
              -0.363258, 0.094781, 0.926855, 0.000000,
               0.000023,155.874390,-0.000022, 1.000000;;
            }
            Frame Armature_IndexToe01_L {
              FrameTransformMatrix {
                 0.999888,-0.014931,-0.001308, 0.000000,
                 0.014005, 0.961815,-0.273343, 0.000000,
                 0.005339, 0.273294, 0.961916, 0.000000,
                -3.430742,25.755119,-25.501034, 1.000000;;
              }
              Frame Armature_IndexToe02_L {
                FrameTransformMatrix {
                   1.000000, 0.000000,-0.000269, 0.000000,
                   0.000006, 0.999742, 0.022721, 0.000000,
                   0.000269,-0.022721, 0.999742, 0.000000,
                  -2.437476,28.115900,-0.141932, 1.000000;;
                }
                Frame Armature_IndexToe03_L {
                  FrameTransformMatrix {
                     1.000000,-0.000000, 0.000002, 0.000000,
                    -0.000001, 0.573462, 0.819232, 0.000000,
                    -0.000001,-0.819232, 0.573462, 0.000000,
                    -0.282448,27.569702,-1.050752, 1.000000;;
                  }
                } // End of Armature_IndexToe03_L
              } // End of Armature_IndexToe02_L
            } // End of Armature_IndexToe01_L
            Frame Armature_MiddleToe01_L {
              FrameTransformMatrix {
                 0.996910, 0.072713,-0.029733, 0.000000,
                -0.068525, 0.989979, 0.123473, 0.000000,
                 0.038413,-0.121054, 0.991903, 0.000000,
                -3.218650,31.106077,-5.303307, 1.000000;;
              }
              Frame Armature_MiddleToe02_L {
                FrameTransformMatrix {
                   1.000000, 0.000000, 0.000001, 0.000000,
                  -0.000000, 0.999742, 0.022721, 0.000000,
                  -0.000001,-0.022721, 0.999742, 0.000000,
                   0.028384,36.646286, 0.243310, 1.000000;;
                }
                Frame Armature_MiddleToe03_L {
                  FrameTransformMatrix {
                     1.000000, 0.000000,-0.000000, 0.000000,
                     0.000000, 0.573462, 0.819232, 0.000000,
                     0.000000,-0.819232, 0.573462, 0.000000,
                    -0.189640,32.270290,-0.938969, 1.000000;;
                  }
                } // End of Armature_MiddleToe03_L
              } // End of Armature_MiddleToe02_L
            } // End of Armature_MiddleToe01_L
            Frame Armature_PinkyToe01_L {
              FrameTransformMatrix {
                 0.999946,-0.000271,-0.010429, 0.000000,
                 0.004596, 0.908855, 0.417088, 0.000000,
                 0.009365,-0.417113, 0.908807, 0.000000,
                -7.263677,23.997845,14.884016, 1.000000;;
              }
              Frame Armature_PinkyToe02_L {
                FrameTransformMatrix {
