xof 0303txt 0032

template XSkinMeshHeader {
  <3cf169ce-ff7c-44ab-93c0-f78f62d172e2>
  WORD nMaxSkinWeightsPerVertex;
  WORD nMaxSkinWeightsPerFace;
  WORD nBones;
}

template SkinWeights {
  <6f0d123b-bad2-4167-a0d0-80224f25fabb>
  STRING transformNodeName;
  DWORD nWeights;
  array DWORD vertexIndices[nWeights];
  array float weights[nWeights];
  Matrix4x4 matrixOffset;
}

Frame Root {
  FrameTransformMatrix {
     1.000000, 0.000000, 0.000000, 0.000000,
     0.000000,-0.000000,-1.000000, 0.000000,
     0.000000, 1.000000,-0.000000, 0.000000,
     0.000000, 0.000000, 0.000000, 1.000000;;
  }
  Frame Armature {
    FrameTransformMatrix {
       0.010000, 0.000000, 0.000000, 0.000000,
       0.000000, 0.010000, 0.000000, 0.000000,
       0.000000, 0.000000, 0.010000, 0.000000,
       0.000000, 0.000000, 0.000000, 1.000000;;
    }
    Frame Armature_Root {
      FrameTransformMatrix {
        -0.000000,-0.779478, 0.626430, 0.000000,
         1.000000,-0.000000,-0.000000, 0.000000,
         0.000000, 0.626430, 0.779478, 0.000000,
        -0.000000,115.898048,585.890015, 1.000000;;
      }
      Frame Armature_Spine01 {
        FrameTransformMatrix {
           0.323356, 0.000022, 0.946277, 0.000000,
           0.946277,-0.000012,-0.323356, 0.000000,
           0.000004, 1.000000,-0.000024, 0.000000,
          97.524040, 0.000000,-0.000015, 1.000000;;
        }
        Frame Armature_Spine02 {
          FrameTransformMatrix {
            -0.995142, 0.098446, 0.000024, 0.000000,
             0.098447, 0.995142,-0.000002, 0.000000,
            -0.000025,-0.000000,-1.000000, 0.000000,
            -0.000002,114.438354,-0.000000, 1.000000;;
          }
          Frame Armature_Chest {
            FrameTransformMatrix {
              -0.675959, 0.736939,-0.000000, 0.000000,
               0.736939, 0.675959, 0.000000, 0.000000,
               0.000000,-0.000000,-1.000000, 0.000000,
               0.000008,127.459335, 0.000000, 1.000000;;
            }
            Frame Armature_Neck01 {
              FrameTransformMatrix {
                 0.818021,-0.575188,-0.000000, 0.000000,
                 0.575188, 0.818021,-0.000000, 0.000000,
                 0.000000, 0.000000, 1.000000, 0.000000,
                 0.000023,126.849640, 0.000002, 1.000000;;
              }
              Frame Armature_Neck02 {
                FrameTransformMatrix {
                   0.829384,-0.558679,-0.000000, 0.000000,
                   0.558679, 0.829385,-0.000000, 0.000000,
                   0.000000, 0.000000, 1.000000, 0.000000,
                  -0.000008,122.347366,-0.000000, 1.000000;;
                }
                Frame Armature_Neck03 {
                  FrameTransformMatrix {
                     0.937217,-0.348747,-0.000000, 0.000000,
                     0.348747, 0.937217,-0.000000, 0.000000,
                     0.000000,-0.000000, 1.000000, 0.000000,
                     0.000030,112.527191,-0.000001, 1.000000;;
                  }
                  Frame Armature_Head {
                    FrameTransformMatrix {
                      -0.000000,-0.000000, 1.000000, 0.000000,
                      -0.977419, 0.211311,-0.000000, 0.000000,
                      -0.211311,-0.977419,-0.000000, 0.000000,
                       0.000015,105.244049, 0.000000, 1.000000;;
                    }
                    Frame Armature_Eye_L {
                      FrameTransformMatrix {
                         1.000000, 0.000000,-0.000000, 0.000000,
                         0.000000, 1.000000,-0.000000, 0.000000,
                         0.000000,-0.000000, 1.000000, 0.000000,
                        34.315441,64.830772,-31.983643, 1.000000;;
                      }
                    } // End of Armature_Eye_L
                    Frame Armature_Eye_R {
                      FrameTransformMatrix {
                         1.000000, 0.000000,-0.000000, 0.000000,
                        -0.000000,-1.000000, 0.000000, 0.000000,
                        -0.000000,-0.000000,-1.000000, 0.000000,
                        -34.315399,64.831230,-31.984055, 1.000000;;
                      }
                    } // End of Armature_Eye_R
                    Frame Armature_Eye_Under_L {
                      FrameTransformMatrix {
                         1.000000, 0.000000,-0.000000, 0.000000,
                         0.000000, 1.000000,-0.000000, 0.000000,
                         0.000000,-0.000000, 1.000000, 0.000000,
                        38.478432,70.034805,-12.224491, 1.000000;;
                      }
                    } // End of Armature_Eye_Under_L
                    Frame Armature_Eye_Under_R {
                      FrameTransformMatrix {
                         1.000000, 0.000000,-0.000000, 0.000000,
                        -0.000000,-1.000000, 0.000000, 0.000000,
                        -0.000000,-0.000000,-1.000000, 0.000000,
                        -38.478394,70.035210,-12.224004, 1.000000;;
                      }
                    } // End of Armature_Eye_Under_R
                    Frame Armature_Jaw01 {
                      FrameTransformMatrix {
                        -0.000000, 0.124974, 0.992160, 0.000000,
                         0.000000, 0.992160,-0.124974, 0.000000,
                        -1.000000, 0.000000,-0.000000, 0.000000,
                         0.000002,77.713989,41.943687, 1.000000;;
                      }
                      Frame Armature_Jaw02 {
                        FrameTransformMatrix {
                          -0.778932,-0.627109,-0.000001, 0.000000,
                           0.000001, 0.000000,-1.000000, 0.000000,
                           0.627109,-0.778932, 0.000000, 0.000000,
                          -0.000023,131.770615,-0.000000, 1.000000;;
                        }
                      } // End of Armature_Jaw02
                    } // End of Armature_Jaw01
                    Frame Armature_Tongue01 {
                      FrameTransformMatrix {
                        -0.000002,-0.065750, 0.997836, 0.000000,
                         0.000000, 0.997836, 0.065750, 0.000000,
                        -1.000000, 0.000000,-0.000002, 0.000000,
                         0.000002,31.774994,21.651566, 1.000000;;
                      }
                      Frame Armature_Tongue02 {
                        FrameTransformMatrix {
                           0.999323,-0.036778,-0.000000, 0.000000,
                           0.036778, 0.999323,-0.000000, 0.000000,
                           0.000000, 0.000000, 1.000000, 0.000000,
                          -0.000015,53.169937, 0.000000, 1.000000;;
                        }
                        Frame Armature_Tongue03 {
                          FrameTransformMatrix {
                             0.999072,-0.043065, 0.000000, 0.000000,
                             0.043065, 0.999072,-0.000000, 0.000000,
                            -0.000000, 0.000000, 1.000000, 0.000000,
                            -0.000015,46.743256,-0.000000, 1.000000;;
                          }
                          Frame Armature_Tongue04 {
                            FrameTransformMatrix {
                              -0.962206,-0.272321,-0.000001, 0.000000,
                               0.000000, 0.000003,-1.000000, 0.000000,
                               0.272321,-0.962206,-0.000002, 0.000000,
                              -0.000015,54.004059, 0.000000, 1.000000;;
                            }
                          } // End of Armature_Tongue04
                        } // End of Armature_Tongue03
                      } // End of Armature_Tongue02
                    } // End of Armature_Tongue01
                    Frame Armature_UpperMouth01 {
                      FrameTransformMatrix {
                        -0.000003, 0.094764,-0.995500, 0.000000,
                         0.000001, 0.995500, 0.094764, 0.000000,
                         1.000000,-0.000000,-0.000003, 0.000000,
                        -0.000001,97.247772,-15.644058, 1.000000;;
                      }
                      Frame Armature_UpperMouth02 {
                        FrameTransformMatrix {
                           0.995693, 0.092716,-0.000000, 0.000000,
                          -0.000000, 0.000002, 1.000000, 0.000000,
                           0.092716,-0.995693, 0.000002, 0.000000,
                           0.000061,97.058823, 0.000000, 1.000000;;
                        }
                      } // End of Armature_UpperMouth02
                    } // End of Armature_UpperMouth01
                  } // End of Armature_Head
                } // End of Armature_Neck03
              } // End of Armature_Neck02
            } // End of Armature_Neck01
            Frame Armature_UpperArm_L {
              FrameTransformMatrix {
                 0.374840, 0.532573, 0.758855, 0.000000,
                -0.800265,-0.227373, 0.554867, 0.000000,
                 0.468051,-0.815271, 0.340971, 0.000000,
                -32.905827,-19.313208,82.735840, 1.000000;;
              }
              Frame Armature_LowerArm_L {
                FrameTransformMatrix {
                   0.988039, 0.153956, 0.008751, 0.000000,
                  -0.022539, 0.200321,-0.979471, 0.000000,
                  -0.152549, 0.967558, 0.201395, 0.000000,
                   0.000000,176.291092, 0.000046, 1.000000;;
                }
                Frame Armature_Hand_L {
                  FrameTransformMatrix {
                     0.518412, 0.025005,-0.854765, 0.000000,
                     0.466414, 0.829530, 0.307145, 0.000000,
                     0.716733,-0.557903, 0.418375, 0.000000,
                    -0.000010,171.877838,-0.000038, 1.000000;;
                  }
                  Frame Armature_Index01_L {
                    FrameTransformMatrix {
                       0.915060, 0.379353,-0.136959, 0.000000,
                      -0.403159, 0.869918,-0.284089, 0.000000,
                       0.011373, 0.315174, 0.948965, 0.000000,
                      -5.378027,55.339249,-24.943518, 1.000000;;
                    }
                    Frame Armature_Index02_L {
                      FrameTransformMatrix {
                         0.880996, 0.473124,-0.000146, 0.000000,
                        -0.472542, 0.879927, 0.049329, 0.000000,
                         0.023467,-0.043389, 0.998783, 0.000000,
                        -2.207195,39.770569,-0.317836, 1.000000;;
                      }
                      Frame Armature_Index03_L {
                        FrameTransformMatrix {
                           1.000000, 0.000000, 0.000026, 0.000000,
                          -0.000021, 0.573462, 0.819232, 0.000000,
                          -0.000014,-0.819232, 0.573462, 0.000000,
                          -0.282463,27.569683,-1.050706, 1.000000;;
                        }
                      } // End of Armature_Index03_L
                    } // End of Armature_Index02_L
                  } // End of Armature_Index01_L
                  Frame Armature_Middle01_L {
                    FrameTransformMatrix {
                       0.870519, 0.491831, 0.017266, 0.000000,
                      -0.490750, 0.870166,-0.044442, 0.000000,
                      -0.036882, 0.030214, 0.998863, 0.000000,
                      -5.274526,61.946552, 2.297043, 1.000000;;
                    }
                    Frame Armature_Middle02_L {
                      FrameTransformMatrix {
                         0.886965, 0.454213,-0.083571, 0.000000,
                        -0.443455, 0.888147, 0.120598, 0.000000,
                         0.129001,-0.069906, 0.989178, 0.000000,
                         0.726917,43.116913, 0.768635, 1.000000;;
                      }
                      Frame Armature_Middle3_L {
                        FrameTransformMatrix {
                           1.000000, 0.000000, 0.000002, 0.000000,
                          -0.000001, 0.573463, 0.819232, 0.000000,
                          -0.000001,-0.819232, 0.573462, 0.000000,
                          -0.189640,32.270298,-0.938970, 1.000000;;
                        }
                      } // End of Armature_Middle3_L
                    } // End of Armature_Middle02_L
                  } // End of Armature_Middle01_L
                  Frame Armature_Pinky01_L {
                    FrameTransformMatrix {
                       0.893779, 0.437547, 0.098545, 0.000000,
                      -0.448487, 0.869842, 0.205507, 0.000000,
                       0.004201,-0.227874, 0.973682, 0.000000,
                      -9.550728,54.728985,28.829336, 1.000000;;
                    }
                    Frame Armature_Pinky02_L {
                      FrameTransformMatrix {
                         0.887830, 0.460052, 0.010459, 0.000000,
                        -0.460171, 0.887601, 0.020171, 0.000000,
                        -0.000004,-0.022722, 0.999742, 0.000000,
                         0.112904,39.613918, 0.563011, 1.000000;;
                      }
                      Frame Armature_Pinky03_L {
                        FrameTransformMatrix {
                           1.000000,-0.000001,-0.000003, 0.000000,
                           0.000003, 0.573463, 0.819232, 0.000000,
                           0.000001,-0.819232, 0.573463, 0.000000,
                          -0.189629,32.270294,-0.938934, 1.000000;;
                        }
                      } // End of Armature_Pinky03_L
                    } // End of Armature_Pinky02_L
                  } // End of Armature_Pinky01_L
                  Frame Armature_Thumb01_L {
                    FrameTransformMatrix {
                       0.854712,-0.516200, 0.054815, 0.000000,
                      -0.519056,-0.851271, 0.076941, 0.000000,
                       0.006949,-0.094215,-0.995518, 0.000000,
                      -12.599353,-25.391655, 3.054230, 1.000000;;
                    }
                    Frame Armature_Thumb02_L {
                      FrameTransformMatrix {
                         1.000000,-0.000000, 0.000000, 0.000000,
                         0.000000, 0.999742, 0.022722, 0.000000,
                        -0.000000,-0.022722, 0.999742, 0.000000,
                        -1.729806,36.609924, 0.235093, 1.000000;;
                      }
                    } // End of Armature_Thumb02_L
                  } // End of Armature_Thumb01_L
                } // End of Armature_Hand_L
              } // End of Armature_LowerArm_L
            } // End of Armature_UpperArm_L
            Frame Armature_UpperArm_R {
              FrameTransformMatrix {
                 0.352922, 0.320683,-0.878981, 0.000000,
                -0.882544,-0.197904,-0.426555, 0.000000,
                -0.310743, 0.926281, 0.213173, 0.000000,
                -32.906075,-19.313135,-82.735794, 1.000000;;
              }
              Frame Armature_RowerArm_R {
                FrameTransformMatrix {
                   0.987940, 0.154662,-0.007426, 0.000000,
                  -0.022471, 0.190658, 0.981399, 0.000000,
                   0.153201,-0.969396, 0.191834, 0.000000,
                  -0.000017,176.291260, 0.000027, 1.000000;;
                }
                Frame Armature_Hand_R {
                  FrameTransformMatrix {
                     0.411322, 0.227733, 0.882583, 0.000000,
                     0.348082, 0.855655,-0.383006, 0.000000,
                    -0.842409, 0.464750, 0.272680, 0.000000,
                     0.000008,171.877335,-0.000023, 1.000000;;
                  }
                  Frame Armature_Index01_R {
                    FrameTransformMatrix {
                       0.856870, 0.474360, 0.201883, 0.000000,
                      -0.512701, 0.825092, 0.237402, 0.000000,
                      -0.053958,-0.306929, 0.950202, 0.000000,
                      -4.365416,56.017765,23.587982, 1.000000;;
                    }
                    Frame Armature_Index02_R {
                      FrameTransformMatrix {
                         0.904688, 0.425721,-0.017340, 0.000000,
                        -0.426055, 0.903514,-0.046261, 0.000000,
                        -0.004027, 0.049239, 0.998779, 0.000000,
                         0.922213,39.822750,-0.089603, 1.000000;;
                      }
                      Frame Armature_Index03_R {
                        FrameTransformMatrix {
                          -0.998719, 0.050615, 0.000005, 0.000000,
                          -0.029022,-0.572728, 0.819232, 0.000000,
                           0.041469, 0.818181, 0.573462, 0.000000,
                           1.113329,27.548334, 1.050555, 1.000000;;
                        }
                      } // End of Armature_Index03_R
                    } // End of Armature_Index02_R
                  } // End of Armature_Index01_R
                  Frame Armature_Middle01_R {
                    FrameTransformMatrix {
                       0.881348, 0.464379, 0.087054, 0.000000,
                      -0.466024, 0.884771,-0.001614, 0.000000,
                      -0.077772,-0.039147, 0.996202, 0.000000,
                      -2.675714,62.042610,-3.734673, 1.000000;;
                    }
                    Frame Armature_Middle02_R {
                      FrameTransformMatrix {
                         0.888218, 0.452266,-0.080777, 0.000000,
                        -0.452151, 0.891700, 0.020759, 0.000000,
                         0.081417, 0.018085, 0.996516, 0.000000,
                        -0.485376,43.120586,-0.768930, 1.000000;;
                      }
                      Frame Armature_Middle3_R {
                        FrameTransformMatrix {
                          -0.996632,-0.004224,-0.081897, 0.000000,
                          -0.065007,-0.568093, 0.820393, 0.000000,
                          -0.049990, 0.822953, 0.565905, 0.000000,
                          -0.384438,32.274986, 0.699821, 1.000000;;
                        }
                      } // End of Armature_Middle3_R
                    } // End of Armature_Middle02_R
                  } // End of Armature_Middle01_R
                  Frame Armature_Pinky01_R {
                    FrameTransformMatrix {
                       0.906501, 0.416214,-0.070871, 0.000000,
                      -0.418503, 0.863625,-0.281081, 0.000000,
                      -0.055784, 0.284459, 0.957064, 0.000000,
                      -5.944240,54.442410,-30.303261, 1.000000;;
                    }
                    Frame Armature_Pinky02_R {
                      FrameTransformMatrix {
                         0.885131, 0.465091, 0.015282, 0.000000,
                        -0.465342, 0.884653, 0.029074, 0.000000,
                         0.000003,-0.032845, 0.999460, 0.000000,
                        -1.077977,39.593819, 0.897186, 1.000000;;
                      }
                      Frame Armature_Pinky03_R {
                        FrameTransformMatrix {
                           1.000000,-0.000000, 0.000002, 0.000000,
                          -0.000002,-0.523353, 0.852116, 0.000000,
                           0.000001,-0.852116,-0.523353, 0.000000,
                          -1.148804,32.262337, 0.339634, 1.000000;;
                        }
                      } // End of Armature_Pinky03_R
                    } // End of Armature_Pinky02_R
                  } // End of Armature_Pinky01_R
                  Frame Armature_Thumb01_R {
                    FrameTransformMatrix {
                       0.785922,-0.618242,-0.009987, 0.000000,
                      -0.616671,-0.782544,-0.085681, 0.000000,
                       0.045153, 0.073499,-0.996272, 0.000000,
                      -13.441555,-24.940025,-3.187910, 1.000000;;
                    }
                    Frame Armature_Thumb02_R {
                      FrameTransformMatrix {
                        -0.996188, 0.086928, 0.000015, 0.000000,
                        -0.086905,-0.995957, 0.022721, 0.000000,
                         0.001976, 0.022634, 0.999740, 0.000000,
                         1.459127,36.621078,-0.234875, 1.000000;;
                      }
                    } // End of Armature_Thumb02_R
                  } // End of Armature_Thumb01_R
                } // End of Armature_Hand_R
              } // End of Armature_RowerArm_R
            } // End of Armature_UpperArm_R
          } // End of Armature_Chest
          Frame Armature_Wing01_L {
            FrameTransformMatrix {
               0.118596, 0.956823,-0.265375, 0.000000,
              -0.557054,-0.157127,-0.815476, 0.000000,
              -0.821964, 0.244540, 0.514368, 0.000000,
              -56.105713,20.234102,-89.395546, 1.000000;;
            }
            Frame Armature_Wing02_L {
              FrameTransformMatrix {
                 0.309014,-0.950938, 0.015060, 0.000000,
                 0.950931, 0.308676,-0.021196, 0.000000,
                 0.015507, 0.020871, 0.999662, 0.000000,
                 0.000027,299.243988,-0.000096, 1.000000;;
              }
              Frame Armature_Wing03_L {
                FrameTransformMatrix {
                   0.785644, 0.616560,-0.051158, 0.000000,
                  -0.618066, 0.785856,-0.020582, 0.000000,
                   0.027512, 0.047789, 0.998478, 0.000000,
                   0.000092,468.655090,-0.000103, 1.000000;;
                }
                Frame Armature_WingIndex01_L {
                  FrameTransformMatrix {
                     0.897437,-0.441140, 0.001139, 0.000000,
                     0.441134, 0.897434, 0.003583, 0.000000,
                    -0.002603,-0.002713, 0.999993, 0.000000,
                     0.000031,40.398254,-0.000048, 1.000000;;
                  }
                  Frame Armature_WingIndex02_L {
                    FrameTransformMatrix {
                       0.957455, 0.284941,-0.045698, 0.000000,
                      -0.286235, 0.957841,-0.024698, 0.000000,
                       0.036734, 0.036728, 0.998650, 0.000000,
                      -0.000061,209.264587, 0.000072, 1.000000;;
                    }
                    Frame Armature_WingIndex03_L {
                      FrameTransformMatrix {
                         0.479600, 0.259207, 0.838329, 0.000000,
                         0.737507, 0.398596,-0.545165, 0.000000,
                        -0.475466, 0.879735,-0.000000, 0.000000,
                         0.000019,228.365173,-0.000016, 1.000000;;
                      }
                    } // End of Armature_WingIndex03_L
                  } // End of Armature_WingIndex02_L
                } // End of Armature_WingIndex01_L
                Frame Armature_WingMiddle01_L {
                  FrameTransformMatrix {
                     0.999165, 0.039273, 0.011227, 0.000000,
                    -0.039395, 0.999165, 0.010814, 0.000000,
                    -0.010793,-0.011247, 0.999879, 0.000000,
                    -18.335533,37.623718,-3.889082, 1.000000;;
                  }
                  Frame Armature_WingMiddle02_L {
                    FrameTransformMatrix {
                       0.992900, 0.117832,-0.016290, 0.000000,
                      -0.117914, 0.993015,-0.004138, 0.000000,
                       0.015689, 0.006029, 0.999859, 0.000000,
                       0.000047,205.206177,-0.000017, 1.000000;;
                    }
                    Frame Armature_WingMiddle04_L {
                      FrameTransformMatrix {
                        -0.946809,-0.303649, 0.106535, 0.000000,
                        -0.304714, 0.952422, 0.006532, 0.000000,
                        -0.103450,-0.026278,-0.994287, 0.000000,
                        -7.270306,370.676086,-3.474585, 1.000000;;
                      }
                      Frame Armature_WingMiddle05_L {
                        FrameTransformMatrix {
                          -0.493034,-0.030230,-0.869485, 0.000000,
                          -0.867855,-0.053212, 0.493960, 0.000000,
                          -0.061199, 0.998126, 0.000000, 0.000000,
                          -31.631302,539.507446,-7.139803, 1.000000;;
                        }
                      } // End of Armature_WingMiddle05_L
                    } // End of Armature_WingMiddle04_L
                  } // End of Armature_WingMiddle02_L
                } // End of Armature_WingMiddle01_L
                Frame Armature_WingPinky01_L {
                  FrameTransformMatrix {
                    -0.698424,-0.709779, 0.091751, 0.000000,
                    -0.712859, 0.701307,-0.001144, 0.000000,
                    -0.063534,-0.066205,-0.995781, 0.000000,
                    -61.174324,16.226486,-8.790426, 1.000000;;
                  }
                  Frame Armature_WingPinky02_L {
                    FrameTransformMatrix {
                       0.977515,-0.197933, 0.072713, 0.000000,
                       0.195876, 0.980022, 0.034484, 0.000000,
                      -0.078086,-0.019466, 0.996756, 0.000000,
                      -0.000023,195.337509,-0.000107, 1.000000;;
                    }
                    Frame Armature_WingPinky04_L {
                      FrameTransformMatrix {
                         0.969579,-0.244774, 0.001311, 0.000000,
                         0.244773, 0.969580, 0.001083, 0.000000,
                        -0.001536,-0.000729, 0.999999, 0.000000,
                         0.229288,253.069870, 3.635106, 1.000000;;
                      }
                      Frame Armature_WingPinky05_L {
                        FrameTransformMatrix {
                          -0.445037,-0.367401,-0.816675, 0.000000,
                          -0.629791,-0.519924, 0.577098, 0.000000,
                          -0.636635, 0.771165,-0.000000, 0.000000,
                          -10.885849,281.533936,-8.118895, 1.000000;;
                        }
                      } // End of Armature_WingPinky05_L
                    } // End of Armature_WingPinky04_L
                  } // End of Armature_WingPinky02_L
                } // End of Armature_WingPinky01_L
                Frame Armature_WingRing01_L {
                  FrameTransformMatrix {
                     0.904509, 0.420682, 0.069933, 0.000000,
                    -0.423282, 0.905593, 0.027100, 0.000000,
                    -0.051930,-0.054114, 0.997183, 0.000000,
                    -39.982101,25.864651,-5.638462, 1.000000;;
                  }
                  Frame Armature_WingRing02_L {
                    FrameTransformMatrix {
                      -0.972438,-0.142164, 0.184806, 0.000000,
                      -0.143708, 0.989607, 0.005080, 0.000000,
                      -0.183608,-0.021618,-0.982762, 0.000000,
                       0.000015,199.690094, 0.000027, 1.000000;;
                    }
                    Frame Armature_WingRing04_L {
                      FrameTransformMatrix {
                         0.959317,-0.279679, 0.038613, 0.000000,
                         0.279406, 0.960093, 0.012408, 0.000000,
                        -0.040543,-0.001115, 0.999177, 0.000000,
                        14.586182,326.020782, 6.447979, 1.000000;;
                      }
                      Frame Armature_WingRing05_L {
                        FrameTransformMatrix {
                          -0.501265,-0.161078,-0.850169, 0.000000,
                          -0.809405,-0.260096, 0.526509, 0.000000,
                          -0.305934, 0.952053,-0.000000, 0.000000,
                          -34.831932,405.853271,-4.218764, 1.000000;;
                        }
                      } // End of Armature_WingRing05_L
                    } // End of Armature_WingRing04_L
                  } // End of Armature_WingRing02_L
                } // End of Armature_WingRing01_L
              } // End of Armature_Wing03_L
              Frame Armature_WingThumb01_L {
                FrameTransformMatrix {
                   0.009963,-0.000785,-0.000337, 0.000000,
                  -0.000797,-0.009962,-0.000354, 0.000000,
                  -0.000308, 0.000380,-0.009988, 0.000000,
                  -95.058289,-148.098190,-4.081154, 1.000000;;
                }
              } // End of Armature_WingThumb01_L
            } // End of Armature_Wing02_L
          } // End of Armature_Wing01_L
          Frame Armature_Wing01_R {
            FrameTransformMatrix {
              -0.065339,-0.969658,-0.235570, 0.000000,
              -0.504446,-0.171591, 0.846221, 0.000000,
              -0.860967, 0.174124,-0.477929, 0.000000,
              -56.106041,20.234125,89.395592, 1.000000;;
            }
            Frame Armature_Wing02_R {
              FrameTransformMatrix {
                 0.309013, 0.950939,-0.015058, 0.000000,
                -0.950932, 0.308675,-0.021182, 0.000000,
                -0.015495, 0.020865, 0.999663, 0.000000,
                 0.000023,299.244171,-0.000007, 1.000000;;
              }
              Frame Armature_Wing03_R {
                FrameTransformMatrix {
                   0.813298,-0.579861, 0.048035, 0.000000,
                   0.579806, 0.814588, 0.016492, 0.000000,
                  -0.048692, 0.014438, 0.998709, 0.000000,
                   0.000076,468.654907, 0.000015, 1.000000;;
                }
                Frame Armature_WingIndex01_R {
                  FrameTransformMatrix {
                     0.897427, 0.441160,-0.001143, 0.000000,
                    -0.441154, 0.897424, 0.003593, 0.000000,
                     0.002611,-0.002720, 0.999993, 0.000000,
                     0.000040,40.398132, 0.000008, 1.000000;;
                  }
                  Frame Armature_WingIndex02_R {
                    FrameTransformMatrix {
                       0.957453,-0.284947, 0.045705, 0.000000,
                       0.286241, 0.957839,-0.024701, 0.000000,
                      -0.036740, 0.036733, 0.998650, 0.000000,
                      -0.000076,209.265167,-0.000061, 1.000000;;
                    }
                    Frame Armature_WingIndex03_R {
                      FrameTransformMatrix {
                         0.479598,-0.259205,-0.838331, 0.000000,
                         0.737510,-0.398595, 0.545162, 0.000000,
                        -0.475463,-0.879736, 0.000001, 0.000000,
                        -0.000053,228.364395, 0.000031, 1.000000;;
                      }
                    } // End of Armature_WingIndex03_R
                  } // End of Armature_WingIndex02_R
                } // End of Armature_WingIndex01_R
                Frame Armature_WingMiddle01_R {
                  FrameTransformMatrix {
                     0.999146,-0.039764,-0.011239, 0.000000,
                     0.039886, 0.999146, 0.010813, 0.000000,
                     0.010799,-0.011252, 0.999878, 0.000000,
                    18.335320,37.623741,-3.888905, 1.000000;;
                  }
                  Frame Armature_WingMiddle02_R {
                    FrameTransformMatrix {
                       0.992900,-0.117831, 0.016296, 0.000000,
                       0.117912, 0.993015,-0.004139, 0.000000,
                      -0.015694, 0.006032, 0.999859, 0.000000,
                      -0.000031,205.206177, 0.000069, 1.000000;;
                    }
                    Frame Armature_WingMiddle04_R {
                      FrameTransformMatrix {
                        -0.946811, 0.303651,-0.106511, 0.000000,
                         0.304716, 0.952420, 0.006531, 0.000000,
                         0.103426,-0.026272,-0.994290, 0.000000,
                         4.796478,414.726166,-2.164345, 1.000000;;
                      }
                      Frame Armature_WingMiddle05_R {
                        FrameTransformMatrix {
                          -0.493050, 0.030231, 0.869475, 0.000000,
                          -0.867846, 0.053211,-0.493976, 0.000000,
                          -0.061199,-0.998126, 0.000000, 0.000000,
                          16.053284,498.297821,-4.423994, 1.000000;;
                        }
                      } // End of Armature_WingMiddle05_R
                    } // End of Armature_WingMiddle04_R
                  } // End of Armature_WingMiddle02_R
                } // End of Armature_WingMiddle01_R
                Frame Armature_WingPinky01_R {
                  FrameTransformMatrix {
                    -0.698517, 0.709688,-0.091742, 0.000000,
                     0.712768, 0.701399,-0.001155, 0.000000,
                     0.063528,-0.066198,-0.995782, 0.000000,
                    61.174309,16.226940,-8.790604, 1.000000;;
                  }
                  Frame Armature_WingPinky02_R {
                    FrameTransformMatrix {
                       0.977514, 0.197936,-0.072710, 0.000000,
                      -0.195878, 0.980022, 0.034484, 0.000000,
                       0.078083,-0.019466, 0.996757, 0.000000,
                       0.000031,195.337753, 0.000072, 1.000000;;
                    }
                    Frame Armature_WingPinky04_R {
                      FrameTransformMatrix {
                         0.969580, 0.244773,-0.001310, 0.000000,
                        -0.244772, 0.969580, 0.001081, 0.000000,
                         0.001534,-0.000728, 0.999999, 0.000000,
                        -9.829638,246.306427, 2.711362, 1.000000;;
                      }
                      Frame Armature_WingPinky05_R {
                        FrameTransformMatrix {
                          -0.445037, 0.367399, 0.816676, 0.000000,
                          -0.629793, 0.519924,-0.577096, 0.000000,
                          -0.636634,-0.771166, 0.000000, 0.000000,
                          21.847778,285.742218,-7.185299, 1.000000;;
                        }
                      } // End of Armature_WingPinky05_R
                    } // End of Armature_WingPinky04_R
                  } // End of Armature_WingPinky02_R
                } // End of Armature_WingPinky01_R
                Frame Armature_WingRing01_R {
                  FrameTransformMatrix {
                     0.903522,-0.422785,-0.070007, 0.000000,
                     0.425383, 0.904612, 0.026941, 0.000000,
                     0.051939,-0.054121, 0.997183, 0.000000,
                    39.982059,25.864571,-5.638546, 1.000000;;
                  }
                  Frame Armature_WingRing02_R {
                    FrameTransformMatrix {
                      -0.972431, 0.142168,-0.184844, 0.000000,
                       0.143713, 0.989606, 0.005081, 0.000000,
                       0.183645,-0.021624,-0.982755, 0.000000,
                       0.000000,199.690659, 0.000034, 1.000000;;
                    }
                    Frame Armature_WingRing04_R {
                      FrameTransformMatrix {
                         0.959316, 0.279678,-0.038642, 0.000000,
                        -0.279405, 0.960093, 0.012417, 0.000000,
                         0.040573,-0.001115, 0.999176, 0.000000,
                        -13.788963,362.525909, 6.754261, 1.000000;;
                      }
                      Frame Armature_WingRing05_R {
                        FrameTransformMatrix {
                          -0.501261, 0.161076, 0.850171, 0.000000,
                          -0.809408, 0.260096,-0.526506, 0.000000,
                          -0.305934,-0.952053, 0.000000, 0.000000,
                          23.868980,371.023804,-4.515537, 1.000000;;
                        }
                      } // End of Armature_WingRing05_R
                    } // End of Armature_WingRing04_R
                  } // End of Armature_WingRing02_R
                } // End of Armature_WingRing01_R
              } // End of Armature_Wing03_R
              Frame Armature_WingThumb01_R {
                FrameTransformMatrix {
                   0.009964, 0.000785, 0.000338, 0.000000,
                   0.000797,-0.009962,-0.000354, 0.000000,
                   0.000309, 0.000380,-0.009988, 0.000000,
                  92.550125,-148.258560,-3.857296, 1.000000;;
                }
              } // End of Armature_WingThumb01_R
            } // End of Armature_Wing02_R
          } // End of Armature_Wing01_R
        } // End of Armature_Spine02
      } // End of Armature_Spine01
      Frame Armature_UpperLeg_L {
        FrameTransformMatrix {
           0.622311,-0.045470,-0.781448, 0.000000,
          -0.716836, 0.367925,-0.592265, 0.000000,
           0.314444, 0.928743, 0.196369, 0.000000,
           6.620132,85.229698,-42.187729, 1.000000;;
        }
        Frame Armature_LowerLeg_L {
          FrameTransformMatrix {
             0.435230,-0.897341, 0.073166, 0.000000,
             0.884835, 0.411322,-0.218818, 0.000000,
             0.166260, 0.159976, 0.973018, 0.000000,
            -0.000010,179.437592,-0.000004, 1.000000;;
          }
          Frame Armature_Feet_L {
            FrameTransformMatrix {
               0.852796, 0.424199, 0.304621, 0.000000,
              -0.492706, 0.846901, 0.199998, 0.000000,
              -0.173145,-0.320646, 0.931239, 0.000000,
               0.000014,155.874374, 0.000015, 1.000000;;
            }
            Frame Armature_IndexToe01_L {
              FrameTransformMatrix {
                 0.877420, 0.460156,-0.135607, 0.000000,
                -0.479692, 0.844728,-0.237337, 0.000000,
                 0.005339, 0.273294, 0.961916, 0.000000,
                -3.430718,25.755102,-25.501051, 1.000000;;
              }
              Frame Armature_IndexToe02_L {
                FrameTransformMatrix {
                   0.858032, 0.513469, 0.011439, 0.000000,
                  -0.513597, 0.857807, 0.019633, 0.000000,
                   0.000269,-0.022721, 0.999742, 0.000000,
                  -2.437497,28.115898,-0.141933, 1.000000;;
                }
                Frame Armature_IndexToe03_L {
                  FrameTransformMatrix {
                     1.000000,-0.000000, 0.000002, 0.000000,
                    -0.000001, 0.573462, 0.819232, 0.000000,
                    -0.000001,-0.819232, 0.573462, 0.000000,
                    -0.282478,27.569674,-1.050733, 1.000000;;
                  }
                } // End of Armature_IndexToe03_L
              } // End of Armature_IndexToe02_L
            } // End of Armature_IndexToe01_L
            Frame Armature_MiddleToe01_L {
              FrameTransformMatrix {
                 0.851030, 0.524200, 0.031017, 0.000000,
                -0.523710, 0.842947, 0.123157, 0.000000,
                 0.038413,-0.121054, 0.991903, 0.000000,
                -3.218631,31.106060,-5.303331, 1.000000;;
              }
              Frame Armature_MiddleToe02_L {
                FrameTransformMatrix {
                   0.809188, 0.587398, 0.013351, 0.000000,
                  -0.587550, 0.808979, 0.018385, 0.000000,
                  -0.000001,-0.022721, 0.999742, 0.000000,
                   0.028368,36.646297, 0.243298, 1.000000;;
                }
                Frame Armature_MiddleToe03_L {
                  FrameTransformMatrix {
                     1.000000, 0.000000,-0.000000, 0.000000,
                     0.000000, 0.573462, 0.819232, 0.000000,
                     0.000000,-0.819232, 0.573462, 0.000000,
                    -0.189641,32.270279,-0.938931, 1.000000;;
                  }
                } // End of Armature_MiddleToe03_L
              } // End of Armature_MiddleToe02_L
            } // End of Armature_MiddleToe01_L
            Frame Armature_PinkyToe01_L {
              FrameTransformMatrix {
                 0.867209, 0.455882, 0.200299, 0.000000,
                -0.497856, 0.786249, 0.365993, 0.000000,
                 0.009365,-0.417113, 0.908807, 0.000000,
                -7.263635,23.997818,14.883972, 1.000000;;
              }
              Frame Armature_PinkyToe02_L {
                FrameTransformMatrix {
