xof 0303txt 0032

template XSkinMeshHeader {
  <3cf169ce-ff7c-44ab-93c0-f78f62d172e2>
  WORD nMaxSkinWeightsPerVertex;
  WORD nMaxSkinWeightsPerFace;
  WORD nBones;
}

template SkinWeights {
  <6f0d123b-bad2-4167-a0d0-80224f25fabb>
  STRING transformNodeName;
  DWORD nWeights;
  array DWORD vertexIndices[nWeights];
  array float weights[nWeights];
  Matrix4x4 matrixOffset;
}

Frame Root {
  FrameTransformMatrix {
     1.000000, 0.000000, 0.000000, 0.000000,
     0.000000,-0.000000,-1.000000, 0.000000,
     0.000000, 1.000000,-0.000000, 0.000000,
     0.000000, 0.000000, 0.000000, 1.000000;;
  }
  Frame Armature {
    FrameTransformMatrix {
       0.010000, 0.000000, 0.000000, 0.000000,
       0.000000, 0.010000, 0.000000, 0.000000,
       0.000000, 0.000000, 0.010000, 0.000000,
       0.000000, 0.000000, 0.000000, 1.000000;;
    }
    Frame Armature_Root {
      FrameTransformMatrix {
         0.055051,-0.991393,-0.118785, 0.000000,
         0.995913, 0.045989, 0.077727, 0.000000,
        -0.071595,-0.122578, 0.989873, 0.000000,
        -0.000000,-844.087280,-47.756180, 1.000000;;
      }
      Frame Armature_Spine01 {
        FrameTransformMatrix {
           0.176004, 0.017060, 0.984242, 0.000000,
           0.983274, 0.044523,-0.176603, 0.000000,
          -0.046834, 0.998863,-0.008939, 0.000000,
          97.524010,-0.000008, 0.000006, 1.000000;;
        }
        Frame Armature_Spine02 {
          FrameTransformMatrix {
            -0.997079, 0.075934,-0.008183, 0.000000,
             0.076278, 0.995455,-0.057012, 0.000000,
             0.003817,-0.057470,-0.998340, 0.000000,
             0.000001,114.438560,-0.000009, 1.000000;;
          }
          Frame Armature_Chest {
            FrameTransformMatrix {
              -0.955229, 0.294222, 0.031171, 0.000000,
               0.285174, 0.887508, 0.361947, 0.000000,
               0.078828, 0.354632,-0.931677, 0.000000,
              10.080460,125.795158,-23.490742, 1.000000;;
            }
            Frame Armature_Neck01 {
              FrameTransformMatrix {
                 0.767199,-0.641409,-0.000000, 0.000000,
                 0.641409, 0.767199,-0.000000, 0.000000,
                 0.000000,-0.000000, 1.000000, 0.000000,
                 0.000000,126.849571, 0.000042, 1.000000;;
              }
              Frame Armature_Neck02 {
                FrameTransformMatrix {
                   0.774256,-0.632872,-0.000000, 0.000000,
                   0.632872, 0.774257,-0.000000, 0.000000,
                   0.000000, 0.000000, 1.000000, 0.000000,
                  -0.000008,122.347473,-0.000010, 1.000000;;
                }
                Frame Armature_Neck03 {
                  FrameTransformMatrix {
                     0.915999,-0.401180,-0.000000, 0.000000,
                     0.401180, 0.915999,-0.000000, 0.000000,
                     0.000000, 0.000000, 1.000000, 0.000000,
                    -0.000045,112.527191,-0.000015, 1.000000;;
                  }
                  Frame Armature_Head {
                    FrameTransformMatrix {
                       0.277290, 0.014291, 0.960680, 0.000000,
                      -0.958184,-0.069426, 0.277602, 0.000000,
                       0.070664,-0.997485,-0.005557, 0.000000,
                       0.000190,105.244041, 0.000085, 1.000000;;
                    }
                    Frame Armature_Eye_L {
                      FrameTransformMatrix {
                         1.000000,-0.000000,-0.000000, 0.000000,
                        -0.000000, 1.000000,-0.000000, 0.000000,
                         0.000000,-0.000000, 1.000000, 0.000000,
                        34.315434,64.830635,-31.983597, 1.000000;;
                      }
                    } // End of Armature_Eye_L
                    Frame Armature_Eye_R {
                      FrameTransformMatrix {
                         1.000000,-0.000000,-0.000000, 0.000000,
                        -0.000000,-1.000000, 0.000000, 0.000000,
                        -0.000000,-0.000000,-1.000000, 0.000000,
                        -34.315411,64.831085,-31.984045, 1.000000;;
                      }
                    } // End of Armature_Eye_R
                    Frame Armature_Eye_Under_L {
                      FrameTransformMatrix {
                         1.000000,-0.000000,-0.000000, 0.000000,
                        -0.000000, 1.000000,-0.000000, 0.000000,
                         0.000000,-0.000000, 1.000000, 0.000000,
                        38.478428,70.034729,-12.224467, 1.000000;;
                      }
                    } // End of Armature_Eye_Under_L
                    Frame Armature_Eye_Under_R {
                      FrameTransformMatrix {
                         1.000000,-0.000000,-0.000000, 0.000000,
                        -0.000000,-1.000000, 0.000000, 0.000000,
                        -0.000000,-0.000000,-1.000000, 0.000000,
                        -38.478405,70.035118,-12.224024, 1.000000;;
                      }
                    } // End of Armature_Eye_Under_R
                    Frame Armature_Jaw01 {
                      FrameTransformMatrix {
                        -0.000000, 0.118914, 0.992905, 0.000000,
                         0.000000, 0.992904,-0.118914, 0.000000,
                        -1.000000, 0.000000,-0.000000, 0.000000,
                        -0.000001,77.522568,42.305012, 1.000000;;
                      }
                      Frame Armature_Jaw02 {
                        FrameTransformMatrix {
                          -0.778932,-0.627109,-0.000001, 0.000000,
                           0.000001, 0.000000,-1.000000, 0.000000,
                           0.627109,-0.778932, 0.000000, 0.000000,
                           0.000045,131.770615, 0.000004, 1.000000;;
                        }
                      } // End of Armature_Jaw02
                    } // End of Armature_Jaw01
                    Frame Armature_Tongue01 {
                      FrameTransformMatrix {
                        -0.000002,-0.059581, 0.998223, 0.000000,
                         0.000000, 0.998224, 0.059581, 0.000000,
                        -1.000000, 0.000000,-0.000002, 0.000000,
                        -0.000001,31.774866,21.651606, 1.000000;;
                      }
                      Frame Armature_Tongue02 {
                        FrameTransformMatrix {
                           0.999698,-0.024564,-0.000000, 0.000000,
                           0.024564, 0.999698,-0.000000, 0.000000,
                           0.000000, 0.000000, 1.000000, 0.000000,
                           0.000030,53.170036, 0.000007, 1.000000;;
                        }
                        Frame Armature_Tongue03 {
                          FrameTransformMatrix {
                             0.999766,-0.021643, 0.000000, 0.000000,
                             0.021643, 0.999766,-0.000000, 0.000000,
                            -0.000000, 0.000000, 1.000000, 0.000000,
                            -0.000037,46.743229, 0.000005, 1.000000;;
                          }
                          Frame Armature_Tongue04 {
                            FrameTransformMatrix {
                              -0.962206,-0.272321,-0.000001, 0.000000,
                               0.000000, 0.000003,-1.000000, 0.000000,
                               0.272321,-0.962206,-0.000002, 0.000000,
                              -0.000043,54.004112,-0.000000, 1.000000;;
                            }
                          } // End of Armature_Tongue04
                        } // End of Armature_Tongue03
                      } // End of Armature_Tongue02
                    } // End of Armature_Tongue01
                    Frame Armature_UpperMouth01 {
                      FrameTransformMatrix {
                        -0.000003, 0.093321,-0.995636, 0.000000,
                         0.000001, 0.995636, 0.093321, 0.000000,
                         1.000000,-0.000000,-0.000003, 0.000000,
                        -0.000006,97.247673,-15.644009, 1.000000;;
                      }
                      Frame Armature_UpperMouth02 {
                        FrameTransformMatrix {
                           0.995693, 0.092716,-0.000000, 0.000000,
                          -0.000000, 0.000002, 1.000000, 0.000000,
                           0.092716,-0.995693, 0.000002, 0.000000,
                          -0.000018,97.058861,-0.000002, 1.000000;;
                        }
                      } // End of Armature_UpperMouth02
                    } // End of Armature_UpperMouth01
                  } // End of Armature_Head
                } // End of Armature_Neck03
              } // End of Armature_Neck02
            } // End of Armature_Neck01
            Frame Armature_UpperArm_L {
              FrameTransformMatrix {
                 0.278608, 0.872004, 0.402475, 0.000000,
                 0.119144,-0.447212, 0.886457, 0.000000,
                 0.952986,-0.199021,-0.228491, 0.000000,
                -32.905933,-19.313309,82.735870, 1.000000;;
              }
              Frame Armature_LowerArm_L {
                FrameTransformMatrix {
                   0.982284, 0.180997,-0.048560, 0.000000,
                  -0.009257,-0.211950,-0.977237, 0.000000,
                  -0.187169, 0.960373,-0.206520, 0.000000,
                   0.000093,176.291061, 0.000008, 1.000000;;
                }
                Frame Armature_Hand_L {
                  FrameTransformMatrix {
                    -0.194832,-0.978400, 0.069092, 0.000000,
                     0.979547,-0.190481, 0.064847, 0.000000,
                    -0.050285, 0.080313, 0.995500, 0.000000,
                     0.000038,171.877808, 0.000013, 1.000000;;
                  }
                  Frame Armature_Index01_L {
                    FrameTransformMatrix {
                       0.999777,-0.020738, 0.004055, 0.000000,
                       0.020953, 0.948051,-0.317428, 0.000000,
                       0.002739, 0.317442, 0.948274, 0.000000,
                      -5.378016,55.339474,-24.943542, 1.000000;;
                    }
                    Frame Armature_Index02_L {
                      FrameTransformMatrix {
                         1.000000,-0.000000, 0.000029, 0.000000,
                        -0.000001, 0.999241, 0.038962, 0.000000,
                        -0.000029,-0.038962, 0.999241, 0.000000,
                        -2.207226,39.770840,-0.317822, 1.000000;;
                      }
                      Frame Armature_Index03_L {
                        FrameTransformMatrix {
                           1.000000, 0.000000, 0.000026, 0.000000,
                          -0.000021, 0.573462, 0.819232, 0.000000,
                          -0.000014,-0.819232, 0.573462, 0.000000,
                          -0.282453,27.569580,-1.050718, 1.000000;;
                        }
                      } // End of Armature_Index03_L
                    } // End of Armature_Index02_L
                  } // End of Armature_Index01_L
                  Frame Armature_Middle01_L {
                    FrameTransformMatrix {
                       0.997438, 0.064516,-0.030899, 0.000000,
                      -0.066263, 0.996038,-0.059304, 0.000000,
                       0.026950, 0.061199, 0.997761, 0.000000,
                      -5.274518,61.946747, 2.297029, 1.000000;;
                    }
                    Frame Armature_Middle02_L {
                      FrameTransformMatrix {
                         1.000000,-0.000001,-0.000004, 0.000000,
                         0.000001, 0.999742, 0.022721, 0.000000,
                         0.000004,-0.022721, 0.999742, 0.000000,
                         0.726893,43.116886, 0.768659, 1.000000;;
                      }
                      Frame Armature_Middle3_L {
                        FrameTransformMatrix {
                           1.000000, 0.000000, 0.000002, 0.000000,
                          -0.000001, 0.573462, 0.819232, 0.000000,
                          -0.000001,-0.819232, 0.573462, 0.000000,
                          -0.189636,32.270283,-0.938927, 1.000000;;
                        }
                      } // End of Armature_Middle3_L
                    } // End of Armature_Middle02_L
                  } // End of Armature_Middle01_L
                  Frame Armature_Pinky01_L {
                    FrameTransformMatrix {
                       0.999960,-0.006735,-0.005890, 0.000000,
                       0.007900, 0.973667, 0.227837, 0.000000,
                       0.004201,-0.227874, 0.973682, 0.000000,
                      -9.550735,54.729122,28.829304, 1.000000;;
                    }
                    Frame Armature_Pinky02_L {
                      FrameTransformMatrix {
                         1.000000, 0.000002, 0.000004, 0.000000,
                        -0.000002, 0.999742, 0.022722, 0.000000,
                        -0.000004,-0.022722, 0.999742, 0.000000,
                         0.112884,39.613846, 0.563046, 1.000000;;
                      }
                      Frame Armature_Pinky03_L {
                        FrameTransformMatrix {
                           1.000000,-0.000001,-0.000003, 0.000000,
                           0.000003, 0.573463, 0.819232, 0.000000,
                           0.000001,-0.819232, 0.573463, 0.000000,
                          -0.189633,32.270420,-0.939013, 1.000000;;
                        }
                      } // End of Armature_Pinky03_L
                    } // End of Armature_Pinky02_L
                  } // End of Armature_Pinky01_L
                  Frame Armature_Thumb01_L {
                    FrameTransformMatrix {
                       0.999762,-0.019929, 0.008861, 0.000000,
                      -0.020675,-0.995353, 0.094054, 0.000000,
                       0.006949,-0.094215,-0.995518, 0.000000,
                      -12.599335,-25.391527, 3.054225, 1.000000;;
                    }
                    Frame Armature_Thumb02_L {
                      FrameTransformMatrix {
                         1.000000,-0.000000, 0.000000, 0.000000,
                         0.000000, 0.999742, 0.022722, 0.000000,
                        -0.000000,-0.022722, 0.999742, 0.000000,
                        -1.729827,36.609829, 0.235104, 1.000000;;
                      }
                    } // End of Armature_Thumb02_L
                  } // End of Armature_Thumb01_L
                } // End of Armature_Hand_L
              } // End of Armature_LowerArm_L
            } // End of Armature_UpperArm_L
            Frame Armature_UpperArm_R {
              FrameTransformMatrix {
                 0.733449, 0.675191, 0.078546, 0.000000,
                 0.045932, 0.066060,-0.996758, 0.000000,
                -0.678191, 0.734679, 0.017439, 0.000000,
                -32.906132,-19.313223,-82.735771, 1.000000;;
              }
              Frame Armature_RowerArm_R {
                FrameTransformMatrix {
                   0.986414, 0.163848, 0.011903, 0.000000,
                  -0.020617, 0.051587, 0.998456, 0.000000,
                   0.162980,-0.985136, 0.054265, 0.000000,
                  -0.000061,176.291275, 0.000027, 1.000000;;
                }
                Frame Armature_Hand_R {
                  FrameTransformMatrix {
                     0.368094,-0.916752,-0.155153, 0.000000,
                     0.929760, 0.361611, 0.069167, 0.000000,
                    -0.007304,-0.169715, 0.985466, 0.000000,
                     0.000053,171.877319,-0.000038, 1.000000;;
                  }
                  Frame Armature_Index01_R {
                    FrameTransformMatrix {
                       0.997907, 0.017384, 0.062282, 0.000000,
                      -0.035634, 0.951574, 0.305348, 0.000000,
                      -0.053958,-0.306929, 0.950202, 0.000000,
                      -4.365367,56.018009,23.587980, 1.000000;;
                    }
                    Frame Armature_Index02_R {
                      FrameTransformMatrix {
                         0.999593,-0.027996, 0.005410, 0.000000,
                         0.028228, 0.998395,-0.049107, 0.000000,
                        -0.004027, 0.049239, 0.998779, 0.000000,
                         0.922212,39.822777,-0.089594, 1.000000;;
                      }
                      Frame Armature_Index03_R {
                        FrameTransformMatrix {
                          -0.998719, 0.050615, 0.000005, 0.000000,
                          -0.029022,-0.572728, 0.819232, 0.000000,
                           0.041469, 0.818181, 0.573462, 0.000000,
                           1.113365,27.548380, 1.050550, 1.000000;;
                        }
                      } // End of Armature_Index03_R
                    } // End of Armature_Index02_R
                  } // End of Armature_Index01_R
                  Frame Armature_Middle01_R {
                    FrameTransformMatrix {
                       0.996971,-0.001894, 0.077758, 0.000000,
                      -0.001157, 0.999232, 0.039175, 0.000000,
                      -0.077772,-0.039147, 0.996202, 0.000000,
                      -2.675713,62.042885,-3.734679, 1.000000;;
                    }
                    Frame Armature_Middle02_R {
                      FrameTransformMatrix {
                         0.996394, 0.022484,-0.081815, 0.000000,
                        -0.023886, 0.999584,-0.016189, 0.000000,
                         0.081417, 0.018085, 0.996516, 0.000000,
                        -0.485367,43.120544,-0.768955, 1.000000;;
                      }
                      Frame Armature_Middle3_R {
                        FrameTransformMatrix {
                          -0.996632,-0.004223,-0.081897, 0.000000,
                          -0.065007,-0.568093, 0.820393, 0.000000,
                          -0.049990, 0.822953, 0.565905, 0.000000,
                          -0.384464,32.275093, 0.699861, 1.000000;;
                        }
                      } // End of Armature_Middle3_R
                    } // End of Armature_Middle02_R
                  } // End of Armature_Middle01_R
                  Frame Armature_Pinky01_R {
                    FrameTransformMatrix {
                       0.994406,-0.070278, 0.078849, 0.000000,
                       0.089690, 0.956109,-0.278948, 0.000000,
                      -0.055784, 0.284459, 0.957064, 0.000000,
                      -5.944227,54.442554,-30.303280, 1.000000;;
                    }
                    Frame Armature_Pinky02_R {
                      FrameTransformMatrix {
                         1.000000, 0.000001,-0.000003, 0.000000,
                        -0.000001, 0.999460, 0.032845, 0.000000,
                         0.000003,-0.032845, 0.999460, 0.000000,
                        -1.077987,39.593834, 0.897224, 1.000000;;
                      }
                      Frame Armature_Pinky03_R {
                        FrameTransformMatrix {
                           1.000000,-0.000000, 0.000002, 0.000000,
                          -0.000002,-0.523353, 0.852116, 0.000000,
                           0.000001,-0.852116,-0.523353, 0.000000,
                          -1.148775,32.262436, 0.339647, 1.000000;;
                        }
                      } // End of Armature_Pinky03_R
                    } // End of Armature_Pinky02_R
                  } // End of Armature_Pinky01_R
                  Frame Armature_Thumb01_R {
                    FrameTransformMatrix {
                       0.988782,-0.145405, 0.034090, 0.000000,
                      -0.142359,-0.986638,-0.079240, 0.000000,
                       0.045153, 0.073499,-0.996272, 0.000000,
                      -13.441573,-24.939787,-3.187922, 1.000000;;
                    }
                    Frame Armature_Thumb02_R {
                      FrameTransformMatrix {
                        -0.996188, 0.086928, 0.000015, 0.000000,
                        -0.086905,-0.995957, 0.022721, 0.000000,
                         0.001976, 0.022634, 0.999740, 0.000000,
                         1.459103,36.621098,-0.234866, 1.000000;;
                      }
                    } // End of Armature_Thumb02_R
                  } // End of Armature_Thumb01_R
                } // End of Armature_Hand_R
              } // End of Armature_RowerArm_R
            } // End of Armature_UpperArm_R
          } // End of Armature_Chest
          Frame Armature_Wing01_L {
            FrameTransformMatrix {
              -0.479839, 0.564952,-0.671255, 0.000000,
              -0.618476,-0.760469,-0.197926, 0.000000,
              -0.622287, 0.320183, 0.714312, 0.000000,
              -56.105644,20.233944,-89.395546, 1.000000;;
            }
            Frame Armature_Wing02_L {
              FrameTransformMatrix {
                -0.667426,-0.744179, 0.027196, 0.000000,
                 0.743972,-0.667938,-0.019093, 0.000000,
                 0.032374, 0.007489, 0.999448, 0.000000,
                 0.000107,299.244110, 0.000061, 1.000000;;
              }
              Frame Armature_Wing03_L {
                FrameTransformMatrix {
                   0.088631, 0.993886, 0.065837, 0.000000,
                  -0.863738, 0.109607,-0.491877, 0.000000,
                  -0.496086,-0.013270, 0.868172, 0.000000,
                   0.000011,468.655182,-0.000061, 1.000000;;
                }
                Frame Armature_WingIndex01_L {
                  FrameTransformMatrix {
                     0.707360, 0.706843, 0.003759, 0.000000,
                    -0.706848, 0.707365, 0.000079, 0.000000,
                    -0.002603,-0.002713, 0.999993, 0.000000,
                    -0.000017,40.398342,-0.000099, 1.000000;;
                  }
                  Frame Armature_WingIndex02_L {
                    FrameTransformMatrix {
                       0.957455, 0.284941,-0.045698, 0.000000,
                      -0.286235, 0.957841,-0.024698, 0.000000,
                       0.036734, 0.036728, 0.998650, 0.000000,
                       0.000059,209.264648,-0.000015, 1.000000;;
                    }
                    Frame Armature_WingIndex03_L {
                      FrameTransformMatrix {
                         0.479600, 0.259207, 0.838329, 0.000000,
                         0.737507, 0.398596,-0.545165, 0.000000,
                        -0.475466, 0.879735,-0.000000, 0.000000,
                         0.000042,228.365143, 0.000092, 1.000000;;
                      }
                    } // End of Armature_WingIndex03_L
                  } // End of Armature_WingIndex02_L
                } // End of Armature_WingIndex01_L
                Frame Armature_WingMiddle01_L {
                  FrameTransformMatrix {
                     0.526401, 0.850099, 0.015245, 0.000000,
                    -0.850168, 0.526502,-0.003255, 0.000000,
                    -0.010793,-0.011247, 0.999879, 0.000000,
                    -18.335581,37.623672,-3.889191, 1.000000;;
                  }
                  Frame Armature_WingMiddle02_L {
                    FrameTransformMatrix {
                       0.992900, 0.117832,-0.016290, 0.000000,
                      -0.117914, 0.993015,-0.004138, 0.000000,
                       0.015689, 0.006029, 0.999859, 0.000000,
                      -0.000008,205.206161, 0.000031, 1.000000;;
                    }
                    Frame Armature_WingMiddle04_L {
                      FrameTransformMatrix {
                        -0.946809,-0.303649, 0.106535, 0.000000,
                        -0.304713, 0.952422, 0.006532, 0.000000,
                        -0.103450,-0.026278,-0.994287, 0.000000,
                        -7.270256,370.676117,-3.474396, 1.000000;;
                      }
                      Frame Armature_WingMiddle05_L {
                        FrameTransformMatrix {
                          -0.493034,-0.030230,-0.869485, 0.000000,
                          -0.867855,-0.053212, 0.493960, 0.000000,
                          -0.061199, 0.998126, 0.000000, 0.000000,
                          -31.631260,539.507263,-7.139748, 1.000000;;
                        }
                      } // End of Armature_WingMiddle05_L
                    } // End of Armature_WingMiddle04_L
                  } // End of Armature_WingMiddle02_L
                } // End of Armature_WingMiddle01_L
                Frame Armature_WingPinky01_L {
                  FrameTransformMatrix {
                    -0.252966,-0.964142, 0.080241, 0.000000,
                    -0.965387, 0.256997, 0.044508, 0.000000,
                    -0.063534,-0.066205,-0.995781, 0.000000,
                    -61.174423,16.226555,-8.790504, 1.000000;;
                  }
                  Frame Armature_WingPinky02_L {
                    FrameTransformMatrix {
                       0.977515,-0.197933, 0.072713, 0.000000,
                       0.195876, 0.980022, 0.034484, 0.000000,
                      -0.078086,-0.019466, 0.996756, 0.000000,
                       0.000000,195.337662, 0.000008, 1.000000;;
                    }
                    Frame Armature_WingPinky04_L {
                      FrameTransformMatrix {
                         0.969579,-0.244774, 0.001311, 0.000000,
                         0.244773, 0.969580, 0.001083, 0.000000,
                        -0.001536,-0.000729, 0.999999, 0.000000,
                         0.229279,253.069901, 3.635048, 1.000000;;
                      }
                      Frame Armature_WingPinky05_L {
                        FrameTransformMatrix {
                          -0.445037,-0.367401,-0.816675, 0.000000,
                          -0.629791,-0.519924, 0.577098, 0.000000,
                          -0.636636, 0.771165,-0.000000, 0.000000,
                          -10.885841,281.534027,-8.118996, 1.000000;;
                        }
                      } // End of Armature_WingPinky05_L
                    } // End of Armature_WingPinky04_L
                  } // End of Armature_WingPinky02_L
                } // End of Armature_WingPinky01_L
                Frame Armature_WingRing01_L {
                  FrameTransformMatrix {
                     0.413673, 0.907668, 0.070799, 0.000000,
                    -0.908943, 0.416185,-0.024750, 0.000000,
                    -0.051930,-0.054114, 0.997183, 0.000000,
                    -39.982143,25.864674,-5.638420, 1.000000;;
                  }
                  Frame Armature_WingRing02_L {
                    FrameTransformMatrix {
                      -0.972438,-0.142164, 0.184806, 0.000000,
                      -0.143708, 0.989607, 0.005080, 0.000000,
                      -0.183608,-0.021618,-0.982762, 0.000000,
                      -0.000050,199.690155, 0.000015, 1.000000;;
                    }
                    Frame Armature_WingRing04_L {
                      FrameTransformMatrix {
                         0.959317,-0.279680, 0.038613, 0.000000,
                         0.279406, 0.960093, 0.012408, 0.000000,
                        -0.040543,-0.001115, 0.999177, 0.000000,
                        14.586182,326.020966, 6.447945, 1.000000;;
                      }
                      Frame Armature_WingRing05_L {
                        FrameTransformMatrix {
                          -0.501265,-0.161077,-0.850169, 0.000000,
                          -0.809406,-0.260096, 0.526509, 0.000000,
                          -0.305934, 0.952053,-0.000000, 0.000000,
                          -34.832062,405.853363,-4.218784, 1.000000;;
                        }
                      } // End of Armature_WingRing05_L
                    } // End of Armature_WingRing04_L
                  } // End of Armature_WingRing02_L
                } // End of Armature_WingRing01_L
              } // End of Armature_Wing03_L
              Frame Armature_WingThumb01_L {
                FrameTransformMatrix {
                   0.009963,-0.000785,-0.000337, 0.000000,
                  -0.000797,-0.009962,-0.000354, 0.000000,
                  -0.000308, 0.000380,-0.009988, 0.000000,
                  22.584301,-147.901825,-4.444836, 1.000000;;
                }
              } // End of Armature_WingThumb01_L
            } // End of Armature_Wing02_L
          } // End of Armature_Wing01_L
          Frame Armature_Wing01_R {
            FrameTransformMatrix {
               0.555791,-0.629943,-0.542464, 0.000000,
              -0.647740,-0.737169, 0.192393, 0.000000,
              -0.521084, 0.244446,-0.817751, 0.000000,
              -56.106022,20.234093,89.395607, 1.000000;;
            }
            Frame Armature_Wing02_R {
              FrameTransformMatrix {
                -0.724017, 0.689254,-0.026979, 0.000000,
                -0.689020,-0.724502,-0.018677, 0.000000,
                -0.032420, 0.005067, 0.999462, 0.000000,
                 0.000053,299.244263,-0.000031, 1.000000;;
              }
              Frame Armature_Wing03_R {
                FrameTransformMatrix {
                   0.070451,-0.991450,-0.109837, 0.000000,
                   0.802442, 0.121738,-0.584181, 0.000000,
                   0.592557,-0.046982, 0.804157, 0.000000,
                  -0.000017,468.654846, 0.000013, 1.000000;;
                }
                Frame Armature_WingIndex01_R {
                  FrameTransformMatrix {
                     0.715753,-0.698343,-0.003768, 0.000000,
                     0.698348, 0.715758, 0.000124, 0.000000,
                     0.002611,-0.002720, 0.999993, 0.000000,
                    -0.000080,40.398018, 0.000057, 1.000000;;
                  }
                  Frame Armature_WingIndex02_R {
                    FrameTransformMatrix {
                       0.957453,-0.284947, 0.045705, 0.000000,
                       0.286241, 0.957839,-0.024701, 0.000000,
                      -0.036740, 0.036733, 0.998650, 0.000000,
                      -0.000098,209.265335,-0.000038, 1.000000;;
                    }
                    Frame Armature_WingIndex03_R {
                      FrameTransformMatrix {
                         0.479598,-0.259205,-0.838331, 0.000000,
                         0.737510,-0.398595, 0.545162, 0.000000,
                        -0.475463,-0.879736, 0.000000, 0.000000,
                         0.000099,228.364471,-0.000046, 1.000000;;
                      }
                    } // End of Armature_WingIndex03_R
                  } // End of Armature_WingIndex02_R
                } // End of Armature_WingIndex01_R
                Frame Armature_WingMiddle01_R {
                  FrameTransformMatrix {
                     0.518919,-0.854688,-0.015223, 0.000000,
                     0.854755, 0.519020,-0.003391, 0.000000,
                     0.010799,-0.011252, 0.999878, 0.000000,
                    18.335182,37.623711,-3.888832, 1.000000;;
                  }
                  Frame Armature_WingMiddle02_R {
                    FrameTransformMatrix {
                       0.992900,-0.117831, 0.016296, 0.000000,
                       0.117912, 0.993016,-0.004139, 0.000000,
                      -0.015694, 0.006031, 0.999859, 0.000000,
                       0.000077,205.206192,-0.000061, 1.000000;;
                    }
                    Frame Armature_WingMiddle04_R {
                      FrameTransformMatrix {
                        -0.946811, 0.303651,-0.106511, 0.000000,
                         0.304716, 0.952420, 0.006531, 0.000000,
                         0.103426,-0.026272,-0.994290, 0.000000,
                         4.796432,414.726440,-2.164383, 1.000000;;
                      }
                      Frame Armature_WingMiddle05_R {
                        FrameTransformMatrix {
                          -0.493050, 0.030231, 0.869475, 0.000000,
                          -0.867846, 0.053211,-0.493976, 0.000000,
                          -0.061199,-0.998125, 0.000000, 0.000000,
                          16.053234,498.297729,-4.424026, 1.000000;;
                        }
                      } // End of Armature_WingMiddle05_R
                    } // End of Armature_WingMiddle04_R
                  } // End of Armature_WingMiddle02_R
                } // End of Armature_WingMiddle01_R
                Frame Armature_WingPinky01_R {
                  FrameTransformMatrix {
                    -0.247278, 0.965639,-0.079970, 0.000000,
                     0.966860, 0.251316, 0.044976, 0.000000,
                     0.063528,-0.066198,-0.995782, 0.000000,
                    61.174126,16.226711,-8.790619, 1.000000;;
                  }
                  Frame Armature_WingPinky02_R {
                    FrameTransformMatrix {
                       0.977515, 0.197936,-0.072710, 0.000000,
                      -0.195878, 0.980022, 0.034484, 0.000000,
                       0.078083,-0.019466, 0.996757, 0.000000,
                       0.000013,195.337646,-0.000023, 1.000000;;
                    }
                    Frame Armature_WingPinky04_R {
                      FrameTransformMatrix {
                         0.969580, 0.244773,-0.001310, 0.000000,
                        -0.244772, 0.969580, 0.001081, 0.000000,
                         0.001535,-0.000728, 0.999999, 0.000000,
                        -9.829575,246.306519, 2.711304, 1.000000;;
                      }
                      Frame Armature_WingPinky05_R {
                        FrameTransformMatrix {
                          -0.445037, 0.367399, 0.816676, 0.000000,
                          -0.629793, 0.519924,-0.577096, 0.000000,
                          -0.636634,-0.771166, 0.000000, 0.000000,
                          21.847878,285.742340,-7.185341, 1.000000;;
                        }
                      } // End of Armature_WingPinky05_R
                    } // End of Armature_WingPinky04_R
                  } // End of Armature_WingPinky02_R
                } // End of Armature_WingPinky01_R
                Frame Armature_WingRing01_R {
                  FrameTransformMatrix {
                     0.410745,-0.909003,-0.070729, 0.000000,
                     0.910270, 0.413262,-0.024983, 0.000000,
                     0.051939,-0.054121, 0.997183, 0.000000,
                    39.982086,25.864471,-5.638611, 1.000000;;
                  }
                  Frame Armature_WingRing02_R {
                    FrameTransformMatrix {
                      -0.972431, 0.142168,-0.184844, 0.000000,
                       0.143713, 0.989606, 0.005081, 0.000000,
                       0.183645,-0.021624,-0.982755, 0.000000,
                       0.000019,199.690643,-0.000008, 1.000000;;
                    }
                    Frame Armature_WingRing04_R {
                      FrameTransformMatrix {
                         0.959316, 0.279678,-0.038642, 0.000000,
                        -0.279405, 0.960093, 0.012417, 0.000000,
                         0.040573,-0.001115, 0.999176, 0.000000,
                        -13.789007,362.525909, 6.754211, 1.000000;;
                      }
                      Frame Armature_WingRing05_R {
                        FrameTransformMatrix {
                          -0.501261, 0.161076, 0.850171, 0.000000,
                          -0.809408, 0.260096,-0.526506, 0.000000,
                          -0.305934,-0.952053, 0.000000, 0.000000,
                          23.868956,371.023865,-4.515335, 1.000000;;
                        }
                      } // End of Armature_WingRing05_R
                    } // End of Armature_WingRing04_R
                  } // End of Armature_WingRing02_R
                } // End of Armature_WingRing01_R
              } // End of Armature_Wing03_R
              Frame Armature_WingThumb01_R {
                FrameTransformMatrix {
                   0.009964, 0.000785, 0.000338, 0.000000,
                   0.000797,-0.009962,-0.000354, 0.000000,
                   0.000308, 0.000380,-0.009988, 0.000000,
                  -27.368275,-152.163651,-4.530769, 1.000000;;
                }
              } // End of Armature_WingThumb01_R
            } // End of Armature_Wing02_R
          } // End of Armature_Wing01_R
        } // End of Armature_Spine02
      } // End of Armature_Spine01
      Frame Armature_UpperLeg_L {
        FrameTransformMatrix {
           0.705366, 0.615174,-0.352164, 0.000000,
          -0.513627, 0.101178,-0.852027, 0.000000,
          -0.488514, 0.781872, 0.387337, 0.000000,
           6.620078,85.229706,-42.187710, 1.000000;;
        }
        Frame Armature_LowerLeg_L {
          FrameTransformMatrix {
            -0.141674,-0.972436, 0.185191, 0.000000,
             0.952676,-0.184766,-0.241393, 0.000000,
             0.268957, 0.142228, 0.952593, 0.000000,
            -0.000008,179.437637,-0.000008, 1.000000;;
          }
          Frame Armature_Feet_L {
            FrameTransformMatrix {
               0.901940,-0.254921, 0.348597, 0.000000,
               0.274329, 0.961613,-0.006577, 0.000000,
              -0.333539, 0.101563, 0.937250, 0.000000,
              -0.000002,155.874451, 0.000000, 1.000000;;
            }
            Frame Armature_IndexToe01_L {
              FrameTransformMatrix {
                 0.999888,-0.014931,-0.001308, 0.000000,
                 0.014005, 0.961815,-0.273343, 0.000000,
                 0.005339, 0.273294, 0.961916, 0.000000,
                -3.430729,25.755083,-25.501041, 1.000000;;
              }
              Frame Armature_IndexToe02_L {
                FrameTransformMatrix {
                   1.000000, 0.000000,-0.000269, 0.000000,
                   0.000006, 0.999742, 0.022721, 0.000000,
                   0.000269,-0.022721, 0.999742, 0.000000,
                  -2.437498,28.115944,-0.141941, 1.000000;;
                }
                Frame Armature_IndexToe03_L {
                  FrameTransformMatrix {
                     1.000000,-0.000000, 0.000002, 0.000000,
                    -0.000001, 0.573462, 0.819232, 0.000000,
                    -0.000001,-0.819232, 0.573462, 0.000000,
                    -0.282434,27.569775,-1.050739, 1.000000;;
                  }
                } // End of Armature_IndexToe03_L
              } // End of Armature_IndexToe02_L
            } // End of Armature_IndexToe01_L
            Frame Armature_MiddleToe01_L {
              FrameTransformMatrix {
                 0.996910, 0.072713,-0.029733, 0.000000,
                -0.068525, 0.989979, 0.123473, 0.000000,
                 0.038413,-0.121054, 0.991903, 0.000000,
                -3.218626,31.106016,-5.303349, 1.000000;;
              }
              Frame Armature_MiddleToe02_L {
                FrameTransformMatrix {
                   1.000000, 0.000000, 0.000001, 0.000000,
                  -0.000000, 0.999742, 0.022721, 0.000000,
                  -0.000001,-0.022721, 0.999742, 0.000000,
                   0.028360,36.646221, 0.243316, 1.000000;;
                }
                Frame Armature_MiddleToe03_L {
                  FrameTransformMatrix {
                     1.000000, 0.000000,-0.000000, 0.000000,
                     0.000000, 0.573462, 0.819232, 0.000000,
                     0.000000,-0.819232, 0.573462, 0.000000,
                    -0.189631,32.270279,-0.938979, 1.000000;;
                  }
                } // End of Armature_MiddleToe03_L
              } // End of Armature_MiddleToe02_L
            } // End of Armature_MiddleToe01_L
            Frame Armature_PinkyToe01_L {
              FrameTransformMatrix {
                 0.999946,-0.000271,-0.010429, 0.000000,
                 0.004596, 0.908855, 0.417088, 0.000000,
                 0.009365,-0.417113, 0.908807, 0.000000,
                -7.263634,23.997787,14.883978, 1.000000;;
              }
              Frame Armature_PinkyToe02_L {
                FrameTransformMatrix {
