xof 0303txt 0032

template XSkinMeshHeader {
  <3cf169ce-ff7c-44ab-93c0-f78f62d172e2>
  WORD nMaxSkinWeightsPerVertex;
  WORD nMaxSkinWeightsPerFace;
  WORD nBones;
}

template SkinWeights {
  <6f0d123b-bad2-4167-a0d0-80224f25fabb>
  STRING transformNodeName;
  DWORD nWeights;
  array DWORD vertexIndices[nWeights];
  array float weights[nWeights];
  Matrix4x4 matrixOffset;
}

Frame Root {
  FrameTransformMatrix {
     1.000000, 0.000000, 0.000000, 0.000000,
     0.000000,-0.000000,-1.000000, 0.000000,
     0.000000, 1.000000,-0.000000, 0.000000,
     0.000000, 0.000000, 0.000000, 1.000000;;
  }
  Frame Armature {
    FrameTransformMatrix {
       0.010000, 0.000000, 0.000000, 0.000000,
       0.000000,-0.000000, 0.010000, 0.000000,
       0.000000,-0.010000,-0.000000, 0.000000,
       0.000000, 0.000000, 0.000000, 1.000000;;
    }
    Frame Armature_mixamorig_Hips {
      FrameTransformMatrix {
         0.985484,-0.156177,-0.066556, 0.000000,
         0.164795, 0.974228, 0.154018, 0.000000,
         0.040786,-0.162750, 0.985824, 0.000000,
        -3.430693,87.126663,-4.011176, 1.000000;;
      }
      Frame Armature_mixamorig_LeftUpLeg {
        FrameTransformMatrix {
          -0.931926,-0.280804, 0.229225, 0.000000,
           0.336240,-0.432004, 0.835945, 0.000000,
          -0.135852, 0.857042, 0.496441, 0.000000,
          11.569599,-8.174103, 1.167002, 1.000000;;
        }
        Frame Armature_mixamorig_LeftLeg {
          FrameTransformMatrix {
             0.988391,-0.149399,-0.027627, 0.000000,
             0.009597, 0.242865,-0.970013, 0.000000,
             0.151628, 0.958487, 0.241479, 0.000000,
            -0.000003,41.253304, 0.000003, 1.000000;;
          }
          Frame Armature_mixamorig_LeftFoot {
            FrameTransformMatrix {
               0.953394, 0.053717,-0.296908, 0.000000,
               0.257379, 0.368766, 0.893178, 0.000000,
               0.157468,-0.927969, 0.337754, 0.000000,
               0.000001,41.475231,-0.000002, 1.000000;;
            }
            Frame Armature_mixamorig_LeftToeBase {
              FrameTransformMatrix {
                 0.991111, 0.082245, 0.104568, 0.000000,
                -0.132639, 0.671621, 0.728926, 0.000000,
                -0.010279,-0.736316, 0.676559, 0.000000,
                -0.000002,17.308475,-0.000001, 1.000000;;
              }
              Frame Armature_mixamorig_LeftToe_End {
                FrameTransformMatrix {
                   1.000000, 0.000000, 0.000002, 0.000000,
                  -0.000000, 1.000000, 0.000000, 0.000000,
                  -0.000002,-0.000000, 1.000000, 0.000000,
                   0.000001,14.774353,-0.000000, 1.000000;;
                }
              } // End of Armature_mixamorig_LeftToe_End
            } // End of Armature_mixamorig_LeftToeBase
          } // End of Armature_mixamorig_LeftFoot
        } // End of Armature_mixamorig_LeftLeg
      } // End of Armature_mixamorig_LeftUpLeg
      Frame Armature_mixamorig_RightUpLeg {
        FrameTransformMatrix {
          -0.939058, 0.129786,-0.318210, 0.000000,
          -0.333144,-0.571921, 0.749369, 0.000000,
          -0.084762, 0.809977, 0.580103, 0.000000,
          -11.569601,-8.174098, 1.167002, 1.000000;;
        }
        Frame Armature_mixamorig_RightLeg {
          FrameTransformMatrix {
             0.986503, 0.162624, 0.019095, 0.000000,
            -0.007769, 0.162973,-0.986600, 0.000000,
            -0.163557, 0.973136, 0.162037, 0.000000,
            -0.000005,41.253201,-0.000001, 1.000000;;
          }
          Frame Armature_mixamorig_RightFoot {
            FrameTransformMatrix {
               0.950611, 0.150765, 0.271307, 0.000000,
              -0.310156, 0.494819, 0.811762, 0.000000,
              -0.011863,-0.855818, 0.517141, 0.000000,
              -0.000000,41.475101, 0.000001, 1.000000;;
            }
            Frame Armature_mixamorig_RightToeBase {
              FrameTransformMatrix {
                 0.991097,-0.082272,-0.104681, 0.000000,
                 0.132744, 0.671346, 0.729159, 0.000000,
                 0.010287,-0.736563, 0.676290, 0.000000,
                 0.000001,17.302578,-0.000001, 1.000000;;
              }
              Frame Armature_mixamorig_RightToe_End {
                FrameTransformMatrix {
                   1.000000,-0.000000,-0.000001, 0.000000,
                   0.000000, 1.000000, 0.000000, 0.000000,
                   0.000001, 0.000000, 1.000000, 0.000000,
                  -0.000002,14.762836, 0.000001, 1.000000;;
                }
              } // End of Armature_mixamorig_RightToe_End
            } // End of Armature_mixamorig_RightToeBase
          } // End of Armature_mixamorig_RightFoot
        } // End of Armature_mixamorig_RightLeg
      } // End of Armature_mixamorig_RightUpLeg
      Frame Armature_mixamorig_Spine {
        FrameTransformMatrix {
           0.999749,-0.019726,-0.010589, 0.000000,
           0.020269, 0.998341, 0.053893, 0.000000,
           0.009508,-0.054094, 0.998491, 0.000000,
          -0.000001,11.384810,-0.357598, 1.000000;;
        }
        Frame Armature_mixamorig_Spine1 {
          FrameTransformMatrix {
             0.998987,-0.037944,-0.024178, 0.000000,
             0.038465, 0.999029, 0.021481, 0.000000,
             0.023339,-0.022389, 0.999477, 0.000000,
             0.000002,11.001204, 0.000002, 1.000000;;
          }
          Frame Armature_mixamorig_Spine2 {
            FrameTransformMatrix {
               0.998982,-0.035726,-0.027538, 0.000000,
               0.040324, 0.980911, 0.190229, 0.000000,
               0.020216,-0.191146, 0.981354, 0.000000,
              -0.000000,11.833405,-0.000002, 1.000000;;
            }
            Frame Armature_mixamorig_BackRope1 {
              FrameTransformMatrix {
                -1.000000,-0.000000, 0.000001, 0.000000,
                 0.000000,-0.992635, 0.121143, 0.000000,
                 0.000001, 0.121148, 0.992651, 0.000000,
                -19.003597,11.019911,-21.992493, 1.000000;;
              }
              Frame Armature_mixamorig_BackRope2 {
                FrameTransformMatrix {
                   1.000000, 0.000000, 0.000000, 0.000000,
                   0.000000, 1.000000, 0.000000, 0.000000,
                  -0.000000,-0.000000, 1.000000, 0.000000,
                  -0.000005,14.875141, 0.000002, 1.000000;;
                }
                Frame Armature_mixamorig_BackRope3 {
                  FrameTransformMatrix {
                     1.000000,-0.000000,-0.000000, 0.000000,
                     0.000000, 1.000000,-0.000000, 0.000000,
                    -0.000000, 0.000000, 1.000000, 0.000000,
                    -0.000002,13.950488,-0.000010, 1.000000;;
                  }
                } // End of Armature_mixamorig_BackRope3
              } // End of Armature_mixamorig_BackRope2
            } // End of Armature_mixamorig_BackRope1
            Frame Armature_mixamorig_FrontRope1 {
              FrameTransformMatrix {
                 1.000000,-0.000000,-0.000000, 0.000000,
                -0.000000,-1.000000,-0.000000, 0.000000,
                -0.000000,-0.000000,-1.000000, 0.000000,
                -1.299999, 6.593905,16.769009, 1.000000;;
              }
              Frame Armature_mixamorig_FrontRope2 {
                FrameTransformMatrix {
                   1.000000, 0.000000,-0.000000, 0.000000,
                   0.000000, 1.000000, 0.000000, 0.000000,
                   0.000000,-0.000000, 1.000000, 0.000000,
                   0.000003,11.583993,-0.000001, 1.000000;;
                }
              } // End of Armature_mixamorig_FrontRope2
            } // End of Armature_mixamorig_FrontRope1
            Frame Armature_mixamorig_LeftShoulder {
              FrameTransformMatrix {
                -0.001439, 0.042304,-0.999104, 0.000000,
                 0.923880,-0.382280,-0.017518, 0.000000,
                -0.382679,-0.923077,-0.038534, 0.000000,
                 7.841203,26.218012,-8.222694, 1.000000;;
              }
              Frame Armature_mixamorig_LeftArm {
                FrameTransformMatrix {
                   0.609345, 0.738146, 0.289549, 0.000000,
                  -0.792652, 0.557869, 0.245935, 0.000000,
                   0.020006,-0.379371, 0.925028, 0.000000,
                  -0.000001,17.075203, 0.000003, 1.000000;;
                }
                Frame Armature_mixamorig_LeftForeArm {
                  FrameTransformMatrix {
                    -0.123363, 0.992362,-0.000001, 0.000000,
                    -0.992362,-0.123363,-0.000000, 0.000000,
                    -0.000000, 0.000001, 1.000000, 0.000000,
                     0.000002,22.159307,-0.000010, 1.000000;;
                  }
                  Frame Armature_mixamorig_LeftHand {
                    FrameTransformMatrix {
                       0.882914, 0.446587,-0.144994, 0.000000,
                      -0.445426, 0.894323, 0.042210, 0.000000,
                       0.148522, 0.027317, 0.988532, 0.000000,
                      -0.000017,28.150316,-0.000000, 1.000000;;
                    }
                    Frame Armature_mixamorig_LeftHandIndex1 {
                      FrameTransformMatrix {
                         0.985056,-0.115480,-0.127788, 0.000000,
                         0.117753,-0.089925, 0.988963, 0.000000,
                        -0.125697,-0.989231,-0.074983, 0.000000,
                        -3.147205,14.950500, 0.251384, 1.000000;;
                      }
                      Frame Armature_mixamorig_LeftHandIndex2 {
                        FrameTransformMatrix {
                           0.984272,-0.117072,-0.132296, 0.000000,
                           0.117072,-0.128554, 0.984768, 0.000000,
                          -0.132296,-0.984768,-0.112826, 0.000000,
                           0.000000, 3.058402,-0.000001, 1.000000;;
                        }
                        Frame Armature_mixamorig_LeftHandIndex3 {
                          FrameTransformMatrix {
                             0.995263,-0.088679,-0.039846, 0.000000,
                             0.088679, 0.660093, 0.745931, 0.000000,
                            -0.039846,-0.745931, 0.664830, 0.000000,
                            -0.000013, 3.360108, 0.000007, 1.000000;;
                          }
                          Frame Armature_mixamorig_LeftHandIndex4 {
                            FrameTransformMatrix {
                               1.000000,-0.000000, 0.000000, 0.000000,
                               0.000000, 1.000000, 0.000000, 0.000000,
                              -0.000000, 0.000000, 1.000000, 0.000000,
                               0.000002, 2.823995,-0.000027, 1.000000;;
                            }
                          } // End of Armature_mixamorig_LeftHandIndex4
                        } // End of Armature_mixamorig_LeftHandIndex3
                      } // End of Armature_mixamorig_LeftHandIndex2
                    } // End of Armature_mixamorig_LeftHandIndex1
                    Frame Armature_mixamorig_LeftHandMiddle1 {
                      FrameTransformMatrix {
                         0.985059,-0.115483,-0.127756, 0.000000,
                         0.117756,-0.089645, 0.988989, 0.000000,
                        -0.125664,-0.989256,-0.074707, 0.000000,
                        -0.016203,14.948499, 0.130698, 1.000000;;
                      }
                      Frame Armature_mixamorig_LeftHandMiddle2 {
                        FrameTransformMatrix {
                           0.984268,-0.117068,-0.132329, 0.000000,
                           0.117069,-0.128832, 0.984732, 0.000000,
                          -0.132329,-0.984732,-0.113100, 0.000000,
                           0.000007, 4.533211, 0.000000, 1.000000;;
                        }
                        Frame Armature_mixamorig_LeftHandMiddle3 {
                          FrameTransformMatrix {
                             0.995263,-0.088679,-0.039846, 0.000000,
                             0.088679, 0.660093, 0.745931, 0.000000,
                            -0.039846,-0.745931, 0.664831, 0.000000,
                            -0.000003, 2.187888,-0.000005, 1.000000;;
                          }
                          Frame Armature_mixamorig_LeftHandMiddle4 {
                            FrameTransformMatrix {
                               1.000000, 0.000000, 0.000000, 0.000000,
                               0.000000, 1.000000, 0.000000, 0.000000,
                              -0.000000,-0.000000, 1.000000, 0.000000,
                               0.000000, 3.387805, 0.000016, 1.000000;;
                            }
                          } // End of Armature_mixamorig_LeftHandMiddle4
                        } // End of Armature_mixamorig_LeftHandMiddle3
                      } // End of Armature_mixamorig_LeftHandMiddle2
                    } // End of Armature_mixamorig_LeftHandMiddle1
                    Frame Armature_mixamorig_LeftHandPinky1 {
                      FrameTransformMatrix {
                         0.974223,-0.109139,-0.197428, 0.000000,
                         0.188216,-0.089185, 0.978070, 0.000000,
                        -0.124353,-0.990018,-0.066345, 0.000000,
                         5.517900,12.748604, 0.324988, 1.000000;;
                      }
                      Frame Armature_mixamorig_LeftHandPinky2 {
                        FrameTransformMatrix {
                           0.990046,-0.046010,-0.133013, 0.000000,
                           0.126176,-0.128586, 0.983639, 0.000000,
                          -0.062361,-0.990630,-0.121501, 0.000000,
                          -0.000006, 2.238589,-0.000005, 1.000000;;
                        }
                        Frame Armature_mixamorig_LeftHandPinky3 {
                          FrameTransformMatrix {
                             0.995263,-0.088679,-0.039846, 0.000000,
                             0.088679, 0.660093, 0.745931, 0.000000,
                            -0.039846,-0.745931, 0.664830, 0.000000,
                            -0.000001, 3.233302,-0.000001, 1.000000;;
                          }
                          Frame Armature_mixamorig_LeftHandPinky4 {
                            FrameTransformMatrix {
                               1.000000, 0.000000, 0.000000, 0.000000,
                               0.000000, 1.000000,-0.000000, 0.000000,
                              -0.000000, 0.000000, 1.000000, 0.000000,
                               0.000000, 1.875391,-0.000007, 1.000000;;
                            }
                          } // End of Armature_mixamorig_LeftHandPinky4
                        } // End of Armature_mixamorig_LeftHandPinky3
                      } // End of Armature_mixamorig_LeftHandPinky2
                    } // End of Armature_mixamorig_LeftHandPinky1
                    Frame Armature_mixamorig_LeftHandRing1 {
                      FrameTransformMatrix {
                         0.985056,-0.115480,-0.127788, 0.000000,
                         0.117753,-0.089925, 0.988963, 0.000000,
                        -0.125697,-0.989231,-0.074983, 0.000000,
                         3.504801,15.108300,-0.011812, 1.000000;;
                      }
                      Frame Armature_mixamorig_LeftHandRing2 {
                        FrameTransformMatrix {
                           0.984272,-0.117073,-0.132297, 0.000000,
                           0.117073,-0.128554, 0.984768, 0.000000,
                          -0.132296,-0.984768,-0.112826, 0.000000,
                          -0.000004, 3.189980,-0.000010, 1.000000;;
                        }
                        Frame Armature_mixamorig_LeftHandRing3 {
                          FrameTransformMatrix {
                             0.995263,-0.088679,-0.039846, 0.000000,
                             0.088679, 0.660093, 0.745931, 0.000000,
                            -0.039846,-0.745931, 0.664830, 0.000000,
                             0.000002, 3.463985, 0.000006, 1.000000;;
                          }
                          Frame Armature_mixamorig_LeftHandRing4 {
                            FrameTransformMatrix {
                               1.000000,-0.000000, 0.000000, 0.000000,
                              -0.000000, 1.000000, 0.000000, 0.000000,
                               0.000000, 0.000000, 1.000000, 0.000000,
                               0.000004, 2.167990,-0.000002, 1.000000;;
                            }
                          } // End of Armature_mixamorig_LeftHandRing4
                        } // End of Armature_mixamorig_LeftHandRing3
                      } // End of Armature_mixamorig_LeftHandRing2
                    } // End of Armature_mixamorig_LeftHandRing1
                    Frame Armature_mixamorig_LeftHandThumb1 {
                      FrameTransformMatrix {
                         0.897541, 0.413375,-0.153430, 0.000000,
                        -0.284945, 0.809323, 0.513617, 0.000000,
                         0.336491,-0.417274, 0.844190, 0.000000,
                        -5.326803, 8.902695, 2.392889, 1.000000;;
                      }
                      Frame Armature_mixamorig_LeftHandThumb2 {
                        FrameTransformMatrix {
                           0.655881,-0.118400,-0.745521, 0.000000,
                           0.746651, 0.247050, 0.617640, 0.000000,
                           0.111053,-0.961742, 0.250439, 0.000000,
                          -0.000002, 4.102999,-0.000005, 1.000000;;
                        }
                        Frame Armature_mixamorig_LeftHandThumb3 {
                          FrameTransformMatrix {
                             0.907859,-0.399354,-0.127707, 0.000000,
                             0.397367, 0.722359, 0.565948, 0.000000,
                            -0.133763,-0.564547, 0.814490, 0.000000,
                             0.000000, 3.058303, 0.000002, 1.000000;;
                          }
                          Frame Armature_mixamorig_LeftHandThumb4 {
                            FrameTransformMatrix {
                               1.000000, 0.000001,-0.000001, 0.000000,
                              -0.000001, 1.000000, 0.000006, 0.000000,
                               0.000001,-0.000006, 1.000000, 0.000000,
                               0.000004, 2.166996, 0.000008, 1.000000;;
                            }
                          } // End of Armature_mixamorig_LeftHandThumb4
                        } // End of Armature_mixamorig_LeftHandThumb3
                      } // End of Armature_mixamorig_LeftHandThumb2
                    } // End of Armature_mixamorig_LeftHandThumb1
                  } // End of Armature_mixamorig_LeftHand
                } // End of Armature_mixamorig_LeftForeArm
              } // End of Armature_mixamorig_LeftArm
            } // End of Armature_mixamorig_LeftShoulder
            Frame Armature_mixamorig_Neck {
              FrameTransformMatrix {
                 0.998759, 0.014663, 0.047596, 0.000000,
                -0.017632, 0.997885, 0.062570, 0.000000,
                -0.046577,-0.063332, 0.996905, 0.000000,
                -0.000001,31.653799,-6.283094, 1.000000;;
              }
              Frame Armature_mixamorig_Head {
                FrameTransformMatrix {
                   0.947859, 0.204726, 0.244235, 0.000000,
                  -0.147912, 0.961435,-0.231870, 0.000000,
                  -0.282286, 0.183655, 0.941587, 0.000000,
                   0.000004,15.916031, 3.311104, 1.000000;;
                }
                Frame Armature_mixamorig_HeadTop_End {
                  FrameTransformMatrix {
                     1.000000, 0.000000,-0.000000, 0.000000,
                    -0.000000, 1.000000,-0.000000, 0.000000,
                    -0.000000, 0.000000, 1.000000, 0.000000,
                     0.000002,18.714506, 7.508602, 1.000000;;
                  }
                } // End of Armature_mixamorig_HeadTop_End
                Frame Armature_mixamorig_LeftEye {
                  FrameTransformMatrix {
                     1.000000, 0.000000,-0.000000, 0.000000,
                    -0.000000, 0.999950,-0.009966, 0.000000,
                    -0.000000, 0.009966, 0.999950, 0.000000,
                     3.685000, 2.966215, 9.193804, 1.000000;;
                  }
                } // End of Armature_mixamorig_LeftEye
                Frame Armature_mixamorig_RightEye {
                  FrameTransformMatrix {
                     1.000000, 0.000000,-0.000000, 0.000000,
                     0.000000, 0.928085, 0.372367, 0.000000,
                     0.000000,-0.372367, 0.928085, 0.000000,
                    -3.684998, 2.965997, 9.193804, 1.000000;;
                  }
                } // End of Armature_mixamorig_RightEye
              } // End of Armature_mixamorig_Head
            } // End of Armature_mixamorig_Neck
            Frame Armature_mixamorig_RightShoulder {
              FrameTransformMatrix {
                 0.011203,-0.063270, 0.997934, 0.000000,
                -0.846202,-0.532311,-0.024249, 0.000000,
                 0.532745,-0.844181,-0.059503, 0.000000,
                -7.841199,26.217812,-8.222693, 1.000000;;
              }
              Frame Armature_mixamorig_RightArm {
                FrameTransformMatrix {
                   0.840433,-0.505421,-0.195505, 0.000000,
                   0.531184, 0.839754, 0.112504, 0.000000,
                   0.107314,-0.198401, 0.974228, 0.000000,
                   0.000001,17.075191,-0.000008, 1.000000;;
                }
                Frame Armature_mixamorig_RightForeArm {
                  FrameTransformMatrix {
                    -0.355757,-0.934578, 0.000002, 0.000000,
                     0.934578,-0.355757, 0.000001, 0.000000,
                    -0.000000, 0.000002, 1.000000, 0.000000,
                    -0.000003,22.159309, 0.000000, 1.000000;;
                  }
                  Frame Armature_mixamorig_RightHand {
                    FrameTransformMatrix {
                       0.870225,-0.285379,-0.401581, 0.000000,
                       0.152620, 0.931199,-0.331020, 0.000000,
                       0.468418, 0.226773, 0.853908, 0.000000,
                      -0.000002,28.150286, 0.000006, 1.000000;;
                    }
                    Frame Armature_mixamorig_RightHandIndex1 {
                      FrameTransformMatrix {
                         0.983155, 0.114607, 0.142379, 0.000000,
                        -0.117131,-0.202931, 0.972162, 0.000000,
                         0.140310,-0.972463,-0.186088, 0.000000,
                         3.147203,14.950490, 0.250994, 1.000000;;
                      }
                      Frame Armature_mixamorig_RightHandIndex2 {
                        FrameTransformMatrix {
                           0.982014, 0.114898, 0.149825, 0.000000,
                          -0.114898,-0.266022, 0.957095, 0.000000,
                           0.149825,-0.957095,-0.248036, 0.000000,
                           0.000004, 3.058387,-0.000001, 1.000000;;
                        }
                        Frame Armature_mixamorig_RightHandIndex3 {
                          FrameTransformMatrix {
                             0.994399, 0.094832, 0.046652, 0.000000,
                            -0.094832, 0.605796, 0.789948, 0.000000,
                             0.046651,-0.789948, 0.611397, 0.000000,
                            -0.000001, 3.360111, 0.000001, 1.000000;;
                          }
                          Frame Armature_mixamorig_RightHandIndex4 {
                            FrameTransformMatrix {
                               1.000000, 0.000000, 0.000000, 0.000000,
                               0.000000, 1.000000, 0.000000, 0.000000,
                              -0.000000,-0.000000, 1.000000, 0.000000,
                               0.000011, 2.823988, 0.000004, 1.000000;;
                            }
                          } // End of Armature_mixamorig_RightHandIndex4
                        } // End of Armature_mixamorig_RightHandIndex3
                      } // End of Armature_mixamorig_RightHandIndex2
                    } // End of Armature_mixamorig_RightHandIndex1
                    Frame Armature_mixamorig_RightHandMiddle1 {
                      FrameTransformMatrix {
                         0.983155, 0.114607, 0.142379, 0.000000,
                        -0.117131,-0.202931, 0.972162, 0.000000,
                         0.140310,-0.972463,-0.186088, 0.000000,
                         0.016200,14.948486, 0.130993, 1.000000;;
                      }
                      Frame Armature_mixamorig_RightHandMiddle2 {
                        FrameTransformMatrix {
                           0.982014, 0.114898, 0.149825, 0.000000,
                          -0.114898,-0.266022, 0.957095, 0.000000,
                           0.149825,-0.957095,-0.248035, 0.000000,
                          -0.000007, 4.533217,-0.000002, 1.000000;;
                        }
                        Frame Armature_mixamorig_RightHandMiddle3 {
                          FrameTransformMatrix {
                             0.994399, 0.094832, 0.046652, 0.000000,
                            -0.094832, 0.605796, 0.789948, 0.000000,
                             0.046651,-0.789948, 0.611397, 0.000000,
                             0.000005, 2.188000, 0.000001, 1.000000;;
                          }
                          Frame Armature_mixamorig_RightHandMiddle4 {
                            FrameTransformMatrix {
                               1.000000, 0.000000, 0.000000, 0.000000,
                               0.000000, 1.000000, 0.000000, 0.000000,
                               0.000000,-0.000000, 1.000000, 0.000000,
                               0.000009, 3.387683, 0.000007, 1.000000;;
                            }
                          } // End of Armature_mixamorig_RightHandMiddle4
                        } // End of Armature_mixamorig_RightHandMiddle3
                      } // End of Armature_mixamorig_RightHandMiddle2
                    } // End of Armature_mixamorig_RightHandMiddle1
                    Frame Armature_mixamorig_RightHandPinky1 {
                      FrameTransformMatrix {
                         0.983155, 0.114607, 0.142379, 0.000000,
                        -0.117131,-0.202931, 0.972162, 0.000000,
                         0.140310,-0.972463,-0.186088, 0.000000,
                        -5.517891,12.748595, 0.324991, 1.000000;;
                      }
                      Frame Armature_mixamorig_RightHandPinky2 {
                        FrameTransformMatrix {
                           0.982014, 0.114898, 0.149825, 0.000000,
                          -0.114898,-0.266022, 0.957095, 0.000000,
                           0.149825,-0.957095,-0.248036, 0.000000,
                           0.000016, 2.238580,-0.000001, 1.000000;;
                        }
                        Frame Armature_mixamorig_RightHandPinky3 {
                          FrameTransformMatrix {
                             0.994400, 0.094832, 0.046652, 0.000000,
                            -0.094832, 0.605796, 0.789948, 0.000000,
                             0.046651,-0.789948, 0.611397, 0.000000,
                            -0.000002, 3.233302, 0.000004, 1.000000;;
                          }
                          Frame Armature_mixamorig_RightHandPinky4 {
                            FrameTransformMatrix {
                               1.000000, 0.000000,-0.000000, 0.000000,
                               0.000000, 1.000000, 0.000000, 0.000000,
                               0.000000,-0.000000, 1.000000, 0.000000,
                               0.000003, 1.875393,-0.000000, 1.000000;;
                            }
                          } // End of Armature_mixamorig_RightHandPinky4
                        } // End of Armature_mixamorig_RightHandPinky3
                      } // End of Armature_mixamorig_RightHandPinky2
                    } // End of Armature_mixamorig_RightHandPinky1
                    Frame Armature_mixamorig_RightHandRing1 {
                      FrameTransformMatrix {
                         0.983155, 0.114607, 0.142379, 0.000000,
                        -0.117131,-0.202931, 0.972162, 0.000000,
                         0.140310,-0.972463,-0.186088, 0.000000,
                        -3.504798,15.108291,-0.012021, 1.000000;;
                      }
                      Frame Armature_mixamorig_RightHandRing2 {
                        FrameTransformMatrix {
                           0.982014, 0.114898, 0.149825, 0.000000,
                          -0.114898,-0.266022, 0.957095, 0.000000,
                           0.149825,-0.957095,-0.248035, 0.000000,
                          -0.000015, 3.190104, 0.000002, 1.000000;;
                        }
                        Frame Armature_mixamorig_RightHandRing3 {
                          FrameTransformMatrix {
                             0.994399, 0.094832, 0.046652, 0.000000,
                            -0.094832, 0.605796, 0.789948, 0.000000,
                             0.046651,-0.789948, 0.611397, 0.000000,
                             0.000005, 3.464005, 0.000003, 1.000000;;
                          }
                          Frame Armature_mixamorig_RightHandRing4 {
                            FrameTransformMatrix {
                               1.000000, 0.000000, 0.000000, 0.000000,
                               0.000000, 1.000000, 0.000000, 0.000000,
                               0.000000,-0.000000, 1.000000, 0.000000,
                               0.000012, 2.167898, 0.000013, 1.000000;;
                            }
                          } // End of Armature_mixamorig_RightHandRing4
                        } // End of Armature_mixamorig_RightHandRing3
                      } // End of Armature_mixamorig_RightHandRing2
                    } // End of Armature_mixamorig_RightHandRing1
                    Frame Armature_mixamorig_RightHandThumb1 {
                      FrameTransformMatrix {
                         0.977013, 0.014193,-0.212708, 0.000000,
                         0.104674, 0.837283, 0.536657, 0.000000,
                         0.185713,-0.546585, 0.816551, 0.000000,
                         5.326817, 8.902692, 2.392991, 1.000000;;
                      }
                      Frame Armature_mixamorig_RightHandThumb2 {
                        FrameTransformMatrix {
                           0.141636, 0.977802,-0.154410, 0.000000,
                          -0.933385, 0.183871, 0.308195, 0.000000,
                           0.329745, 0.100472, 0.938708, 0.000000,
                           0.000002, 4.102995, 0.000004, 1.000000;;
                        }
                        Frame Armature_mixamorig_RightHandThumb3 {
                          FrameTransformMatrix {
                             0.806925, 0.566509,-0.167153, 0.000000,
                            -0.560219, 0.823729, 0.087317, 0.000000,
                             0.187155, 0.023185, 0.982057, 0.000000,
                            -0.000002, 3.058000, 0.000000, 1.000000;;
                          }
                          Frame Armature_mixamorig_RightHandThumb4 {
                            FrameTransformMatrix {
                               1.000000, 0.000000,-0.000000, 0.000000,
                              -0.000000, 1.000000, 0.000000, 0.000000,
                               0.000000,-0.000000, 1.000000, 0.000000,
                               0.000000, 2.167185, 0.000002, 1.000000;;
                            }
                          } // End of Armature_mixamorig_RightHandThumb4
                        } // End of Armature_mixamorig_RightHandThumb3
                      } // End of Armature_mixamorig_RightHandThumb2
                    } // End of Armature_mixamorig_RightHandThumb1
                  } // End of Armature_mixamorig_RightHand
                } // End of Armature_mixamorig_RightForeArm
              } // End of Armature_mixamorig_RightArm
            } // End of Armature_mixamorig_RightShoulder
          } // End of Armature_mixamorig_Spine2
        } // End of Armature_mixamorig_Spine1
      } // End of Armature_mixamorig_Spine
    } // End of Armature_mixamorig_Hips
  } // End of Armature
} // End of Root
AnimationSet Global {
  Animation {
    {Armature}
    AnimationKey { // Rotation
      0;
      135;
      0;4;-0.707107, 0.707107, 0.000000, 0.000000;;,
      1;4;-0.707107, 0.707107, 0.000000, 0.000000;;,
      2;4;-0.707107, 0.707107, 0.000000, 0.000000;;,
      3;4;-0.707107, 0.707107, 0.000000, 0.000000;;,
      4;4;-0.707107, 0.707107, 0.000000, 0.000000;;,
      5;4;-0.707107, 0.707107, 0.000000, 0.000000;;,
      6;4;-0.707107, 0.707107, 0.000000, 0.000000;;,
      7;4;-0.707107, 0.707107, 0.000000, 0.000000;;,
      8;4;-0.707107, 0.707107, 0.000000, 0.000000;;,
      9;4;-0.707107, 0.707107, 0.000000, 0.000000;;,
      10;4;-0.707107, 0.707107, 0.000000, 0.000000;;,
      11;4;-0.707107, 0.707107, 0.000000, 0.000000;;,
      12;4;-0.707107, 0.707107, 0.000000, 0.000000;;,
      13;4;-0.707107, 0.707107, 0.000000, 0.000000;;,
      14;4;-0.707107, 0.707107, 0.000000, 0.000000;;,
      15;4;-0.707107, 0.707107, 0.000000, 0.000000;;,
      16;4;-0.707107, 0.707107, 0.000000, 0.000000;;,
      17;4;-0.707107, 0.707107, 0.000000, 0.000000;;,
      18;4;-0.707107, 0.707107, 0.000000, 0.000000;;,
      19;4;-0.707107, 0.707107, 0.000000, 0.000000;;,
      20;4;-0.707107, 0.707107, 0.000000, 0.000000;;,
      21;4;-0.707107, 0.707107, 0.000000, 0.000000;;,
      22;4;-0.707107, 0.707107, 0.000000, 0.000000;;,
      23;4;-0.707107, 0.707107, 0.000000, 0.000000;;,
      24;4;-0.707107, 0.707107, 0.000000, 0.000000;;,
      25;4;-0.707107, 0.707107, 0.000000, 0.000000;;,
      26;4;-0.707107, 0.707107, 0.000000, 0.000000;;,
      27;4;-0.707107, 0.707107, 0.000000, 0.000000;;,
      28;4;-0.707107, 0.707107, 0.000000, 0.000000;;,
      29;4;-0.707107, 0.707107, 0.000000, 0.000000;;,
      30;4;-0.707107, 0.707107, 0.000000, 0.000000;;,
      31;4;-0.707107, 0.707107, 0.000000, 0.000000;;,
      32;4;-0.707107, 0.707107, 0.000000, 0.000000;;,
      33;4;-0.707107, 0.707107, 0.000000, 0.000000;;,
      34;4;-0.707107, 0.707107, 0.000000, 0.000000;;,
      35;4;-0.707107, 0.707107, 0.000000, 0.000000;;,
      36;4;-0.707107, 0.707107, 0.000000, 0.000000;;,
      37;4;-0.707107, 0.707107, 0.000000, 0.000000;;,
      38;4;-0.707107, 0.707107, 0.000000, 0.000000;;,
      39;4;-0.707107, 0.707107, 0.000000, 0.000000;;,
      40;4;-0.707107, 0.707107, 0.000000, 0.000000;;,
      41;4;-0.707107, 0.707107, 0.000000, 0.000000;;,
      42;4;-0.707107, 0.707107, 0.000000, 0.000000;;,
      43;4;-0.707107, 0.707107, 0.000000, 0.000000;;,
      44;4;-0.707107, 0.707107, 0.000000, 0.000000;;,
      45;4;-0.707107, 0.707107, 0.000000, 0.000000;;,
      46;4;-0.707107, 0.707107, 0.000000, 0.000000;;,
      47;4;-0.707107, 0.707107, 0.000000, 0.000000;;,
      48;4;-0.707107, 0.707107, 0.000000, 0.000000;;,
      49;4;-0.707107, 0.707107, 0.000000, 0.000000;;,
      50;4;-0.707107, 0.707107, 0.000000, 0.000000;;,
      51;4;-0.707107, 0.707107, 0.000000, 0.000000;;,
      52;4;-0.707107, 0.707107, 0.000000, 0.000000;;,
      53;4;-0.707107, 0.707107, 0.000000, 0.000000;;,
      54;4;-0.707107, 0.707107, 0.000000, 0.000000;;,
      55;4;-0.707107, 0.707107, 0.000000, 0.000000;;,
      56;4;-0.707107, 0.707107, 0.000000, 0.000000;;,
      57;4;-0.707107, 0.707107, 0.000000, 0.000000;;,
      58;4;-0.707107, 0.707107, 0.000000, 0.000000;;,
      59;4;-0.707107, 0.707107, 0.000000, 0.000000;;,
      60;4;-0.707107, 0.707107, 0.000000, 0.000000;;,
      61;4;-0.707107, 0.707107, 0.000000, 0.000000;;,
      62;4;-0.707107, 0.707107, 0.000000, 0.000000;;,
      63;4;-0.707107, 0.707107, 0.000000, 0.000000;;,
      64;4;-0.707107, 0.707107, 0.000000, 0.000000;;,
      65;4;-0.707107, 0.707107, 0.000000, 0.000000;;,
      66;4;-0.707107, 0.707107, 0.000000, 0.000000;;,
      67;4;-0.707107, 0.707107, 0.000000, 0.000000;;,
      68;4;-0.707107, 0.707107, 0.000000, 0.000000;;,
      69;4;-0.707107, 0.707107, 0.000000, 0.000000;;,
      70;4;-0.707107, 0.707107, 0.000000, 0.000000;;,
      71;4;-0.707107, 0.707107, 0.000000, 0.000000;;,
      72;4;-0.707107, 0.707107, 0.000000, 0.000000;;,
      73;4;-0.707107, 0.707107, 0.000000, 0.000000;;,
      74;4;-0.707107, 0.707107, 0.000000, 0.000000;;,
      75;4;-0.707107, 0.707107, 0.000000, 0.000000;;,
      76;4;-0.707107, 0.707107, 0.000000, 0.000000;;,
      77;4;-0.707107, 0.707107, 0.000000, 0.000000;;,
      78;4;-0.707107, 0.707107, 0.000000, 0.000000;;,
      79;4;-0.707107, 0.707107, 0.000000, 0.000000;;,
      80;4;-0.707107, 0.707107, 0.000000, 0.000000;;,
      81;4;-0.707107, 0.707107, 0.000000, 0.000000;;,
      82;4;-0.707107, 0.707107, 0.000000, 0.000000;;,
      83;4;-0.707107, 0.707107, 0.000000, 0.000000;;,
      84;4;-0.707107, 0.707107, 0.000000, 0.000000;;,
      85;4;-0.707107, 0.707107, 0.000000, 0.000000;;,
      86;4;-0.707107, 0.707107, 0.000000, 0.000000;;,
      87;4;-0.707107, 0.707107, 0.000000, 0.000000;;,
      88;4;-0.707107, 0.707107, 0.000000, 0.000000;;,
      89;4;-0.707107, 0.707107, 0.000000, 0.000000;;,
      90;4;-0.707107, 0.707107, 0.000000, 0.000000;;,
      91;4;-0.707107, 0.707107, 0.000000, 0.000000;;,
      92;4;-0.707107, 0.707107, 0.000000, 0.000000;;,
      93;4;-0.707107, 0.707107, 0.000000, 0.000000;;,
      94;4;-0.707107, 0.707107, 0.000000, 0.000000;;,
      95;4;-0.707107, 0.707107, 0.000000, 0.000000;;,
      96;4;-0.707107, 0.707107, 0.000000, 0.000000;;,
      97;4;-0.707107, 0.707107, 0.000000, 0.000000;;,
      98;4;-0.707107, 0.707107, 0.000000, 0.000000;;,
      99;4;-0.707107, 0.707107, 0.000000, 0.000000;;,
      100;4;-0.707107, 0.707107, 0.000000, 0.000000;;,
      101;4;-0.707107, 0.707107, 0.000000, 0.000000;;,
      102;4;-0.707107, 0.707107, 0.000000, 0.000000;;,
      103;4;-0.707107, 0.707107, 0.000000, 0.000000;;,
      104;4;-0.707107, 0.707107, 0.000000, 0.000000;;,
      105;4;-0.707107, 0.707107, 0.000000, 0.000000;;,
      106;4;-0.707107, 0.707107, 0.000000, 0.000000;;,
      107;4;-0.707107, 0.707107, 0.000000, 0.000000;;,
      108;4;-0.707107, 0.707107, 0.000000, 0.000000;;,
      109;4;-0.707107, 0.707107, 0.000000, 0.000000;;,
      110;4;-0.707107, 0.707107, 0.000000, 0.000000;;,
      111;4;-0.707107, 0.707107, 0.000000, 0.000000;;,
      112;4;-0.707107, 0.707107, 0.000000, 0.000000;;,
      113;4;-0.707107, 0.707107, 0.000000, 0.000000;;,
      114;4;-0.707107, 0.707107, 0.000000, 0.000000;;,
      115;4;-0.707107, 0.707107, 0.000000, 0.000000;;,
      116;4;-0.707107, 0.707107, 0.000000, 0.000000;;,
      117;4;-0.707107, 0.707107, 0.000000, 0.000000;;,
      118;4;-0.707107, 0.707107, 0.000000, 0.000000;;,
      119;4;-0.707107, 0.707107, 0.000000, 0.000000;;,
      120;4;-0.707107, 0.707107, 0.000000, 0.000000;;,
      121;4;-0.707107, 0.707107, 0.000000, 0.000000;;,
      122;4;-0.707107, 0.707107, 0.000000, 0.000000;;,
      123;4;-0.707107, 0.707107, 0.000000, 0.000000;;,
      124;4;-0.707107, 0.707107, 0.000000, 0.000000;;,
      125;4;-0.707107, 0.707107, 0.000000, 0.000000;;,
      126;4;-0.707107, 0.707107, 0.000000, 0.000000;;,
      127;4;-0.707107, 0.707107, 0.000000, 0.000000;;,
      128;4;-0.707107, 0.707107, 0.000000, 0.000000;;,
      129;4;-0.707107, 0.707107, 0.000000, 0.000000;;,
      130;4;-0.707107, 0.707107, 0.000000, 0.000000;;,
      131;4;-0.707107, 0.707107, 0.000000, 0.000000;;,
      132;4;-0.707107, 0.707107, 0.000000, 0.000000;;,
      133;4;-0.707107, 0.707107, 0.000000, 0.000000;;,
      134;4;-0.707107, 0.707107, 0.000000, 0.000000;;;
    }
    AnimationKey { // Scale
      1;
      135;
