xof 0303txt 0032

Frame Root {
  FrameTransformMatrix {
     1.000000, 0.000000, 0.000000, 0.000000,
     0.000000,-0.000000,-1.000000, 0.000000,
     0.000000, 1.000000,-0.000000, 0.000000,
     0.000000, 0.000000, 0.000000, 1.000000;;
  }
  Frame Armature {
    FrameTransformMatrix {
       0.010000, 0.000000, 0.000000, 0.000000,
       0.000000,-0.000000, 0.010000, 0.000000,
       0.000000,-0.010000,-0.000000, 0.000000,
       0.000000, 0.000000, 0.000000, 1.000000;;
    }
    Frame Armature_mixamorig_Hips {
      FrameTransformMatrix {
         0.918691, 0.005726,-0.394935, 0.000000,
         0.024716, 0.997102, 0.071950, 0.000000,
         0.394202,-0.075861, 0.915887, 0.000000,
        -0.878012,96.645020,-3.476265, 1.000000;;
      }
      Frame Armature_mixamorig_LeftUpLeg {
        FrameTransformMatrix {
          -0.971501,-0.135194, 0.194476, 0.000000,
           0.210019,-0.871778, 0.442140, 0.000000,
           0.109900, 0.470877, 0.874352, 0.000000,
          11.569599,-8.174099, 1.166999, 1.000000;;
        }
        Frame Armature_mixamorig_LeftLeg {
          FrameTransformMatrix {
             0.986634,-0.056900,-0.152697, 0.000000,
            -0.071108, 0.692797,-0.717618, 0.000000,
             0.146621, 0.718884, 0.679491, 0.000000,
            -0.000004,41.253307, 0.000001, 1.000000;;
          }
          Frame Armature_mixamorig_LeftFoot {
            FrameTransformMatrix {
               0.986513,-0.113305,-0.118125, 0.000000,
               0.158130, 0.473378, 0.866550, 0.000000,
              -0.042266,-0.873542, 0.484910, 0.000000,
               0.000001,41.475235,-0.000000, 1.000000;;
            }
            Frame Armature_mixamorig_LeftToeBase {
              FrameTransformMatrix {
                 0.990877, 0.066371, 0.117293, 0.000000,
                -0.134178, 0.567317, 0.812494, 0.000000,
                -0.012616,-0.820820, 0.571047, 0.000000,
                -0.000001,17.308472,-0.000001, 1.000000;;
              }
              Frame Armature_mixamorig_LeftToe_End {
                FrameTransformMatrix {
                   1.000000, 0.000000, 0.000002, 0.000000,
                  -0.000000, 1.000000, 0.000000, 0.000000,
                  -0.000002,-0.000000, 1.000000, 0.000000,
                   0.000002,14.774351, 0.000000, 1.000000;;
                }
              } // End of Armature_mixamorig_LeftToe_End
            } // End of Armature_mixamorig_LeftToeBase
          } // End of Armature_mixamorig_LeftFoot
        } // End of Armature_mixamorig_LeftLeg
      } // End of Armature_mixamorig_LeftUpLeg
      Frame Armature_mixamorig_RightUpLeg {
        FrameTransformMatrix {
          -0.989815, 0.001653,-0.142301, 0.000000,
          -0.047600,-0.946223, 0.319894, 0.000000,
          -0.134165, 0.323510, 0.936349, 0.000000,
          -11.569600,-8.174095, 1.166998, 1.000000;;
        }
        Frame Armature_mixamorig_RightLeg {
          FrameTransformMatrix {
             0.999747, 0.021397, 0.006945, 0.000000,
            -0.010131, 0.703869,-0.710258, 0.000000,
            -0.020086, 0.710007, 0.703907, 0.000000,
            -0.000001,41.253201, 0.000002, 1.000000;;
          }
          Frame Armature_mixamorig_RightFoot {
            FrameTransformMatrix {
               0.999624,-0.011363,-0.024931, 0.000000,
               0.027145, 0.287193, 0.957488, 0.000000,
              -0.003720,-0.957805, 0.287394, 0.000000,
              -0.000001,41.475105,-0.000003, 1.000000;;
            }
            Frame Armature_mixamorig_RightToeBase {
              FrameTransformMatrix {
                 0.991097,-0.082272,-0.104681, 0.000000,
                 0.132744, 0.671346, 0.729159, 0.000000,
                 0.010287,-0.736563, 0.676290, 0.000000,
                 0.000002,17.302578, 0.000001, 1.000000;;
              }
              Frame Armature_mixamorig_RightToe_End {
                FrameTransformMatrix {
                   1.000000,-0.000000,-0.000001, 0.000000,
                   0.000000, 1.000000,-0.000000, 0.000000,
                   0.000001, 0.000000, 1.000000, 0.000000,
                  -0.000001,14.762835, 0.000000, 1.000000;;
                }
              } // End of Armature_mixamorig_RightToe_End
            } // End of Armature_mixamorig_RightToeBase
          } // End of Armature_mixamorig_RightFoot
        } // End of Armature_mixamorig_RightLeg
      } // End of Armature_mixamorig_RightUpLeg
      Frame Armature_mixamorig_Spine {
        FrameTransformMatrix {
           0.996575, 0.071130, 0.042183, 0.000000,
          -0.074087, 0.994558, 0.073256, 0.000000,
          -0.036742,-0.076130, 0.996421, 0.000000,
           0.000000,11.384806,-0.357601, 1.000000;;
        }
        Frame Armature_mixamorig_Spine1 {
          FrameTransformMatrix {
             0.992388, 0.100532, 0.071125, 0.000000,
            -0.105053, 0.992471, 0.062967, 0.000000,
            -0.064260,-0.069959, 0.995478, 0.000000,
             0.000000,11.001195,-0.000001, 1.000000;;
          }
          Frame Armature_mixamorig_Spine2 {
            FrameTransformMatrix {
               0.992858, 0.088760, 0.079716, 0.000000,
              -0.105159, 0.966676, 0.233405, 0.000000,
              -0.056343,-0.240121, 0.969107, 0.000000,
               0.000000,11.833403, 0.000000, 1.000000;;
            }
            Frame Armature_mixamorig_BackRope1 {
              FrameTransformMatrix {
                -1.000000,-0.000000, 0.000001, 0.000000,
                 0.000000,-0.992635, 0.121143, 0.000000,
                 0.000001, 0.121148, 0.992651, 0.000000,
                -19.003603,11.019896,-21.992502, 1.000000;;
              }
              Frame Armature_mixamorig_BackRope2 {
                FrameTransformMatrix {
                   1.000000,-0.000000, 0.000000, 0.000000,
                   0.000000, 1.000000, 0.000000, 0.000000,
                  -0.000000,-0.000000, 1.000000, 0.000000,
                  -0.000004,14.875103, 0.000003, 1.000000;;
                }
                Frame Armature_mixamorig_BackRope3 {
                  FrameTransformMatrix {
                     1.000000,-0.000000, 0.000000, 0.000000,
                     0.000000, 1.000000,-0.000000, 0.000000,
                     0.000000, 0.000000, 1.000000, 0.000000,
                     0.000001,13.950487, 0.000000, 1.000000;;
                  }
                } // End of Armature_mixamorig_BackRope3
              } // End of Armature_mixamorig_BackRope2
            } // End of Armature_mixamorig_BackRope1
            Frame Armature_mixamorig_FrontRope1 {
              FrameTransformMatrix {
                 1.000000,-0.000000,-0.000000, 0.000000,
                 0.000000,-1.000000,-0.000000, 0.000000,
                -0.000000,-0.000000,-1.000000, 0.000000,
                -1.300004, 6.593899,16.769001, 1.000000;;
              }
              Frame Armature_mixamorig_FrontRope2 {
                FrameTransformMatrix {
                   1.000000, 0.000000,-0.000000, 0.000000,
                   0.000000, 1.000000, 0.000000, 0.000000,
                   0.000000,-0.000000, 1.000000, 0.000000,
                   0.000001,11.583995,-0.000007, 1.000000;;
                }
              } // End of Armature_mixamorig_FrontRope2
            } // End of Armature_mixamorig_FrontRope1
            Frame Armature_mixamorig_LeftShoulder {
              FrameTransformMatrix {
                 0.298203, 0.107403,-0.948440, 0.000000,
                 0.950351, 0.059160, 0.305503, 0.000000,
                 0.088922,-0.992454,-0.084429, 0.000000,
                 7.841201,26.218008,-8.222705, 1.000000;;
              }
              Frame Armature_mixamorig_LeftArm {
                FrameTransformMatrix {
                   0.175890, 0.910657, 0.373853, 0.000000,
                  -0.869953, 0.321527,-0.373902, 0.000000,
                  -0.460700,-0.259469, 0.848782, 0.000000,
                   0.000003,17.075190,-0.000012, 1.000000;;
                }
                Frame Armature_mixamorig_LeftForeArm {
                  FrameTransformMatrix {
                     0.926559, 0.376149,-0.000000, 0.000000,
                    -0.376149, 0.926559,-0.000001, 0.000000,
                    -0.000000, 0.000001, 1.000000, 0.000000,
                     0.000000,22.159307,-0.000014, 1.000000;;
                  }
                  Frame Armature_mixamorig_LeftHand {
                    FrameTransformMatrix {
                       0.980683, 0.105115, 0.164959, 0.000000,
                      -0.116396, 0.991374, 0.060256, 0.000000,
                      -0.157202,-0.078293, 0.984458, 0.000000,
                       0.000000,28.150314,-0.000002, 1.000000;;
                    }
                    Frame Armature_mixamorig_LeftHandIndex1 {
                      FrameTransformMatrix {
                         0.971499, 0.136385, 0.193878, 0.000000,
                        -0.177039, 0.961353, 0.210851, 0.000000,
                        -0.157628,-0.239165, 0.958099, 0.000000,
                        -3.147199,14.950500, 0.251394, 1.000000;;
                      }
                      Frame Armature_mixamorig_LeftHandIndex2 {
                        FrameTransformMatrix {
                           0.998876,-0.047339,-0.002097, 0.000000,
                           0.045099, 0.936164, 0.348659, 0.000000,
                          -0.014542,-0.348362, 0.937247, 0.000000,
                           0.000013, 3.058392,-0.000014, 1.000000;;
                        }
                        Frame Armature_mixamorig_LeftHandIndex3 {
                          FrameTransformMatrix {
                             0.995945,-0.085520,-0.027932, 0.000000,
                             0.083461, 0.762356, 0.641754, 0.000000,
                            -0.033589,-0.641482, 0.766402, 0.000000,
                            -0.000009, 3.360101,-0.000022, 1.000000;;
                          }
                          Frame Armature_mixamorig_LeftHandIndex4 {
                            FrameTransformMatrix {
                               1.000000, 0.000000, 0.000000, 0.000000,
                               0.000000, 1.000000, 0.000000, 0.000000,
                              -0.000000, 0.000000, 1.000000, 0.000000,
                              -0.000006, 2.823962, 0.000006, 1.000000;;
                            }
                          } // End of Armature_mixamorig_LeftHandIndex4
                        } // End of Armature_mixamorig_LeftHandIndex3
                      } // End of Armature_mixamorig_LeftHandIndex2
                    } // End of Armature_mixamorig_LeftHandIndex1
                    Frame Armature_mixamorig_LeftHandMiddle1 {
                      FrameTransformMatrix {
                         0.999059, 0.039861, 0.017068, 0.000000,
                        -0.040070, 0.999124, 0.012110, 0.000000,
                        -0.016570,-0.012783, 0.999781, 0.000000,
                        -0.016203,14.948502, 0.130691, 1.000000;;
                      }
                      Frame Armature_mixamorig_LeftHandMiddle2 {
                        FrameTransformMatrix {
                           0.993278,-0.110912,-0.033114, 0.000000,
                           0.092192, 0.585073, 0.805723, 0.000000,
                          -0.069991,-0.803360, 0.591366, 0.000000,
                           0.000008, 4.533210,-0.000018, 1.000000;;
                        }
                        Frame Armature_mixamorig_LeftHandMiddle3 {
                          FrameTransformMatrix {
                             0.999142,-0.041160, 0.004646, 0.000000,
                             0.037785, 0.951627, 0.304923, 0.000000,
                            -0.016972,-0.304486, 0.952366, 0.000000,
                             0.000001, 2.187915, 0.000007, 1.000000;;
                          }
                          Frame Armature_mixamorig_LeftHandMiddle4 {
                            FrameTransformMatrix {
                               1.000000, 0.000000,-0.000000, 0.000000,
                              -0.000000, 1.000000, 0.000000, 0.000000,
                               0.000000,-0.000000, 1.000000, 0.000000,
                               0.000003, 3.387833,-0.000004, 1.000000;;
                            }
                          } // End of Armature_mixamorig_LeftHandMiddle4
                        } // End of Armature_mixamorig_LeftHandMiddle3
                      } // End of Armature_mixamorig_LeftHandMiddle2
                    } // End of Armature_mixamorig_LeftHandMiddle1
                    Frame Armature_mixamorig_LeftHandPinky1 {
                      FrameTransformMatrix {
                         0.904094,-0.422967,-0.060938, 0.000000,
                         0.418438, 0.905171,-0.074665, 0.000000,
                         0.086740, 0.042006, 0.995345, 0.000000,
                         5.517902,12.748606, 0.324996, 1.000000;;
                      }
                      Frame Armature_mixamorig_LeftHandPinky2 {
                        FrameTransformMatrix {
                           0.998008,-0.062966,-0.003815, 0.000000,
                           0.057939, 0.891064, 0.450164, 0.000000,
                          -0.024945,-0.449489, 0.892938, 0.000000,
                          -0.000002, 2.238598, 0.000000, 1.000000;;
                        }
                        Frame Armature_mixamorig_LeftHandPinky3 {
                          FrameTransformMatrix {
                             0.992482,-0.110838,-0.051906, 0.000000,
                             0.106221, 0.569397, 0.815172, 0.000000,
                            -0.060797,-0.814557, 0.576889, 0.000000,
                             0.000000, 3.233325, 0.000007, 1.000000;;
                          }
                          Frame Armature_mixamorig_LeftHandPinky4 {
                            FrameTransformMatrix {
                               1.000000, 0.000000, 0.000000, 0.000000,
                               0.000000, 1.000000, 0.000000, 0.000000,
                               0.000000, 0.000000, 1.000000, 0.000000,
                               0.000001, 1.875377,-0.000003, 1.000000;;
                            }
                          } // End of Armature_mixamorig_LeftHandPinky4
                        } // End of Armature_mixamorig_LeftHandPinky3
                      } // End of Armature_mixamorig_LeftHandPinky2
                    } // End of Armature_mixamorig_LeftHandPinky1
                    Frame Armature_mixamorig_LeftHandRing1 {
                      FrameTransformMatrix {
                         0.977961,-0.204285, 0.043115, 0.000000,
                         0.208022, 0.935732,-0.284838, 0.000000,
                         0.017844, 0.287529, 0.957606, 0.000000,
                         3.504798,15.108297,-0.011807, 1.000000;;
                      }
                      Frame Armature_mixamorig_LeftHandRing2 {
                        FrameTransformMatrix {
                           0.998259,-0.058988, 0.000501, 0.000000,
                           0.053078, 0.901887, 0.428699, 0.000000,
                          -0.025740,-0.427926, 0.903447, 0.000000,
                           0.000000, 3.189996, 0.000025, 1.000000;;
                        }
                        Frame Armature_mixamorig_LeftHandRing3 {
                          FrameTransformMatrix {
                             0.996635,-0.079641,-0.019415, 0.000000,
                             0.075536, 0.800245, 0.594897, 0.000000,
                            -0.031841,-0.594362, 0.803567, 0.000000,
                            -0.000007, 3.464000,-0.000006, 1.000000;;
                          }
                          Frame Armature_mixamorig_LeftHandRing4 {
                            FrameTransformMatrix {
                               1.000000,-0.000000,-0.000000, 0.000000,
                              -0.000000, 1.000000, 0.000000, 0.000000,
                               0.000000,-0.000000, 1.000000, 0.000000,
                               0.000003, 2.167999,-0.000017, 1.000000;;
                            }
                          } // End of Armature_mixamorig_LeftHandRing4
                        } // End of Armature_mixamorig_LeftHandRing3
                      } // End of Armature_mixamorig_LeftHandRing2
                    } // End of Armature_mixamorig_LeftHandRing1
                    Frame Armature_mixamorig_LeftHandThumb1 {
                      FrameTransformMatrix {
                         0.902015, 0.427746,-0.058325, 0.000000,
                        -0.367150, 0.831170, 0.417563, 0.000000,
                         0.227089,-0.355234, 0.906774, 0.000000,
                        -5.326802, 8.902700, 2.392891, 1.000000;;
                      }
                      Frame Armature_mixamorig_LeftHandThumb2 {
                        FrameTransformMatrix {
                           0.999404,-0.002441,-0.034435, 0.000000,
                           0.005645, 0.995625, 0.093269, 0.000000,
                           0.034057,-0.093408, 0.995045, 0.000000,
                          -0.000007, 4.102991, 0.000001, 1.000000;;
                        }
                        Frame Armature_mixamorig_LeftHandThumb3 {
                          FrameTransformMatrix {
                             0.747347,-0.641236, 0.174037, 0.000000,
                             0.631230, 0.766978, 0.115297, 0.000000,
                            -0.207416, 0.023691, 0.977966, 0.000000,
                             0.000006, 3.058303,-0.000004, 1.000000;;
                          }
                          Frame Armature_mixamorig_LeftHandThumb4 {
                            FrameTransformMatrix {
                               1.000000, 0.000001,-0.000001, 0.000000,
                              -0.000001, 1.000000, 0.000006, 0.000000,
                               0.000001,-0.000006, 1.000000, 0.000000,
                              -0.000000, 2.166994,-0.000022, 1.000000;;
                            }
                          } // End of Armature_mixamorig_LeftHandThumb4
                        } // End of Armature_mixamorig_LeftHandThumb3
                      } // End of Armature_mixamorig_LeftHandThumb2
                    } // End of Armature_mixamorig_LeftHandThumb1
                  } // End of Armature_mixamorig_LeftHand
                } // End of Armature_mixamorig_LeftForeArm
              } // End of Armature_mixamorig_LeftArm
            } // End of Armature_mixamorig_LeftShoulder
            Frame Armature_mixamorig_Neck {
              FrameTransformMatrix {
                 0.997505, 0.030633, 0.063599, 0.000000,
                -0.043633, 0.975779, 0.214365, 0.000000,
                -0.055492,-0.216605, 0.974681, 0.000000,
                -0.000005,31.653790,-6.283096, 1.000000;;
              }
              Frame Armature_mixamorig_Head {
                FrameTransformMatrix {
                   0.953903,-0.247755, 0.169370, 0.000000,
                   0.276838, 0.944322,-0.177813, 0.000000,
                  -0.115886, 0.216504, 0.969379, 0.000000,
                   0.000000,15.916003, 3.311102, 1.000000;;
                }
                Frame Armature_mixamorig_HeadTop_End {
                  FrameTransformMatrix {
                     1.000000, 0.000000, 0.000000, 0.000000,
                     0.000000, 1.000000,-0.000000, 0.000000,
                     0.000000, 0.000000, 1.000000, 0.000000,
                    -0.000001,18.714512, 7.508591, 1.000000;;
                  }
                } // End of Armature_mixamorig_HeadTop_End
                Frame Armature_mixamorig_LeftEye {
                  FrameTransformMatrix {
                     1.000000, 0.000000, 0.000000, 0.000000,
                     0.000000, 0.999950,-0.009966, 0.000000,
                     0.000000, 0.009966, 0.999950, 0.000000,
                     3.685000, 2.966198, 9.193800, 1.000000;;
                  }
                } // End of Armature_mixamorig_LeftEye
                Frame Armature_mixamorig_RightEye {
                  FrameTransformMatrix {
                     1.000000, 0.000000, 0.000000, 0.000000,
                     0.000000, 0.928085, 0.372367, 0.000000,
                    -0.000000,-0.372367, 0.928085, 0.000000,
                    -3.684999, 2.966001, 9.193806, 1.000000;;
                  }
                } // End of Armature_mixamorig_RightEye
              } // End of Armature_mixamorig_Head
            } // End of Armature_mixamorig_Neck
            Frame Armature_mixamorig_RightShoulder {
              FrameTransformMatrix {
                -0.339498,-0.007186, 0.940579, 0.000000,
                -0.880052,-0.350567,-0.320330, 0.000000,
                 0.332038,-0.936510, 0.112693, 0.000000,
                -7.841205,26.217798,-8.222701, 1.000000;;
              }
              Frame Armature_mixamorig_RightArm {
                FrameTransformMatrix {
                  -0.274661,-0.946415, 0.169885, 0.000000,
                   0.873784,-0.319409,-0.366714, 0.000000,
                   0.401326, 0.047721, 0.914691, 0.000000,
                  -0.000011,17.075191, 0.000002, 1.000000;;
                }
                Frame Armature_mixamorig_RightForeArm {
                  FrameTransformMatrix {
                     0.936545,-0.350548, 0.000001, 0.000000,
                     0.350548, 0.936545,-0.000003, 0.000000,
                    -0.000000, 0.000003, 1.000000, 0.000000,
                    -0.000001,22.159294, 0.000022, 1.000000;;
                  }
                  Frame Armature_mixamorig_RightHand {
                    FrameTransformMatrix {
                       0.979520, 0.069800, 0.188864, 0.000000,
                      -0.127382, 0.941241, 0.312792, 0.000000,
                      -0.155934,-0.330444, 0.930855, 0.000000,
                       0.000002,28.150293,-0.000006, 1.000000;;
                    }
                    Frame Armature_mixamorig_RightHandIndex1 {
                      FrameTransformMatrix {
                         0.997897, 0.064446, 0.006933, 0.000000,
                        -0.057965, 0.935137,-0.349512, 0.000000,
                        -0.029008, 0.348375, 0.936906, 0.000000,
                         3.147200,14.950491, 0.251014, 1.000000;;
                      }
                      Frame Armature_mixamorig_RightHandIndex2 {
                        FrameTransformMatrix {
                           0.995055, 0.094063, 0.031883, 0.000000,
                          -0.089417, 0.708708, 0.699812, 0.000000,
                           0.043230,-0.699203, 0.713615, 0.000000,
                          -0.000001, 3.058388, 0.000024, 1.000000;;
                        }
                        Frame Armature_mixamorig_RightHandIndex3 {
                          FrameTransformMatrix {
                             0.999818, 0.019011,-0.001831, 0.000000,
                            -0.018557, 0.989646, 0.142324, 0.000000,
                             0.004517,-0.142264, 0.989818, 0.000000,
                             0.000000, 3.360117,-0.000006, 1.000000;;
                          }
                          Frame Armature_mixamorig_RightHandIndex4 {
                            FrameTransformMatrix {
                               1.000000,-0.000000, 0.000000, 0.000000,
                              -0.000000, 1.000000,-0.000000, 0.000000,
                               0.000000,-0.000000, 1.000000, 0.000000,
                               0.000001, 2.824002,-0.000005, 1.000000;;
                            }
                          } // End of Armature_mixamorig_RightHandIndex4
                        } // End of Armature_mixamorig_RightHandIndex3
                      } // End of Armature_mixamorig_RightHandIndex2
                    } // End of Armature_mixamorig_RightHandIndex1
                    Frame Armature_mixamorig_RightHandMiddle1 {
                      FrameTransformMatrix {
                         0.998499, 0.053335,-0.012468, 0.000000,
                        -0.054766, 0.968567,-0.242649, 0.000000,
                        -0.000866, 0.242968, 0.970034, 0.000000,
                         0.016195,14.948500, 0.131025, 1.000000;;
                      }
                      Frame Armature_mixamorig_RightHandMiddle2 {
                        FrameTransformMatrix {
                           0.992319, 0.115662, 0.043882, 0.000000,
                          -0.096302, 0.499608, 0.860882, 0.000000,
                           0.077648,-0.858495, 0.506909, 0.000000,
                          -0.000005, 4.533196, 0.000031, 1.000000;;
                        }
                        Frame Armature_mixamorig_RightHandMiddle3 {
                          FrameTransformMatrix {
                             0.995218, 0.093835, 0.027132, 0.000000,
                            -0.086061, 0.710964, 0.697943, 0.000000,
                             0.046202,-0.696940, 0.715639, 0.000000,
                            -0.000000, 2.187996,-0.000000, 1.000000;;
                          }
                          Frame Armature_mixamorig_RightHandMiddle4 {
                            FrameTransformMatrix {
                               1.000000,-0.000000, 0.000000, 0.000000,
                               0.000000, 1.000000,-0.000000, 0.000000,
                               0.000000,-0.000000, 1.000000, 0.000000,
                              -0.000003, 3.387694,-0.000001, 1.000000;;
                            }
                          } // End of Armature_mixamorig_RightHandMiddle4
                        } // End of Armature_mixamorig_RightHandMiddle3
                      } // End of Armature_mixamorig_RightHandMiddle2
                    } // End of Armature_mixamorig_RightHandMiddle1
                    Frame Armature_mixamorig_RightHandPinky1 {
                      FrameTransformMatrix {
                         0.984899, 0.172823, 0.010350, 0.000000,
                        -0.155469, 0.856529, 0.492125, 0.000000,
                         0.076186,-0.486302, 0.870463, 0.000000,
                        -5.517900,12.748602, 0.325022, 1.000000;;
                      }
                      Frame Armature_mixamorig_RightHandPinky2 {
                        FrameTransformMatrix {
                           0.992373, 0.113458, 0.048191, 0.000000,
                          -0.103787, 0.558111, 0.823250, 0.000000,
                           0.066509,-0.821973, 0.565630, 0.000000,
                           0.000000, 2.238603,-0.000001, 1.000000;;
                        }
                        Frame Armature_mixamorig_RightHandPinky3 {
                          FrameTransformMatrix {
                             0.995230, 0.092556, 0.030834, 0.000000,
                            -0.088736, 0.727514, 0.680331, 0.000000,
                             0.040536,-0.679822, 0.732256, 0.000000,
                             0.000000, 3.233315,-0.000000, 1.000000;;
                          }
                          Frame Armature_mixamorig_RightHandPinky4 {
                            FrameTransformMatrix {
                               1.000000, 0.000000, 0.000000, 0.000000,
                               0.000000, 1.000000, 0.000000, 0.000000,
                               0.000000,-0.000000, 1.000000, 0.000000,
                               0.000002, 1.875392,-0.000010, 1.000000;;
                            }
                          } // End of Armature_mixamorig_RightHandPinky4
                        } // End of Armature_mixamorig_RightHandPinky3
                      } // End of Armature_mixamorig_RightHandPinky2
                    } // End of Armature_mixamorig_RightHandPinky1
                    Frame Armature_mixamorig_RightHandRing1 {
                      FrameTransformMatrix {
                         0.990386, 0.138310,-0.002408, 0.000000,
                        -0.132284, 0.952040, 0.275900, 0.000000,
                         0.040453,-0.272929, 0.961183, 0.000000,
                        -3.504802,15.108289,-0.011986, 1.000000;;
                      }
                      Frame Armature_mixamorig_RightHandRing2 {
                        FrameTransformMatrix {
                           0.999774, 0.017194,-0.012487, 0.000000,
                          -0.015646, 0.993253, 0.114911, 0.000000,
                           0.014379,-0.114690, 0.993297, 0.000000,
                          -0.000001, 3.190093,-0.000014, 1.000000;;
                        }
                        Frame Armature_mixamorig_RightHandRing3 {
                          FrameTransformMatrix {
                             0.999891, 0.013398,-0.006149, 0.000000,
                            -0.012732, 0.995105, 0.097999, 0.000000,
                             0.007431,-0.097910, 0.995168, 0.000000,
                            -0.000001, 3.464015, 0.000017, 1.000000;;
                          }
                          Frame Armature_mixamorig_RightHandRing4 {
                            FrameTransformMatrix {
                               1.000000,-0.000000, 0.000000, 0.000000,
                               0.000000, 1.000000, 0.000000, 0.000000,
                              -0.000000,-0.000000, 1.000000, 0.000000,
                              -0.000001, 2.167896, 0.000022, 1.000000;;
                            }
                          } // End of Armature_mixamorig_RightHandRing4
                        } // End of Armature_mixamorig_RightHandRing3
                      } // End of Armature_mixamorig_RightHandRing2
                    } // End of Armature_mixamorig_RightHandRing1
                    Frame Armature_mixamorig_RightHandThumb1 {
                      FrameTransformMatrix {
                         0.621881,-0.779886, 0.070999, 0.000000,
                         0.771256, 0.625660, 0.117105, 0.000000,
                        -0.135749,-0.018067, 0.990578, 0.000000,
                         5.326798, 8.902698, 2.393027, 1.000000;;
                      }
                      Frame Armature_mixamorig_RightHandThumb2 {
                        FrameTransformMatrix {
                           0.685460, 0.716185,-0.131238, 0.000000,
                          -0.723375, 0.690372,-0.010747, 0.000000,
                           0.082907, 0.102301, 0.991293, 0.000000,
                           0.000002, 4.102998, 0.000006, 1.000000;;
                        }
                        Frame Armature_mixamorig_RightHandThumb3 {
                          FrameTransformMatrix {
                             0.901425,-0.432774,-0.011797, 0.000000,
                             0.432284, 0.901230,-0.030250, 0.000000,
                             0.023723, 0.022169, 0.999473, 0.000000,
                             0.000000, 3.058000, 0.000004, 1.000000;;
                          }
                          Frame Armature_mixamorig_RightHandThumb4 {
                            FrameTransformMatrix {
                               1.000000, 0.000000,-0.000000, 0.000000,
                              -0.000000, 1.000000, 0.000000, 0.000000,
                               0.000000,-0.000000, 1.000000, 0.000000,
                               0.000006, 2.167197, 0.000002, 1.000000;;
                            }
                          } // End of Armature_mixamorig_RightHandThumb4
                        } // End of Armature_mixamorig_RightHandThumb3
                      } // End of Armature_mixamorig_RightHandThumb2
                    } // End of Armature_mixamorig_RightHandThumb1
                  } // End of Armature_mixamorig_RightHand
                } // End of Armature_mixamorig_RightForeArm
              } // End of Armature_mixamorig_RightArm
            } // End of Armature_mixamorig_RightShoulder
          } // End of Armature_mixamorig_Spine2
        } // End of Armature_mixamorig_Spine1
      } // End of Armature_mixamorig_Spine
    } // End of Armature_mixamorig_Hips
  } // End of Armature
} // End of Root
AnimationSet Walk {
  Animation {
    {Armature}
    AnimationKey { // Rotation
      0;
      243;
      0;4;-0.707107, 0.707107, 0.000000, 0.000000;;,
      1;4;-0.707107, 0.707107, 0.000000, 0.000000;;,
      2;4;-0.707107, 0.707107, 0.000000, 0.000000;;,
      3;4;-0.707107, 0.707107, 0.000000, 0.000000;;,
      4;4;-0.707107, 0.707107, 0.000000, 0.000000;;,
      5;4;-0.707107, 0.707107, 0.000000, 0.000000;;,
      6;4;-0.707107, 0.707107, 0.000000, 0.000000;;,
      7;4;-0.707107, 0.707107, 0.000000, 0.000000;;,
      8;4;-0.707107, 0.707107, 0.000000, 0.000000;;,
      9;4;-0.707107, 0.707107, 0.000000, 0.000000;;,
      10;4;-0.707107, 0.707107, 0.000000, 0.000000;;,
      11;4;-0.707107, 0.707107, 0.000000, 0.000000;;,
      12;4;-0.707107, 0.707107, 0.000000, 0.000000;;,
      13;4;-0.707107, 0.707107, 0.000000, 0.000000;;,
      14;4;-0.707107, 0.707107, 0.000000, 0.000000;;,
      15;4;-0.707107, 0.707107, 0.000000, 0.000000;;,
      16;4;-0.707107, 0.707107, 0.000000, 0.000000;;,
      17;4;-0.707107, 0.707107, 0.000000, 0.000000;;,
      18;4;-0.707107, 0.707107, 0.000000, 0.000000;;,
      19;4;-0.707107, 0.707107, 0.000000, 0.000000;;,
      20;4;-0.707107, 0.707107, 0.000000, 0.000000;;,
      21;4;-0.707107, 0.707107, 0.000000, 0.000000;;,
      22;4;-0.707107, 0.707107, 0.000000, 0.000000;;,
      23;4;-0.707107, 0.707107, 0.000000, 0.000000;;,
      24;4;-0.707107, 0.707107, 0.000000, 0.000000;;,
      25;4;-0.707107, 0.707107, 0.000000, 0.000000;;,
      26;4;-0.707107, 0.707107, 0.000000, 0.000000;;,
      27;4;-0.707107, 0.707107, 0.000000, 0.000000;;,
      28;4;-0.707107, 0.707107, 0.000000, 0.000000;;,
      29;4;-0.707107, 0.707107, 0.000000, 0.000000;;,
      30;4;-0.707107, 0.707107, 0.000000, 0.000000;;,
      31;4;-0.707107, 0.707107, 0.000000, 0.000000;;,
      32;4;-0.707107, 0.707107, 0.000000, 0.000000;;,
      33;4;-0.707107, 0.707107, 0.000000, 0.000000;;,
      34;4;-0.707107, 0.707107, 0.000000, 0.000000;;,
      35;4;-0.707107, 0.707107, 0.000000, 0.000000;;,
      36;4;-0.707107, 0.707107, 0.000000, 0.000000;;,
      37;4;-0.707107, 0.707107, 0.000000, 0.000000;;,
      38;4;-0.707107, 0.707107, 0.000000, 0.000000;;,
      39;4;-0.707107, 0.707107, 0.000000, 0.000000;;,
      40;4;-0.707107, 0.707107, 0.000000, 0.000000;;,
      41;4;-0.707107, 0.707107, 0.000000, 0.000000;;,
      42;4;-0.707107, 0.707107, 0.000000, 0.000000;;,
      43;4;-0.707107, 0.707107, 0.000000, 0.000000;;,
      44;4;-0.707107, 0.707107, 0.000000, 0.000000;;,
      45;4;-0.707107, 0.707107, 0.000000, 0.000000;;,
      46;4;-0.707107, 0.707107, 0.000000, 0.000000;;,
      47;4;-0.707107, 0.707107, 0.000000, 0.000000;;,
      48;4;-0.707107, 0.707107, 0.000000, 0.000000;;,
      49;4;-0.707107, 0.707107, 0.000000, 0.000000;;,
      50;4;-0.707107, 0.707107, 0.000000, 0.000000;;,
      51;4;-0.707107, 0.707107, 0.000000, 0.000000;;,
      52;4;-0.707107, 0.707107, 0.000000, 0.000000;;,
      53;4;-0.707107, 0.707107, 0.000000, 0.000000;;,
      54;4;-0.707107, 0.707107, 0.000000, 0.000000;;,
      55;4;-0.707107, 0.707107, 0.000000, 0.000000;;,
      56;4;-0.707107, 0.707107, 0.000000, 0.000000;;,
      57;4;-0.707107, 0.707107, 0.000000, 0.000000;;,
      58;4;-0.707107, 0.707107, 0.000000, 0.000000;;,
      59;4;-0.707107, 0.707107, 0.000000, 0.000000;;,
      60;4;-0.707107, 0.707107, 0.000000, 0.000000;;,
      61;4;-0.707107, 0.707107, 0.000000, 0.000000;;,
      62;4;-0.707107, 0.707107, 0.000000, 0.000000;;,
      63;4;-0.707107, 0.707107, 0.000000, 0.000000;;,
      64;4;-0.707107, 0.707107, 0.000000, 0.000000;;,
      65;4;-0.707107, 0.707107, 0.000000, 0.000000;;,
      66;4;-0.707107, 0.707107, 0.000000, 0.000000;;,
      67;4;-0.707107, 0.707107, 0.000000, 0.000000;;,
      68;4;-0.707107, 0.707107, 0.000000, 0.000000;;,
      69;4;-0.707107, 0.707107, 0.000000, 0.000000;;,
      70;4;-0.707107, 0.707107, 0.000000, 0.000000;;,
      71;4;-0.707107, 0.707107, 0.000000, 0.000000;;,
      72;4;-0.707107, 0.707107, 0.000000, 0.000000;;,
      73;4;-0.707107, 0.707107, 0.000000, 0.000000;;,
      74;4;-0.707107, 0.707107, 0.000000, 0.000000;;,
      75;4;-0.707107, 0.707107, 0.000000, 0.000000;;,
      76;4;-0.707107, 0.707107, 0.000000, 0.000000;;,
      77;4;-0.707107, 0.707107, 0.000000, 0.000000;;,
      78;4;-0.707107, 0.707107, 0.000000, 0.000000;;,
      79;4;-0.707107, 0.707107, 0.000000, 0.000000;;,
      80;4;-0.707107, 0.707107, 0.000000, 0.000000;;,
      81;4;-0.707107, 0.707107, 0.000000, 0.000000;;,
      82;4;-0.707107, 0.707107, 0.000000, 0.000000;;,
      83;4;-0.707107, 0.707107, 0.000000, 0.000000;;,
      84;4;-0.707107, 0.707107, 0.000000, 0.000000;;,
      85;4;-0.707107, 0.707107, 0.000000, 0.000000;;,
      86;4;-0.707107, 0.707107, 0.000000, 0.000000;;,
      87;4;-0.707107, 0.707107, 0.000000, 0.000000;;,
      88;4;-0.707107, 0.707107, 0.000000, 0.000000;;,
      89;4;-0.707107, 0.707107, 0.000000, 0.000000;;,
      90;4;-0.707107, 0.707107, 0.000000, 0.000000;;,
      91;4;-0.707107, 0.707107, 0.000000, 0.000000;;,
      92;4;-0.707107, 0.707107, 0.000000, 0.000000;;,
      93;4;-0.707107, 0.707107, 0.000000, 0.000000;;,
      94;4;-0.707107, 0.707107, 0.000000, 0.000000;;,
      95;4;-0.707107, 0.707107, 0.000000, 0.000000;;,
      96;4;-0.707107, 0.707107, 0.000000, 0.000000;;,
      97;4;-0.707107, 0.707107, 0.000000, 0.000000;;,
      98;4;-0.707107, 0.707107, 0.000000, 0.000000;;,
      99;4;-0.707107, 0.707107, 0.000000, 0.000000;;,
      100;4;-0.707107, 0.707107, 0.000000, 0.000000;;,
      101;4;-0.707107, 0.707107, 0.000000, 0.000000;;,
      102;4;-0.707107, 0.707107, 0.000000, 0.000000;;,
      103;4;-0.707107, 0.707107, 0.000000, 0.000000;;,
      104;4;-0.707107, 0.707107, 0.000000, 0.000000;;,
      105;4;-0.707107, 0.707107, 0.000000, 0.000000;;,
      106;4;-0.707107, 0.707107, 0.000000, 0.000000;;,
      107;4;-0.707107, 0.707107, 0.000000, 0.000000;;,
      108;4;-0.707107, 0.707107, 0.000000, 0.000000;;,
      109;4;-0.707107, 0.707107, 0.000000, 0.000000;;,
      110;4;-0.707107, 0.707107, 0.000000, 0.000000;;,
      111;4;-0.707107, 0.707107, 0.000000, 0.000000;;,
      112;4;-0.707107, 0.707107, 0.000000, 0.000000;;,
      113;4;-0.707107, 0.707107, 0.000000, 0.000000;;,
      114;4;-0.707107, 0.707107, 0.000000, 0.000000;;,
      115;4;-0.707107, 0.707107, 0.000000, 0.000000;;,
      116;4;-0.707107, 0.707107, 0.000000, 0.000000;;,
      117;4;-0.707107, 0.707107, 0.000000, 0.000000;;,
      118;4;-0.707107, 0.707107, 0.000000, 0.000000;;,
      119;4;-0.707107, 0.707107, 0.000000, 0.000000;;,
      120;4;-0.707107, 0.707107, 0.000000, 0.000000;;,
      121;4;-0.707107, 0.707107, 0.000000, 0.000000;;,
      122;4;-0.707107, 0.707107, 0.000000, 0.000000;;,
      123;4;-0.707107, 0.707107, 0.000000, 0.000000;;,
      124;4;-0.707107, 0.707107, 0.000000, 0.000000;;,
      125;4;-0.707107, 0.707107, 0.000000, 0.000000;;,
      126;4;-0.707107, 0.707107, 0.000000, 0.000000;;,
      127;4;-0.707107, 0.707107, 0.000000, 0.000000;;,
      128;4;-0.707107, 0.707107, 0.000000, 0.000000;;,
      129;4;-0.707107, 0.707107, 0.000000, 0.000000;;,
      130;4;-0.707107, 0.707107, 0.000000, 0.000000;;,
      131;4;-0.707107, 0.707107, 0.000000, 0.000000;;,
      132;4;-0.707107, 0.707107, 0.000000, 0.000000;;,
      133;4;-0.707107, 0.707107, 0.000000, 0.000000;;,
      134;4;-0.707107, 0.707107, 0.000000, 0.000000;;,
      135;4;-0.707107, 0.707107, 0.000000, 0.000000;;,
      136;4;-0.707107, 0.707107, 0.000000, 0.000000;;,
      137;4;-0.707107, 0.707107, 0.000000, 0.000000;;,
      138;4;-0.707107, 0.707107, 0.000000, 0.000000;;,
      139;4;-0.707107, 0.707107, 0.000000, 0.000000;;,
      140;4;-0.707107, 0.707107, 0.000000, 0.000000;;,
      141;4;-0.707107, 0.707107, 0.000000, 0.000000;;,
