xof 0303txt 0032

template XSkinMeshHeader {
  <3cf169ce-ff7c-44ab-93c0-f78f62d172e2>
  WORD nMaxSkinWeightsPerVertex;
  WORD nMaxSkinWeightsPerFace;
  WORD nBones;
}

template SkinWeights {
  <6f0d123b-bad2-4167-a0d0-80224f25fabb>
  STRING transformNodeName;
  DWORD nWeights;
  array DWORD vertexIndices[nWeights];
  array float weights[nWeights];
  Matrix4x4 matrixOffset;
}

Frame Root {
  FrameTransformMatrix {
     1.000000, 0.000000, 0.000000, 0.000000,
     0.000000,-0.000000,-1.000000, 0.000000,
     0.000000, 1.000000,-0.000000, 0.000000,
     0.000000, 0.000000, 0.000000, 1.000000;;
  }
  Frame Armature {
    FrameTransformMatrix {
       0.010000, 0.000000, 0.000000, 0.000000,
       0.000000,-0.000000, 0.010000, 0.000000,
       0.000000,-0.010000,-0.000000, 0.000000,
       0.000000, 0.000000, 0.000000, 1.000000;;
    }
    Frame Armature_mixamorig_Hips {
      FrameTransformMatrix {
         0.945875,-0.060848, 0.318776, 0.000000,
        -0.005035, 0.979396, 0.201888, 0.000000,
        -0.324492,-0.192566, 0.926079, 0.000000,
         1.004117,93.998779,-2.183731, 1.000000;;
      }
      Frame Armature_mixamorig_LeftUpLeg {
        FrameTransformMatrix {
          -0.896810,-0.216159, 0.385582, 0.000000,
           0.425139,-0.662511, 0.616060, 0.000000,
           0.122431, 0.717185, 0.685272, 0.000000,
          11.569598,-8.174112, 1.167000, 1.000000;;
        }
        Frame Armature_mixamorig_LeftLeg {
          FrameTransformMatrix {
             0.990973, 0.110437, 0.076005, 0.000000,
            -0.016178, 0.661297,-0.749950, 0.000000,
            -0.133084, 0.741950, 0.657114, 0.000000,
             0.000001,41.253307,-0.000007, 1.000000;;
          }
          Frame Armature_mixamorig_LeftFoot {
            FrameTransformMatrix {
               0.941614,-0.336639,-0.006179, 0.000000,
               0.207332, 0.565276, 0.798421, 0.000000,
              -0.265287,-0.753085, 0.602068, 0.000000,
              -0.000001,41.475231, 0.000002, 1.000000;;
            }
            Frame Armature_mixamorig_LeftToeBase {
              FrameTransformMatrix {
                 0.991105, 0.081838, 0.104943, 0.000000,
                -0.132723, 0.665585, 0.734425, 0.000000,
                -0.009745,-0.741821, 0.670527, 0.000000,
                -0.000001,17.308477, 0.000002, 1.000000;;
              }
              Frame Armature_mixamorig_LeftToe_End {
                FrameTransformMatrix {
                   1.000000, 0.000000, 0.000002, 0.000000,
                  -0.000000, 1.000000, 0.000000, 0.000000,
                  -0.000002,-0.000000, 1.000000, 0.000000,
                   0.000002,14.774354,-0.000000, 1.000000;;
                }
              } // End of Armature_mixamorig_LeftToe_End
            } // End of Armature_mixamorig_LeftToeBase
          } // End of Armature_mixamorig_LeftFoot
        } // End of Armature_mixamorig_LeftLeg
      } // End of Armature_mixamorig_LeftUpLeg
      Frame Armature_mixamorig_RightUpLeg {
        FrameTransformMatrix {
          -0.942130, 0.121227,-0.312457, 0.000000,
          -0.285432,-0.779069, 0.558013, 0.000000,
          -0.175839, 0.615106, 0.768325, 0.000000,
          -11.569601,-8.174101, 1.166999, 1.000000;;
        }
        Frame Armature_mixamorig_RightLeg {
          FrameTransformMatrix {
             0.987281,-0.124320,-0.099097, 0.000000,
             0.009911, 0.670232,-0.742085, 0.000000,
             0.158673, 0.731665, 0.662940, 0.000000,
             0.000003,41.253201, 0.000000, 1.000000;;
          }
          Frame Armature_mixamorig_RightFoot {
            FrameTransformMatrix {
               0.953922, 0.299652, 0.015511, 0.000000,
              -0.173958, 0.510186, 0.842288, 0.000000,
               0.244480,-0.806176, 0.538804, 0.000000,
               0.000001,41.475098, 0.000000, 1.000000;;
            }
            Frame Armature_mixamorig_RightToeBase {
              FrameTransformMatrix {
                 0.991141,-0.086678,-0.100633, 0.000000,
                 0.132760, 0.668628, 0.731650, 0.000000,
                 0.003868,-0.738528, 0.674212, 0.000000,
                -0.000000,17.302578,-0.000002, 1.000000;;
              }
              Frame Armature_mixamorig_RightToe_End {
                FrameTransformMatrix {
                   1.000000,-0.000000,-0.000001, 0.000000,
                   0.000000, 1.000000,-0.000000, 0.000000,
                   0.000001, 0.000000, 1.000000, 0.000000,
                   0.000001,14.762836,-0.000000, 1.000000;;
                }
              } // End of Armature_mixamorig_RightToe_End
            } // End of Armature_mixamorig_RightToeBase
          } // End of Armature_mixamorig_RightFoot
        } // End of Armature_mixamorig_RightLeg
      } // End of Armature_mixamorig_RightUpLeg
      Frame Armature_mixamorig_Spine {
        FrameTransformMatrix {
           0.999409, 0.032438, 0.011334, 0.000000,
          -0.032887, 0.998579, 0.041934, 0.000000,
          -0.009957,-0.042282, 0.999056, 0.000000,
           0.000000,11.384797,-0.357600, 1.000000;;
        }
        Frame Armature_mixamorig_Spine1 {
          FrameTransformMatrix {
             0.999458, 0.022915, 0.023635, 0.000000,
            -0.023952, 0.998720, 0.044550, 0.000000,
            -0.022583,-0.045092, 0.998728, 0.000000,
            -0.000001,11.001195, 0.000002, 1.000000;;
          }
          Frame Armature_mixamorig_Spine2 {
            FrameTransformMatrix {
               0.999484, 0.021746, 0.023633, 0.000000,
              -0.026289, 0.976666, 0.213151, 0.000000,
              -0.018446,-0.213662, 0.976734, 0.000000,
              -0.000001,11.833400,-0.000002, 1.000000;;
            }
            Frame Armature_mixamorig_BackRope1 {
              FrameTransformMatrix {
                -1.000000,-0.000000, 0.000001, 0.000000,
                 0.000000,-0.992635, 0.121143, 0.000000,
                 0.000001, 0.121148, 0.992652, 0.000000,
                -19.003603,11.019899,-21.992495, 1.000000;;
              }
              Frame Armature_mixamorig_BackRope2 {
                FrameTransformMatrix {
                   1.000000, 0.000000, 0.000000, 0.000000,
                  -0.000000, 1.000000, 0.000000, 0.000000,
                  -0.000000,-0.000000, 1.000000, 0.000000,
                  -0.000000,14.875092, 0.000003, 1.000000;;
                }
                Frame Armature_mixamorig_BackRope3 {
                  FrameTransformMatrix {
                     1.000000,-0.000000,-0.000000, 0.000000,
                     0.000000, 1.000000,-0.000000, 0.000000,
                    -0.000000, 0.000000, 1.000000, 0.000000,
                     0.000001,13.950479, 0.000008, 1.000000;;
                  }
                } // End of Armature_mixamorig_BackRope3
              } // End of Armature_mixamorig_BackRope2
            } // End of Armature_mixamorig_BackRope1
            Frame Armature_mixamorig_FrontRope1 {
              FrameTransformMatrix {
                 1.000000, 0.000000,-0.000000, 0.000000,
                 0.000000,-1.000000,-0.000000, 0.000000,
                -0.000000,-0.000000,-1.000000, 0.000000,
                -1.300001, 6.593895,16.769005, 1.000000;;
              }
              Frame Armature_mixamorig_FrontRope2 {
                FrameTransformMatrix {
                   1.000000, 0.000000,-0.000000, 0.000000,
                  -0.000000, 1.000000, 0.000000, 0.000000,
                   0.000000,-0.000000, 1.000000, 0.000000,
                  -0.000001,11.583998, 0.000001, 1.000000;;
                }
              } // End of Armature_mixamorig_FrontRope2
            } // End of Armature_mixamorig_FrontRope1
            Frame Armature_mixamorig_LeftShoulder {
              FrameTransformMatrix {
                -0.155307, 0.053902,-0.986394, 0.000000,
                 0.823659,-0.544215,-0.159424, 0.000000,
                -0.545404,-0.837212, 0.040124, 0.000000,
                 7.841200,26.218004,-8.222700, 1.000000;;
              }
              Frame Armature_mixamorig_LeftArm {
                FrameTransformMatrix {
                   0.891082, 0.451308,-0.047887, 0.000000,
                  -0.358836, 0.765214, 0.534494, 0.000000,
                   0.277866,-0.459094, 0.843814, 0.000000,
                   0.000000,17.075190,-0.000004, 1.000000;;
                }
                Frame Armature_mixamorig_LeftForeArm {
                  FrameTransformMatrix {
                     0.100457, 0.994941,-0.000000, 0.000000,
                    -0.994941, 0.100457,-0.000001, 0.000000,
                    -0.000001, 0.000000, 1.000000, 0.000000,
                    -0.000009,22.159323,-0.000007, 1.000000;;
                  }
                  Frame Armature_mixamorig_LeftHand {
                    FrameTransformMatrix {
                       0.931148,-0.017203,-0.364234, 0.000000,
                      -0.154532, 0.886133,-0.436908, 0.000000,
                       0.330276, 0.463112, 0.822463, 0.000000,
                       0.000008,28.150312,-0.000006, 1.000000;;
                    }
                    Frame Armature_mixamorig_LeftHandIndex1 {
                      FrameTransformMatrix {
                         0.971499, 0.136385, 0.193878, 0.000000,
                        -0.177039, 0.961353, 0.210850, 0.000000,
                        -0.157628,-0.239165, 0.958099, 0.000000,
                        -3.147199,14.950502, 0.251405, 1.000000;;
                      }
                      Frame Armature_mixamorig_LeftHandIndex2 {
                        FrameTransformMatrix {
                           0.998877,-0.047340,-0.002097, 0.000000,
                           0.045099, 0.936164, 0.348660, 0.000000,
                          -0.014542,-0.348363, 0.937247, 0.000000,
                          -0.000001, 3.058394, 0.000010, 1.000000;;
                        }
                        Frame Armature_mixamorig_LeftHandIndex3 {
                          FrameTransformMatrix {
                             0.995945,-0.085520,-0.027932, 0.000000,
                             0.083461, 0.762356, 0.641753, 0.000000,
                            -0.033588,-0.641482, 0.766402, 0.000000,
                             0.000005, 3.360111,-0.000001, 1.000000;;
                          }
                          Frame Armature_mixamorig_LeftHandIndex4 {
                            FrameTransformMatrix {
                               1.000000,-0.000000, 0.000000, 0.000000,
                               0.000000, 1.000000,-0.000000, 0.000000,
                               0.000000,-0.000000, 1.000000, 0.000000,
                              -0.000010, 2.823996, 0.000004, 1.000000;;
                            }
                          } // End of Armature_mixamorig_LeftHandIndex4
                        } // End of Armature_mixamorig_LeftHandIndex3
                      } // End of Armature_mixamorig_LeftHandIndex2
                    } // End of Armature_mixamorig_LeftHandIndex1
                    Frame Armature_mixamorig_LeftHandMiddle1 {
                      FrameTransformMatrix {
                         0.999059, 0.039860, 0.017068, 0.000000,
                        -0.040070, 0.999123, 0.012110, 0.000000,
                        -0.016570,-0.012782, 0.999781, 0.000000,
                        -0.016206,14.948500, 0.130702, 1.000000;;
                      }
                      Frame Armature_mixamorig_LeftHandMiddle2 {
                        FrameTransformMatrix {
                           0.993278,-0.110912,-0.033114, 0.000000,
                           0.092192, 0.585073, 0.805723, 0.000000,
                          -0.069990,-0.803360, 0.591366, 0.000000,
                           0.000000, 4.533208,-0.000000, 1.000000;;
                        }
                        Frame Armature_mixamorig_LeftHandMiddle3 {
                          FrameTransformMatrix {
                             0.999142,-0.041160, 0.004646, 0.000000,
                             0.037784, 0.951627, 0.304923, 0.000000,
                            -0.016972,-0.304486, 0.952366, 0.000000,
                             0.000004, 2.187901,-0.000002, 1.000000;;
                          }
                          Frame Armature_mixamorig_LeftHandMiddle4 {
                            FrameTransformMatrix {
                               1.000000,-0.000000, 0.000000, 0.000000,
                               0.000000, 1.000000, 0.000000, 0.000000,
                               0.000000,-0.000000, 1.000000, 0.000000,
                               0.000003, 3.387801, 0.000001, 1.000000;;
                            }
                          } // End of Armature_mixamorig_LeftHandMiddle4
                        } // End of Armature_mixamorig_LeftHandMiddle3
                      } // End of Armature_mixamorig_LeftHandMiddle2
                    } // End of Armature_mixamorig_LeftHandMiddle1
                    Frame Armature_mixamorig_LeftHandPinky1 {
                      FrameTransformMatrix {
                         0.904094,-0.422967,-0.060937, 0.000000,
                         0.418438, 0.905171,-0.074665, 0.000000,
                         0.086740, 0.042006, 0.995345, 0.000000,
                         5.517899,12.748608, 0.324997, 1.000000;;
                      }
                      Frame Armature_mixamorig_LeftHandPinky2 {
                        FrameTransformMatrix {
                           0.998008,-0.062966,-0.003815, 0.000000,
                           0.057940, 0.891064, 0.450164, 0.000000,
                          -0.024945,-0.449488, 0.892938, 0.000000,
                          -0.000005, 2.238603, 0.000000, 1.000000;;
                        }
                        Frame Armature_mixamorig_LeftHandPinky3 {
                          FrameTransformMatrix {
                             0.992482,-0.110838,-0.051906, 0.000000,
                             0.106221, 0.569396, 0.815172, 0.000000,
                            -0.060797,-0.814557, 0.576889, 0.000000,
                            -0.000002, 3.233307,-0.000004, 1.000000;;
                          }
                          Frame Armature_mixamorig_LeftHandPinky4 {
                            FrameTransformMatrix {
                               1.000000,-0.000000,-0.000000, 0.000000,
                               0.000000, 1.000000, 0.000000, 0.000000,
                              -0.000000, 0.000000, 1.000000, 0.000000,
                               0.000000, 1.875390,-0.000002, 1.000000;;
                            }
                          } // End of Armature_mixamorig_LeftHandPinky4
                        } // End of Armature_mixamorig_LeftHandPinky3
                      } // End of Armature_mixamorig_LeftHandPinky2
                    } // End of Armature_mixamorig_LeftHandPinky1
                    Frame Armature_mixamorig_LeftHandRing1 {
                      FrameTransformMatrix {
                         0.977961,-0.204285, 0.043115, 0.000000,
                         0.208022, 0.935732,-0.284838, 0.000000,
                         0.017844, 0.287529, 0.957606, 0.000000,
                         3.504796,15.108298,-0.011796, 1.000000;;
                      }
                      Frame Armature_mixamorig_LeftHandRing2 {
                        FrameTransformMatrix {
                           0.998258,-0.058988, 0.000501, 0.000000,
                           0.053078, 0.901887, 0.428699, 0.000000,
                          -0.025740,-0.427926, 0.903447, 0.000000,
                          -0.000009, 3.190003,-0.000003, 1.000000;;
                        }
                        Frame Armature_mixamorig_LeftHandRing3 {
                          FrameTransformMatrix {
                             0.996635,-0.079641,-0.019415, 0.000000,
                             0.075536, 0.800245, 0.594897, 0.000000,
                            -0.031841,-0.594362, 0.803567, 0.000000,
                             0.000000, 3.464007, 0.000000, 1.000000;;
                          }
                          Frame Armature_mixamorig_LeftHandRing4 {
                            FrameTransformMatrix {
                               1.000000,-0.000000, 0.000000, 0.000000,
                              -0.000000, 1.000000, 0.000000, 0.000000,
                               0.000000,-0.000000, 1.000000, 0.000000,
                               0.000004, 2.167997, 0.000010, 1.000000;;
                            }
                          } // End of Armature_mixamorig_LeftHandRing4
                        } // End of Armature_mixamorig_LeftHandRing3
                      } // End of Armature_mixamorig_LeftHandRing2
                    } // End of Armature_mixamorig_LeftHandRing1
                    Frame Armature_mixamorig_LeftHandThumb1 {
                      FrameTransformMatrix {
                         0.902015, 0.427746,-0.058325, 0.000000,
                        -0.367150, 0.831169, 0.417562, 0.000000,
                         0.227089,-0.355234, 0.906774, 0.000000,
                        -5.326799, 8.902697, 2.392899, 1.000000;;
                      }
                      Frame Armature_mixamorig_LeftHandThumb2 {
                        FrameTransformMatrix {
                           0.999404,-0.002440,-0.034436, 0.000000,
                           0.005645, 0.995625, 0.093269, 0.000000,
                           0.034057,-0.093408, 0.995045, 0.000000,
                           0.000002, 4.103001, 0.000006, 1.000000;;
                        }
                        Frame Armature_mixamorig_LeftHandThumb3 {
                          FrameTransformMatrix {
                             0.747347,-0.641236, 0.174038, 0.000000,
                             0.631230, 0.766978, 0.115297, 0.000000,
                            -0.207416, 0.023691, 0.977966, 0.000000,
                            -0.000003, 3.058304,-0.000008, 1.000000;;
                          }
                          Frame Armature_mixamorig_LeftHandThumb4 {
                            FrameTransformMatrix {
                               1.000000, 0.000001,-0.000001, 0.000000,
                              -0.000001, 1.000000, 0.000006, 0.000000,
                               0.000001,-0.000006, 1.000000, 0.000000,
                              -0.000000, 2.167001, 0.000008, 1.000000;;
                            }
                          } // End of Armature_mixamorig_LeftHandThumb4
                        } // End of Armature_mixamorig_LeftHandThumb3
                      } // End of Armature_mixamorig_LeftHandThumb2
                    } // End of Armature_mixamorig_LeftHandThumb1
                  } // End of Armature_mixamorig_LeftHand
                } // End of Armature_mixamorig_LeftForeArm
              } // End of Armature_mixamorig_LeftArm
            } // End of Armature_mixamorig_LeftShoulder
            Frame Armature_mixamorig_Neck {
              FrameTransformMatrix {
                 0.997424,-0.047392,-0.053850, 0.000000,
                 0.041606, 0.993716,-0.103915, 0.000000,
                 0.058436, 0.101407, 0.993127, 0.000000,
                -0.000001,31.653791,-6.283101, 1.000000;;
              }
              Frame Armature_mixamorig_Head {
                FrameTransformMatrix {
                   0.967761,-0.116265,-0.223430, 0.000000,
                   0.020642, 0.920712,-0.389697, 0.000000,
                   0.251023, 0.372522, 0.893429, 0.000000,
                   0.000000,15.915996, 3.311106, 1.000000;;
                }
                Frame Armature_mixamorig_HeadTop_End {
                  FrameTransformMatrix {
                     1.000000,-0.000000, 0.000000, 0.000000,
                     0.000000, 1.000000, 0.000000, 0.000000,
                    -0.000000, 0.000000, 1.000000, 0.000000,
                    -0.000000,18.714495, 7.508601, 1.000000;;
                  }
                } // End of Armature_mixamorig_HeadTop_End
                Frame Armature_mixamorig_LeftEye {
                  FrameTransformMatrix {
                     1.000000,-0.000000, 0.000000, 0.000000,
                    -0.000000, 0.999950,-0.009966, 0.000000,
                    -0.000000, 0.009966, 0.999950, 0.000000,
                     3.685000, 2.966195, 9.193802, 1.000000;;
                  }
                } // End of Armature_mixamorig_LeftEye
                Frame Armature_mixamorig_RightEye {
                  FrameTransformMatrix {
                     1.000000,-0.000000, 0.000000, 0.000000,
                    -0.000000, 0.928085, 0.372367, 0.000000,
                    -0.000000,-0.372367, 0.928085, 0.000000,
                    -3.684999, 2.965986, 9.193801, 1.000000;;
                  }
                } // End of Armature_mixamorig_RightEye
              } // End of Armature_mixamorig_Head
            } // End of Armature_mixamorig_Neck
            Frame Armature_mixamorig_RightShoulder {
              FrameTransformMatrix {
                 0.010468,-0.072046, 0.997347, 0.000000,
                -0.847056,-0.530688,-0.029444, 0.000000,
                 0.531402,-0.844500,-0.066582, 0.000000,
                -7.841203,26.217808,-8.222701, 1.000000;;
              }
              Frame Armature_mixamorig_RightArm {
                FrameTransformMatrix {
                   0.881547,-0.454212,-0.128714, 0.000000,
                   0.431761, 0.665412, 0.608941, 0.000000,
                  -0.190940,-0.592384, 0.782702, 0.000000,
                   0.000006,17.075195, 0.000002, 1.000000;;
                }
                Frame Armature_mixamorig_RightForeArm {
                  FrameTransformMatrix {
                     0.030323,-0.999540, 0.000003, 0.000000,
                     0.999540, 0.030323,-0.000001, 0.000000,
                     0.000001, 0.000003, 1.000000, 0.000000,
                    -0.000001,22.159298, 0.000001, 1.000000;;
                  }
                  Frame Armature_mixamorig_RightHand {
                    FrameTransformMatrix {
                       0.898327,-0.131918, 0.419055, 0.000000,
                       0.112462, 0.991122, 0.070919, 0.000000,
                      -0.424690,-0.016581, 0.905187, 0.000000,
                      -0.000007,28.150295,-0.000002, 1.000000;;
                    }
                    Frame Armature_mixamorig_RightHandIndex1 {
                      FrameTransformMatrix {
                         0.997897, 0.064446, 0.006933, 0.000000,
                        -0.057964, 0.935137,-0.349512, 0.000000,
                        -0.029008, 0.348376, 0.936906, 0.000000,
                         3.147199,14.950499, 0.250995, 1.000000;;
                      }
                      Frame Armature_mixamorig_RightHandIndex2 {
                        FrameTransformMatrix {
                           0.995055, 0.094063, 0.031883, 0.000000,
                          -0.089417, 0.708708, 0.699812, 0.000000,
                           0.043230,-0.699203, 0.713615, 0.000000,
                          -0.000010, 3.058397,-0.000004, 1.000000;;
                        }
                        Frame Armature_mixamorig_RightHandIndex3 {
                          FrameTransformMatrix {
                             0.999818, 0.019011,-0.001830, 0.000000,
                            -0.018557, 0.989646, 0.142324, 0.000000,
                             0.004517,-0.142264, 0.989818, 0.000000,
                            -0.000005, 3.360113, 0.000002, 1.000000;;
                          }
                          Frame Armature_mixamorig_RightHandIndex4 {
                            FrameTransformMatrix {
                               1.000000,-0.000000,-0.000000, 0.000000,
                              -0.000000, 1.000000,-0.000000, 0.000000,
                               0.000000,-0.000000, 1.000000, 0.000000,
                               0.000004, 2.824004, 0.000008, 1.000000;;
                            }
                          } // End of Armature_mixamorig_RightHandIndex4
                        } // End of Armature_mixamorig_RightHandIndex3
                      } // End of Armature_mixamorig_RightHandIndex2
                    } // End of Armature_mixamorig_RightHandIndex1
                    Frame Armature_mixamorig_RightHandMiddle1 {
                      FrameTransformMatrix {
                         0.998499, 0.053335,-0.012468, 0.000000,
                        -0.054767, 0.968567,-0.242649, 0.000000,
                        -0.000865, 0.242968, 0.970034, 0.000000,
                         0.016199,14.948498, 0.130993, 1.000000;;
                      }
                      Frame Armature_mixamorig_RightHandMiddle2 {
                        FrameTransformMatrix {
                           0.992319, 0.115662, 0.043881, 0.000000,
                          -0.096302, 0.499608, 0.860882, 0.000000,
                           0.077648,-0.858495, 0.506909, 0.000000,
                           0.000009, 4.533198,-0.000005, 1.000000;;
                        }
                        Frame Armature_mixamorig_RightHandMiddle3 {
                          FrameTransformMatrix {
                             0.995218, 0.093835, 0.027132, 0.000000,
                            -0.086061, 0.710964, 0.697943, 0.000000,
                             0.046202,-0.696940, 0.715640, 0.000000,
                             0.000000, 2.187995, 0.000008, 1.000000;;
                          }
                          Frame Armature_mixamorig_RightHandMiddle4 {
                            FrameTransformMatrix {
                               1.000000, 0.000000,-0.000000, 0.000000,
                               0.000000, 1.000000, 0.000000, 0.000000,
                               0.000000,-0.000000, 1.000000, 0.000000,
                               0.000000, 3.387698,-0.000002, 1.000000;;
                            }
                          } // End of Armature_mixamorig_RightHandMiddle4
                        } // End of Armature_mixamorig_RightHandMiddle3
                      } // End of Armature_mixamorig_RightHandMiddle2
                    } // End of Armature_mixamorig_RightHandMiddle1
                    Frame Armature_mixamorig_RightHandPinky1 {
                      FrameTransformMatrix {
                         0.984899, 0.172823, 0.010349, 0.000000,
                        -0.155469, 0.856530, 0.492125, 0.000000,
                         0.076186,-0.486302, 0.870463, 0.000000,
                        -5.517904,12.748598, 0.324993, 1.000000;;
                      }
                      Frame Armature_mixamorig_RightHandPinky2 {
                        FrameTransformMatrix {
                           0.992373, 0.113458, 0.048191, 0.000000,
                          -0.103787, 0.558110, 0.823250, 0.000000,
                           0.066509,-0.821973, 0.565629, 0.000000,
                           0.000004, 2.238609,-0.000006, 1.000000;;
                        }
                        Frame Armature_mixamorig_RightHandPinky3 {
                          FrameTransformMatrix {
                             0.995230, 0.092556, 0.030834, 0.000000,
                            -0.088737, 0.727513, 0.680331, 0.000000,
                             0.040536,-0.679822, 0.732256, 0.000000,
                            -0.000004, 3.233309,-0.000001, 1.000000;;
                          }
                          Frame Armature_mixamorig_RightHandPinky4 {
                            FrameTransformMatrix {
                               1.000000,-0.000000,-0.000000, 0.000000,
                              -0.000000, 1.000000, 0.000000, 0.000000,
                               0.000000,-0.000000, 1.000000, 0.000000,
                               0.000010, 1.875392, 0.000003, 1.000000;;
                            }
                          } // End of Armature_mixamorig_RightHandPinky4
                        } // End of Armature_mixamorig_RightHandPinky3
                      } // End of Armature_mixamorig_RightHandPinky2
                    } // End of Armature_mixamorig_RightHandPinky1
                    Frame Armature_mixamorig_RightHandRing1 {
                      FrameTransformMatrix {
                         0.990386, 0.138310,-0.002408, 0.000000,
                        -0.132284, 0.952040, 0.275900, 0.000000,
                         0.040453,-0.272929, 0.961183, 0.000000,
                        -3.504802,15.108294,-0.012015, 1.000000;;
                      }
                      Frame Armature_mixamorig_RightHandRing2 {
                        FrameTransformMatrix {
                           0.999774, 0.017193,-0.012488, 0.000000,
                          -0.015646, 0.993252, 0.114911, 0.000000,
                           0.014379,-0.114690, 0.993297, 0.000000,
                           0.000011, 3.190095, 0.000003, 1.000000;;
                        }
                        Frame Armature_mixamorig_RightHandRing3 {
                          FrameTransformMatrix {
                             0.999891, 0.013398,-0.006149, 0.000000,
                            -0.012731, 0.995105, 0.097999, 0.000000,
                             0.007432,-0.097910, 0.995167, 0.000000,
                            -0.000012, 3.464012, 0.000000, 1.000000;;
                          }
                          Frame Armature_mixamorig_RightHandRing4 {
                            FrameTransformMatrix {
                               1.000000,-0.000000,-0.000000, 0.000000,
                              -0.000000, 1.000000,-0.000000, 0.000000,
                              -0.000000, 0.000000, 1.000000, 0.000000,
                               0.000002, 2.167897, 0.000004, 1.000000;;
                            }
                          } // End of Armature_mixamorig_RightHandRing4
                        } // End of Armature_mixamorig_RightHandRing3
                      } // End of Armature_mixamorig_RightHandRing2
                    } // End of Armature_mixamorig_RightHandRing1
                    Frame Armature_mixamorig_RightHandThumb1 {
                      FrameTransformMatrix {
                         0.621881,-0.779887, 0.070999, 0.000000,
                         0.771256, 0.625660, 0.117104, 0.000000,
                        -0.135749,-0.018067, 0.990579, 0.000000,
                         5.326797, 8.902697, 2.392999, 1.000000;;
                      }
                      Frame Armature_mixamorig_RightHandThumb2 {
                        FrameTransformMatrix {
                           0.685460, 0.716185,-0.131238, 0.000000,
                          -0.723375, 0.690372,-0.010747, 0.000000,
                           0.082907, 0.102301, 0.991293, 0.000000,
                          -0.000000, 4.102994, 0.000008, 1.000000;;
                        }
                        Frame Armature_mixamorig_RightHandThumb3 {
                          FrameTransformMatrix {
                             0.901425,-0.432774,-0.011796, 0.000000,
                             0.432284, 0.901230,-0.030250, 0.000000,
                             0.023723, 0.022169, 0.999473, 0.000000,
                             0.000002, 3.058004, 0.000009, 1.000000;;
                          }
                          Frame Armature_mixamorig_RightHandThumb4 {
                            FrameTransformMatrix {
                               1.000000, 0.000000,-0.000000, 0.000000,
                              -0.000000, 1.000000, 0.000000, 0.000000,
                               0.000000,-0.000000, 1.000000, 0.000000,
                               0.000002, 2.167200, 0.000003, 1.000000;;
                            }
                          } // End of Armature_mixamorig_RightHandThumb4
                        } // End of Armature_mixamorig_RightHandThumb3
                      } // End of Armature_mixamorig_RightHandThumb2
                    } // End of Armature_mixamorig_RightHandThumb1
                  } // End of Armature_mixamorig_RightHand
                } // End of Armature_mixamorig_RightForeArm
              } // End of Armature_mixamorig_RightArm
            } // End of Armature_mixamorig_RightShoulder
          } // End of Armature_mixamorig_Spine2
        } // End of Armature_mixamorig_Spine1
      } // End of Armature_mixamorig_Spine
    } // End of Armature_mixamorig_Hips
  } // End of Armature
} // End of Root
AnimationSet NeckBite {
  Animation {
    {Armature}
    AnimationKey { // Rotation
      0;
      251;
      0;4;-0.707107, 0.707107, 0.000000, 0.000000;;,
      1;4;-0.707107, 0.707107, 0.000000, 0.000000;;,
      2;4;-0.707107, 0.707107, 0.000000, 0.000000;;,
      3;4;-0.707107, 0.707107, 0.000000, 0.000000;;,
      4;4;-0.707107, 0.707107, 0.000000, 0.000000;;,
      5;4;-0.707107, 0.707107, 0.000000, 0.000000;;,
      6;4;-0.707107, 0.707107, 0.000000, 0.000000;;,
      7;4;-0.707107, 0.707107, 0.000000, 0.000000;;,
      8;4;-0.707107, 0.707107, 0.000000, 0.000000;;,
      9;4;-0.707107, 0.707107, 0.000000, 0.000000;;,
      10;4;-0.707107, 0.707107, 0.000000, 0.000000;;,
      11;4;-0.707107, 0.707107, 0.000000, 0.000000;;,
      12;4;-0.707107, 0.707107, 0.000000, 0.000000;;,
      13;4;-0.707107, 0.707107, 0.000000, 0.000000;;,
      14;4;-0.707107, 0.707107, 0.000000, 0.000000;;,
      15;4;-0.707107, 0.707107, 0.000000, 0.000000;;,
      16;4;-0.707107, 0.707107, 0.000000, 0.000000;;,
      17;4;-0.707107, 0.707107, 0.000000, 0.000000;;,
      18;4;-0.707107, 0.707107, 0.000000, 0.000000;;,
      19;4;-0.707107, 0.707107, 0.000000, 0.000000;;,
      20;4;-0.707107, 0.707107, 0.000000, 0.000000;;,
      21;4;-0.707107, 0.707107, 0.000000, 0.000000;;,
      22;4;-0.707107, 0.707107, 0.000000, 0.000000;;,
      23;4;-0.707107, 0.707107, 0.000000, 0.000000;;,
      24;4;-0.707107, 0.707107, 0.000000, 0.000000;;,
      25;4;-0.707107, 0.707107, 0.000000, 0.000000;;,
      26;4;-0.707107, 0.707107, 0.000000, 0.000000;;,
      27;4;-0.707107, 0.707107, 0.000000, 0.000000;;,
      28;4;-0.707107, 0.707107, 0.000000, 0.000000;;,
      29;4;-0.707107, 0.707107, 0.000000, 0.000000;;,
      30;4;-0.707107, 0.707107, 0.000000, 0.000000;;,
      31;4;-0.707107, 0.707107, 0.000000, 0.000000;;,
      32;4;-0.707107, 0.707107, 0.000000, 0.000000;;,
      33;4;-0.707107, 0.707107, 0.000000, 0.000000;;,
      34;4;-0.707107, 0.707107, 0.000000, 0.000000;;,
      35;4;-0.707107, 0.707107, 0.000000, 0.000000;;,
      36;4;-0.707107, 0.707107, 0.000000, 0.000000;;,
      37;4;-0.707107, 0.707107, 0.000000, 0.000000;;,
      38;4;-0.707107, 0.707107, 0.000000, 0.000000;;,
      39;4;-0.707107, 0.707107, 0.000000, 0.000000;;,
      40;4;-0.707107, 0.707107, 0.000000, 0.000000;;,
      41;4;-0.707107, 0.707107, 0.000000, 0.000000;;,
      42;4;-0.707107, 0.707107, 0.000000, 0.000000;;,
      43;4;-0.707107, 0.707107, 0.000000, 0.000000;;,
      44;4;-0.707107, 0.707107, 0.000000, 0.000000;;,
      45;4;-0.707107, 0.707107, 0.000000, 0.000000;;,
      46;4;-0.707107, 0.707107, 0.000000, 0.000000;;,
      47;4;-0.707107, 0.707107, 0.000000, 0.000000;;,
      48;4;-0.707107, 0.707107, 0.000000, 0.000000;;,
      49;4;-0.707107, 0.707107, 0.000000, 0.000000;;,
      50;4;-0.707107, 0.707107, 0.000000, 0.000000;;,
      51;4;-0.707107, 0.707107, 0.000000, 0.000000;;,
      52;4;-0.707107, 0.707107, 0.000000, 0.000000;;,
      53;4;-0.707107, 0.707107, 0.000000, 0.000000;;,
      54;4;-0.707107, 0.707107, 0.000000, 0.000000;;,
      55;4;-0.707107, 0.707107, 0.000000, 0.000000;;,
      56;4;-0.707107, 0.707107, 0.000000, 0.000000;;,
      57;4;-0.707107, 0.707107, 0.000000, 0.000000;;,
      58;4;-0.707107, 0.707107, 0.000000, 0.000000;;,
      59;4;-0.707107, 0.707107, 0.000000, 0.000000;;,
      60;4;-0.707107, 0.707107, 0.000000, 0.000000;;,
      61;4;-0.707107, 0.707107, 0.000000, 0.000000;;,
      62;4;-0.707107, 0.707107, 0.000000, 0.000000;;,
      63;4;-0.707107, 0.707107, 0.000000, 0.000000;;,
      64;4;-0.707107, 0.707107, 0.000000, 0.000000;;,
      65;4;-0.707107, 0.707107, 0.000000, 0.000000;;,
      66;4;-0.707107, 0.707107, 0.000000, 0.000000;;,
      67;4;-0.707107, 0.707107, 0.000000, 0.000000;;,
      68;4;-0.707107, 0.707107, 0.000000, 0.000000;;,
      69;4;-0.707107, 0.707107, 0.000000, 0.000000;;,
      70;4;-0.707107, 0.707107, 0.000000, 0.000000;;,
      71;4;-0.707107, 0.707107, 0.000000, 0.000000;;,
      72;4;-0.707107, 0.707107, 0.000000, 0.000000;;,
      73;4;-0.707107, 0.707107, 0.000000, 0.000000;;,
      74;4;-0.707107, 0.707107, 0.000000, 0.000000;;,
      75;4;-0.707107, 0.707107, 0.000000, 0.000000;;,
      76;4;-0.707107, 0.707107, 0.000000, 0.000000;;,
      77;4;-0.707107, 0.707107, 0.000000, 0.000000;;,
      78;4;-0.707107, 0.707107, 0.000000, 0.000000;;,
      79;4;-0.707107, 0.707107, 0.000000, 0.000000;;,
      80;4;-0.707107, 0.707107, 0.000000, 0.000000;;,
      81;4;-0.707107, 0.707107, 0.000000, 0.000000;;,
      82;4;-0.707107, 0.707107, 0.000000, 0.000000;;,
      83;4;-0.707107, 0.707107, 0.000000, 0.000000;;,
      84;4;-0.707107, 0.707107, 0.000000, 0.000000;;,
      85;4;-0.707107, 0.707107, 0.000000, 0.000000;;,
      86;4;-0.707107, 0.707107, 0.000000, 0.000000;;,
      87;4;-0.707107, 0.707107, 0.000000, 0.000000;;,
      88;4;-0.707107, 0.707107, 0.000000, 0.000000;;,
      89;4;-0.707107, 0.707107, 0.000000, 0.000000;;,
      90;4;-0.707107, 0.707107, 0.000000, 0.000000;;,
      91;4;-0.707107, 0.707107, 0.000000, 0.000000;;,
      92;4;-0.707107, 0.707107, 0.000000, 0.000000;;,
      93;4;-0.707107, 0.707107, 0.000000, 0.000000;;,
      94;4;-0.707107, 0.707107, 0.000000, 0.000000;;,
      95;4;-0.707107, 0.707107, 0.000000, 0.000000;;,
      96;4;-0.707107, 0.707107, 0.000000, 0.000000;;,
      97;4;-0.707107, 0.707107, 0.000000, 0.000000;;,
      98;4;-0.707107, 0.707107, 0.000000, 0.000000;;,
      99;4;-0.707107, 0.707107, 0.000000, 0.000000;;,
      100;4;-0.707107, 0.707107, 0.000000, 0.000000;;,
      101;4;-0.707107, 0.707107, 0.000000, 0.000000;;,
      102;4;-0.707107, 0.707107, 0.000000, 0.000000;;,
      103;4;-0.707107, 0.707107, 0.000000, 0.000000;;,
      104;4;-0.707107, 0.707107, 0.000000, 0.000000;;,
      105;4;-0.707107, 0.707107, 0.000000, 0.000000;;,
      106;4;-0.707107, 0.707107, 0.000000, 0.000000;;,
      107;4;-0.707107, 0.707107, 0.000000, 0.000000;;,
      108;4;-0.707107, 0.707107, 0.000000, 0.000000;;,
      109;4;-0.707107, 0.707107, 0.000000, 0.000000;;,
      110;4;-0.707107, 0.707107, 0.000000, 0.000000;;,
      111;4;-0.707107, 0.707107, 0.000000, 0.000000;;,
      112;4;-0.707107, 0.707107, 0.000000, 0.000000;;,
      113;4;-0.707107, 0.707107, 0.000000, 0.000000;;,
      114;4;-0.707107, 0.707107, 0.000000, 0.000000;;,
      115;4;-0.707107, 0.707107, 0.000000, 0.000000;;,
      116;4;-0.707107, 0.707107, 0.000000, 0.000000;;,
      117;4;-0.707107, 0.707107, 0.000000, 0.000000;;,
      118;4;-0.707107, 0.707107, 0.000000, 0.000000;;,
      119;4;-0.707107, 0.707107, 0.000000, 0.000000;;,
      120;4;-0.707107, 0.707107, 0.000000, 0.000000;;,
      121;4;-0.707107, 0.707107, 0.000000, 0.000000;;,
      122;4;-0.707107, 0.707107, 0.000000, 0.000000;;,
      123;4;-0.707107, 0.707107, 0.000000, 0.000000;;,
      124;4;-0.707107, 0.707107, 0.000000, 0.000000;;,
      125;4;-0.707107, 0.707107, 0.000000, 0.000000;;,
      126;4;-0.707107, 0.707107, 0.000000, 0.000000;;,
      127;4;-0.707107, 0.707107, 0.000000, 0.000000;;,
      128;4;-0.707107, 0.707107, 0.000000, 0.000000;;,
      129;4;-0.707107, 0.707107, 0.000000, 0.000000;;,
      130;4;-0.707107, 0.707107, 0.000000, 0.000000;;,
      131;4;-0.707107, 0.707107, 0.000000, 0.000000;;,
      132;4;-0.707107, 0.707107, 0.000000, 0.000000;;,
      133;4;-0.707107, 0.707107, 0.000000, 0.000000;;,
      134;4;-0.707107, 0.707107, 0.000000, 0.000000;;,
      135;4;-0.707107, 0.707107, 0.000000, 0.000000;;,
