xof 0303txt 0032

Frame Root {
  FrameTransformMatrix {
     1.000000, 0.000000, 0.000000, 0.000000,
     0.000000,-0.000000,-1.000000, 0.000000,
     0.000000, 1.000000,-0.000000, 0.000000,
     0.000000, 0.000000, 0.000000, 1.000000;;
  }
  Frame Armature {
    FrameTransformMatrix {
       0.010000, 0.000000, 0.000000, 0.000000,
       0.000000,-0.000000, 0.010000, 0.000000,
       0.000000,-0.010000,-0.000000, 0.000000,
       0.000000, 0.000000, 0.000000, 1.000000;;
    }
    Frame Armature_mixamorig_Hips {
      FrameTransformMatrix {
         0.975595,-0.156088,-0.154441, 0.000000,
         0.190481, 0.951492, 0.241620, 0.000000,
         0.109235,-0.265141, 0.958002, 0.000000,
        -0.224271, 0.996700,-0.045425, 1.000000;;
      }
      Frame Armature_mixamorig_LeftUpLeg {
        FrameTransformMatrix {
          -0.965847, 0.223425, 0.131224, 0.000000,
          -0.214782,-0.973632, 0.076871, 0.000000,
           0.144939, 0.046062, 0.988365, 0.000000,
           0.125300,-0.064400, 0.000000, 1.000000;;
        }
        Frame Armature_mixamorig_LeftLeg {
          FrameTransformMatrix {
             0.974845, 0.003938, 0.222848, 0.000000,
             0.092331, 0.902883,-0.419853, 0.000000,
            -0.202859, 0.429868, 0.879808, 0.000000,
             0.000000, 0.468500, 0.000000, 1.000000;;
          }
          Frame Armature_mixamorig_LeftFoot {
            FrameTransformMatrix {
               0.910301, 0.087426, 0.404609, 0.000000,
              -0.413384, 0.141048, 0.899566, 0.000000,
               0.021577,-0.986135, 0.164536, 0.000000,
              -0.000000, 0.427200, 0.000000, 1.000000;;
            }
            Frame Armature_mixamorig_LeftToeBase {
              FrameTransformMatrix {
                 0.974930,-0.082699, 0.206570, 0.000000,
                -0.153555, 0.421808, 0.893588, 0.000000,
                -0.161032,-0.902906, 0.398534, 0.000000,
                -0.000000, 0.228901,-0.000000, 1.000000;;
              }
              Frame Armature_mixamorig_LeftToe_End {
                FrameTransformMatrix {
                   1.000000,-0.000000,-0.000000, 0.000000,
                  -0.000000, 1.000000, 0.000000, 0.000000,
                   0.000000,-0.000000, 1.000000, 0.000000,
                   0.000000, 0.092100, 0.000000, 1.000000;;
                }
              } // End of Armature_mixamorig_LeftToe_End
            } // End of Armature_mixamorig_LeftToeBase
          } // End of Armature_mixamorig_LeftFoot
        } // End of Armature_mixamorig_LeftLeg
      } // End of Armature_mixamorig_LeftUpLeg
      Frame Armature_mixamorig_RightUpLeg {
        FrameTransformMatrix {
          -0.991612,-0.062414,-0.113177, 0.000000,
          -0.011371,-0.830145, 0.557433, 0.000000,
          -0.128745, 0.554043, 0.822473, 0.000000,
          -0.125300,-0.064400,-0.000500, 1.000000;;
        }
        Frame Armature_mixamorig_RightLeg {
          FrameTransformMatrix {
             0.996371,-0.031937,-0.078898, 0.000000,
            -0.021970, 0.799028,-0.600893, 0.000000,
             0.082232, 0.600446, 0.795426, 0.000000,
             0.000000, 0.467700, 0.000000, 1.000000;;
          }
          Frame Armature_mixamorig_RightFoot {
            FrameTransformMatrix {
               0.978166, 0.088376,-0.188100, 0.000000,
               0.166518, 0.208274, 0.963792, 0.000000,
               0.124352,-0.974070, 0.189010, 0.000000,
              -0.000000, 0.427200,-0.000000, 1.000000;;
            }
            Frame Armature_mixamorig_RightToeBase {
              FrameTransformMatrix {
                 0.981586, 0.001900,-0.191010, 0.000000,
                 0.089916, 0.877647, 0.470799, 0.000000,
                 0.168534,-0.479305, 0.861315, 0.000000,
                -0.000000, 0.232200, 0.000000, 1.000000;;
              }
              Frame Armature_mixamorig_RightToe_End {
                FrameTransformMatrix {
                   1.000000, 0.000000,-0.000000, 0.000000,
                  -0.000000, 1.000000,-0.000000, 0.000000,
                   0.000000, 0.000000, 1.000000, 0.000000,
                   0.000000, 0.092100, 0.000000, 1.000000;;
                }
              } // End of Armature_mixamorig_RightToe_End
            } // End of Armature_mixamorig_RightToeBase
          } // End of Armature_mixamorig_RightFoot
        } // End of Armature_mixamorig_RightLeg
      } // End of Armature_mixamorig_RightUpLeg
      Frame Armature_mixamorig_Spine {
        FrameTransformMatrix {
           0.993300, 0.101239, 0.055725, 0.000000,
          -0.092304, 0.985186,-0.144526, 0.000000,
          -0.069531, 0.138414, 0.987930, 0.000000,
          -0.000000, 0.115900,-0.016800, 1.000000;;
        }
        Frame Armature_mixamorig_Spine1 {
          FrameTransformMatrix {
             0.977379, 0.140314, 0.158249, 0.000000,
            -0.140395, 0.990038,-0.010723, 0.000000,
            -0.158177,-0.011737, 0.987341, 0.000000,
             0.000000, 0.136600, 0.000000, 1.000000;;
          }
          Frame Armature_mixamorig_Spine2 {
            FrameTransformMatrix {
               0.977403, 0.139734, 0.158610, 0.000000,
              -0.140195, 0.990089,-0.008334, 0.000000,
              -0.158202,-0.014091, 0.987306, 0.000000,
              -0.000000, 0.156100, 0.000000, 1.000000;;
            }
            Frame Armature_mixamorig_LeftShoulder {
              FrameTransformMatrix {
                -0.055651, 0.019013,-0.998269, 0.000000,
                 0.914261,-0.400864,-0.058603, 0.000000,
                -0.401285,-0.915940, 0.004925, 0.000000,
                 0.074900, 0.140000,-0.005500, 1.000000;;
              }
              Frame Armature_mixamorig_LeftArm {
                FrameTransformMatrix {
                  -0.010124, 0.999946, 0.002231, 0.000000,
                  -0.840219,-0.009716, 0.542161, 0.000000,
                   0.542153, 0.003614, 0.840272, 0.000000,
                   0.000000, 0.167200, 0.000000, 1.000000;;
                }
                Frame Armature_mixamorig_LeftForeArm {
                  FrameTransformMatrix {
                     0.432044, 0.896248, 0.100383, 0.000000,
                    -0.895806, 0.413614, 0.162648, 0.000000,
                     0.104253,-0.160195, 0.981564, 0.000000,
                     0.000000, 0.222500, 0.000000, 1.000000;;
                  }
                  Frame Armature_mixamorig_LeftHand {
                    FrameTransformMatrix {
                       0.853903, 0.237475,-0.463094, 0.000000,
                      -0.367707, 0.904999,-0.213933, 0.000000,
                       0.368296, 0.352961, 0.860103, 0.000000,
                       0.000000, 0.264700, 0.000000, 1.000000;;
                    }
                    Frame Armature_mixamorig_LeftHandIndex1 {
                      FrameTransformMatrix {
                         0.996667, 0.080823,-0.011040, 0.000000,
                        -0.080898, 0.996701,-0.006463, 0.000000,
                         0.010482, 0.007335, 0.999918, 0.000000,
                        -0.033700, 0.119900, 0.001000, 1.000000;;
                      }
                      Frame Armature_mixamorig_LeftHandIndex2 {
                        FrameTransformMatrix {
                           0.999996, 0.002755, 0.000012, 0.000000,
                          -0.002755, 0.999996,-0.000001, 0.000000,
                          -0.000012, 0.000001, 1.000000, 0.000000,
                          -0.000100, 0.036300,-0.000000, 1.000000;;
                        }
                        Frame Armature_mixamorig_LeftHandIndex3 {
                          FrameTransformMatrix {
                             0.999994, 0.003390,-0.000163, 0.000000,
                            -0.003390, 0.999994,-0.000001, 0.000000,
                             0.000163, 0.000002, 1.000000, 0.000000,
                            -0.000000, 0.034900,-0.000000, 1.000000;;
                          }
                          Frame Armature_mixamorig_LeftHandIndex4 {
                            FrameTransformMatrix {
                               1.000000,-0.000000, 0.000000, 0.000000,
                              -0.000000, 1.000000, 0.000000, 0.000000,
                              -0.000000, 0.000000, 1.000000, 0.000000,
                               0.000100, 0.029500, 0.000000, 1.000000;;
                            }
                          } // End of Armature_mixamorig_LeftHandIndex4
                        } // End of Armature_mixamorig_LeftHandIndex3
                      } // End of Armature_mixamorig_LeftHandIndex2
                    } // End of Armature_mixamorig_LeftHandIndex1
                    Frame Armature_mixamorig_LeftHandMiddle1 {
                      FrameTransformMatrix {
                         0.996661, 0.080922,-0.010928, 0.000000,
                        -0.080998, 0.996691,-0.006741, 0.000000,
                         0.010346, 0.007604, 0.999918, 0.000000,
                        -0.010400, 0.123900,-0.000800, 1.000000;;
                      }
                      Frame Armature_mixamorig_LeftHandMiddle2 {
                        FrameTransformMatrix {
                           0.999985, 0.005506,-0.000015, 0.000000,
                          -0.005506, 0.999985, 0.000277, 0.000000,
                           0.000016,-0.000277, 1.000000, 0.000000,
                          -0.000100, 0.037200,-0.000000, 1.000000;;
                        }
                        Frame Armature_mixamorig_LeftHandMiddle3 {
                          FrameTransformMatrix {
                             1.000000, 0.000451,-0.000002, 0.000000,
                            -0.000451, 1.000000,-0.000000, 0.000000,
                             0.000001, 0.000000, 1.000000, 0.000000,
                             0.000100, 0.035100, 0.000000, 1.000000;;
                          }
                          Frame Armature_mixamorig_LeftHandMiddle4 {
                            FrameTransformMatrix {
                               1.000000,-0.000000,-0.000000, 0.000000,
                               0.000000, 1.000000,-0.000000, 0.000000,
                              -0.000000,-0.000000, 1.000000, 0.000000,
                               0.000100, 0.030300, 0.000000, 1.000000;;
                            }
                          } // End of Armature_mixamorig_LeftHandMiddle4
                        } // End of Armature_mixamorig_LeftHandMiddle3
                      } // End of Armature_mixamorig_LeftHandMiddle2
                    } // End of Armature_mixamorig_LeftHandMiddle1
                    Frame Armature_mixamorig_LeftHandPinky1 {
                      FrameTransformMatrix {
                         0.999668, 0.013345, 0.022048, 0.000000,
                        -0.013003, 0.999794,-0.015558, 0.000000,
                        -0.022251, 0.015267, 0.999636, 0.000000,
                         0.031000, 0.107500, 0.000700, 1.000000;;
                      }
                      Frame Armature_mixamorig_LeftHandPinky2 {
                        FrameTransformMatrix {
                           0.997515, 0.070459, 0.000375, 0.000000,
                          -0.070459, 0.997458, 0.010642, 0.000000,
                           0.000375,-0.010642, 0.999943, 0.000000,
                          -0.000000, 0.028500,-0.000000, 1.000000;;
                        }
                        Frame Armature_mixamorig_LeftHandPinky3 {
                          FrameTransformMatrix {
                             0.999988,-0.004831,-0.000625, 0.000000,
                             0.004831, 0.999988,-0.000004, 0.000000,
                             0.000625, 0.000001, 1.000000, 0.000000,
                            -0.000000, 0.024000,-0.000000, 1.000000;;
                          }
                          Frame Armature_mixamorig_LeftHandPinky4 {
                            FrameTransformMatrix {
                               1.000000, 0.000000, 0.000000, 0.000000,
                              -0.000000, 1.000000, 0.000000, 0.000000,
                               0.000000, 0.000000, 1.000000, 0.000000,
                              -0.000100, 0.020700, 0.000000, 1.000000;;
                            }
                          } // End of Armature_mixamorig_LeftHandPinky4
                        } // End of Armature_mixamorig_LeftHandPinky3
                      } // End of Armature_mixamorig_LeftHandPinky2
                    } // End of Armature_mixamorig_LeftHandPinky1
                    Frame Armature_mixamorig_LeftHandRing1 {
                      FrameTransformMatrix {
                         0.996728, 0.080809, 0.001915, 0.000000,
                        -0.080795, 0.996710,-0.006430, 0.000000,
                        -0.002428, 0.006254, 0.999977, 0.000000,
                         0.013100, 0.116600,-0.000200, 1.000000;;
                      }
                      Frame Armature_mixamorig_LeftHandRing2 {
                        FrameTransformMatrix {
                           0.999996, 0.002857, 0.000150, 0.000000,
                          -0.002857, 0.999996, 0.000002, 0.000000,
                          -0.000150,-0.000002, 1.000000, 0.000000,
                          -0.000100, 0.035000, 0.000000, 1.000000;;
                        }
                        Frame Armature_mixamorig_LeftHandRing3 {
                          FrameTransformMatrix {
                             1.000000,-0.000000,-0.000000, 0.000000,
                             0.000000, 1.000000, 0.000000, 0.000000,
                            -0.000000,-0.000000, 1.000000, 0.000000,
                             0.000000, 0.034400, 0.000000, 1.000000;;
                          }
                          Frame Armature_mixamorig_LeftHandRing4 {
                            FrameTransformMatrix {
                               1.000000,-0.000000,-0.000000, 0.000000,
                               0.000000, 1.000000, 0.000000, 0.000000,
                              -0.000000,-0.000000, 1.000000, 0.000000,
                               0.000000, 0.029800,-0.000000, 1.000000;;
                            }
                          } // End of Armature_mixamorig_LeftHandRing4
                        } // End of Armature_mixamorig_LeftHandRing3
                      } // End of Armature_mixamorig_LeftHandRing2
                    } // End of Armature_mixamorig_LeftHandRing1
                    Frame Armature_mixamorig_LeftHandThumb1 {
                      FrameTransformMatrix {
                         0.899223, 0.431284,-0.073432, 0.000000,
                        -0.384826, 0.859596, 0.336161, 0.000000,
                         0.208103,-0.274025, 0.938937, 0.000000,
                        -0.035000, 0.038900, 0.009500, 1.000000;;
                      }
                      Frame Armature_mixamorig_LeftHandThumb2 {
                        FrameTransformMatrix {
                           0.888977,-0.453238, 0.065540, 0.000000,
                           0.456844, 0.867742,-0.195749, 0.000000,
                           0.031849, 0.203958, 0.978462, 0.000000,
                          -0.000600, 0.042600,-0.000000, 1.000000;;
                        }
                        Frame Armature_mixamorig_LeftHandThumb3 {
                          FrameTransformMatrix {
                             0.998371,-0.056093, 0.010452, 0.000000,
                             0.057034, 0.986474,-0.153676, 0.000000,
                            -0.001690, 0.154021, 0.988066, 0.000000,
                            -0.002100, 0.042700, 0.000000, 1.000000;;
                          }
                          Frame Armature_mixamorig_LeftHandThumb4 {
                            FrameTransformMatrix {
                               1.000000,-0.000000,-0.000000, 0.000000,
                               0.000000, 1.000000,-0.000000, 0.000000,
                               0.000000, 0.000000, 1.000000, 0.000000,
                               0.002700, 0.037000, 0.000000, 1.000000;;
                            }
                          } // End of Armature_mixamorig_LeftHandThumb4
                        } // End of Armature_mixamorig_LeftHandThumb3
                      } // End of Armature_mixamorig_LeftHandThumb2
                    } // End of Armature_mixamorig_LeftHandThumb1
                  } // End of Armature_mixamorig_LeftHand
                } // End of Armature_mixamorig_LeftForeArm
              } // End of Armature_mixamorig_LeftArm
            } // End of Armature_mixamorig_LeftShoulder
            Frame Armature_mixamorig_Neck {
              FrameTransformMatrix {
                 0.998423,-0.013321,-0.054529, 0.000000,
                 0.018934, 0.994423, 0.103749, 0.000000,
                 0.052843,-0.104618, 0.993108, 0.000000,
                 0.000000, 0.175600, 0.000000, 1.000000;;
              }
              Frame Armature_mixamorig_Head {
                FrameTransformMatrix {
                   0.967077,-0.068722,-0.245028, 0.000000,
                   0.096891, 0.989761, 0.104814, 0.000000,
                   0.235316,-0.125104, 0.963834, 0.000000,
                  -0.000000, 0.090200, 0.041700, 1.000000;;
                }
                Frame Armature_mixamorig_HeadTop_End {
                  FrameTransformMatrix {
                     1.000000, 0.000000, 0.000000, 0.000000,
                     0.000000, 1.000000,-0.000000, 0.000000,
                     0.000000, 0.000000, 1.000000, 0.000000,
                    -0.000000, 0.226500, 0.104700, 1.000000;;
                  }
                } // End of Armature_mixamorig_HeadTop_End
              } // End of Armature_mixamorig_Head
            } // End of Armature_mixamorig_Neck
            Frame Armature_mixamorig_RightShoulder {
              FrameTransformMatrix {
                -0.191458, 0.015573, 0.981377, 0.000000,
                -0.933051,-0.313152,-0.177061, 0.000000,
                 0.304563,-0.949575, 0.074486, 0.000000,
                -0.074900, 0.139900,-0.004800, 1.000000;;
              }
              Frame Armature_mixamorig_RightArm {
                FrameTransformMatrix {
                   0.770379,-0.315297, 0.554169, 0.000000,
                  -0.274684, 0.620244, 0.734743, 0.000000,
                  -0.575383,-0.718251, 0.391216, 0.000000,
                   0.000000, 0.167200,-0.000000, 1.000000;;
                }
                Frame Armature_mixamorig_RightForeArm {
                  FrameTransformMatrix {
                     0.976719,-0.214524, 0.000078, 0.000000,
                     0.214356, 0.975969, 0.039205, 0.000000,
                    -0.008487,-0.038276, 0.999231, 0.000000,
                    -0.000000, 0.222600, 0.000000, 1.000000;;
                  }
                  Frame Armature_mixamorig_RightHand {
                    FrameTransformMatrix {
                       0.945264,-0.179753,-0.272333, 0.000000,
                       0.007004, 0.845574,-0.533812, 0.000000,
                       0.326232, 0.502686, 0.800550, 0.000000,
                       0.000000, 0.266200, 0.000000, 1.000000;;
                    }
                    Frame Armature_mixamorig_RightHandIndex1 {
                      FrameTransformMatrix {
                         0.995776,-0.090282, 0.016681, 0.000000,
                         0.090387, 0.995890,-0.005700, 0.000000,
                        -0.016098, 0.007184, 0.999845, 0.000000,
                         0.033400, 0.116100, 0.000800, 1.000000;;
                      }
                      Frame Armature_mixamorig_RightHandIndex2 {
                        FrameTransformMatrix {
                           1.000000,-0.000000,-0.000000, 0.000000,
                           0.000000, 1.000000, 0.000000, 0.000000,
                           0.000000,-0.000000, 1.000000, 0.000000,
                           0.000000, 0.037600,-0.000000, 1.000000;;
                        }
                        Frame Armature_mixamorig_RightHandIndex3 {
                          FrameTransformMatrix {
                             0.999995, 0.003215, 0.000146, 0.000000,
                            -0.003215, 0.999995, 0.000001, 0.000000,
                            -0.000146,-0.000001, 1.000000, 0.000000,
                            -0.000000, 0.035900,-0.000000, 1.000000;;
                          }
                          Frame Armature_mixamorig_RightHandIndex4 {
                            FrameTransformMatrix {
                               1.000000, 0.000000,-0.000000, 0.000000,
                               0.000000, 1.000000, 0.000000, 0.000000,
                               0.000000,-0.000000, 1.000000, 0.000000,
                               0.000100, 0.031100,-0.000000, 1.000000;;
                            }
                          } // End of Armature_mixamorig_RightHandIndex4
                        } // End of Armature_mixamorig_RightHandIndex3
                      } // End of Armature_mixamorig_RightHandIndex2
                    } // End of Armature_mixamorig_RightHandIndex1
                    Frame Armature_mixamorig_RightHandMiddle1 {
                      FrameTransformMatrix {
                         0.996105,-0.087691, 0.009235, 0.000000,
                         0.087746, 0.996126,-0.005724, 0.000000,
                        -0.008697, 0.006512, 0.999941, 0.000000,
                         0.011100, 0.122300,-0.000700, 1.000000;;
                      }
                      Frame Armature_mixamorig_RightHandMiddle2 {
                        FrameTransformMatrix {
                           0.999985,-0.005501, 0.000016, 0.000000,
                           0.005501, 0.999985,-0.000000, 0.000000,
                          -0.000016, 0.000001, 1.000000, 0.000000,
                           0.000100, 0.037700,-0.000000, 1.000000;;
                        }
                        Frame Armature_mixamorig_RightHandMiddle3 {
                          FrameTransformMatrix {
                             1.000000,-0.000430,-0.000025, 0.000000,
                             0.000430, 1.000000,-0.000000, 0.000000,
                             0.000025, 0.000000, 1.000000, 0.000000,
                            -0.000100, 0.035100,-0.000000, 1.000000;;
                          }
                          Frame Armature_mixamorig_RightHandMiddle4 {
                            FrameTransformMatrix {
                               1.000000, 0.000000, 0.000000, 0.000000,
                               0.000000, 1.000000, 0.000000, 0.000000,
                               0.000000, 0.000000, 1.000000, 0.000000,
                              -0.000100, 0.030500,-0.000000, 1.000000;;
                            }
                          } // End of Armature_mixamorig_RightHandMiddle4
                        } // End of Armature_mixamorig_RightHandMiddle3
                      } // End of Armature_mixamorig_RightHandMiddle2
                    } // End of Armature_mixamorig_RightHandMiddle1
                    Frame Armature_mixamorig_RightHandPinky1 {
                      FrameTransformMatrix {
                         0.995905,-0.090398,-0.001592, 0.000000,
                         0.090388, 0.995891,-0.005700, 0.000000,
                         0.002100, 0.005533, 0.999983, 0.000000,
                        -0.031800, 0.104700, 0.002400, 1.000000;;
                      }
                      Frame Armature_mixamorig_RightHandPinky2 {
                        FrameTransformMatrix {
                           1.000000,-0.000000,-0.000000, 0.000000,
                           0.000000, 1.000000, 0.000000, 0.000000,
                           0.000000, 0.000000, 1.000000, 0.000000,
                          -0.000000, 0.028700, 0.000000, 1.000000;;
                        }
                        Frame Armature_mixamorig_RightHandPinky3 {
                          FrameTransformMatrix {
                             0.999987,-0.005128, 0.000319, 0.000000,
                             0.005128, 0.999987, 0.000000, 0.000000,
                            -0.000319, 0.000002, 1.000000, 0.000000,
                            -0.000000, 0.024300,-0.000000, 1.000000;;
                          }
                          Frame Armature_mixamorig_RightHandPinky4 {
                            FrameTransformMatrix {
                               1.000000, 0.000000, 0.000000, 0.000000,
                               0.000000, 1.000000,-0.000000, 0.000000,
                              -0.000000, 0.000000, 1.000000, 0.000000,
                              -0.000100, 0.019500,-0.000000, 1.000000;;
                            }
                          } // End of Armature_mixamorig_RightHandPinky4
                        } // End of Armature_mixamorig_RightHandPinky3
                      } // End of Armature_mixamorig_RightHandPinky2
                    } // End of Armature_mixamorig_RightHandPinky1
                    Frame Armature_mixamorig_RightHandRing1 {
                      FrameTransformMatrix {
                         0.995779,-0.090466,-0.015510, 0.000000,
                         0.090387, 0.995890,-0.005700, 0.000000,
                         0.015962, 0.004274, 0.999863, 0.000000,
                        -0.012700, 0.114700,-0.002300, 1.000000;;
                      }
                      Frame Armature_mixamorig_RightHandRing2 {
                        FrameTransformMatrix {
                           0.999996,-0.002907, 0.000062, 0.000000,
                           0.002907, 0.999996,-0.000001, 0.000000,
                          -0.000062, 0.000001, 1.000000, 0.000000,
                          -0.000000, 0.036200, 0.000000, 1.000000;;
                        }
                        Frame Armature_mixamorig_RightHandRing3 {
                          FrameTransformMatrix {
                             0.999980, 0.006252, 0.000037, 0.000000,
                            -0.006252, 0.999981, 0.000003, 0.000000,
                            -0.000037,-0.000003, 1.000000, 0.000000,
                            -0.000100, 0.034400,-0.000000, 1.000000;;
                          }
                          Frame Armature_mixamorig_RightHandRing4 {
                            FrameTransformMatrix {
                               1.000000, 0.000000,-0.000000, 0.000000,
                               0.000000, 1.000000,-0.000000, 0.000000,
                               0.000000,-0.000000, 1.000000, 0.000000,
                               0.000100, 0.029900, 0.000000, 1.000000;;
                            }
                          } // End of Armature_mixamorig_RightHandRing4
                        } // End of Armature_mixamorig_RightHandRing3
                      } // End of Armature_mixamorig_RightHandRing2
                    } // End of Armature_mixamorig_RightHandRing1
                    Frame Armature_mixamorig_RightHandThumb1 {
                      FrameTransformMatrix {
                         0.880582,-0.468530, 0.071094, 0.000000,
                         0.423348, 0.845173, 0.326280, 0.000000,
                        -0.212959,-0.257219, 0.942596, 0.000000,
                         0.033800, 0.036700, 0.010800, 1.000000;;
                      }
                      Frame Armature_mixamorig_RightHandThumb2 {
                        FrameTransformMatrix {
                           0.818258, 0.564930,-0.106340, 0.000000,
                          -0.560183, 0.825139, 0.073078, 0.000000,
                           0.129029,-0.000227, 0.991641, 0.000000,
                           0.000600, 0.040800,-0.000000, 1.000000;;
                        }
                        Frame Armature_mixamorig_RightHandThumb3 {
                          FrameTransformMatrix {
                             0.997948, 0.018456,-0.061312, 0.000000,
                            -0.020951, 0.998967,-0.040310, 0.000000,
                             0.060505, 0.041511, 0.997304, 0.000000,
                             0.002900, 0.042400, 0.000000, 1.000000;;
                          }
                          Frame Armature_mixamorig_RightHandThumb4 {
                            FrameTransformMatrix {
                               1.000000, 0.000000, 0.000000, 0.000000,
                              -0.000000, 1.000000,-0.000000, 0.000000,
                               0.000000, 0.000000, 1.000000, 0.000000,
                              -0.003600, 0.035300,-0.000000, 1.000000;;
                            }
                          } // End of Armature_mixamorig_RightHandThumb4
                        } // End of Armature_mixamorig_RightHandThumb3
                      } // End of Armature_mixamorig_RightHandThumb2
                    } // End of Armature_mixamorig_RightHandThumb1
                  } // End of Armature_mixamorig_RightHand
                } // End of Armature_mixamorig_RightForeArm
              } // End of Armature_mixamorig_RightArm
            } // End of Armature_mixamorig_RightShoulder
          } // End of Armature_mixamorig_Spine2
        } // End of Armature_mixamorig_Spine1
      } // End of Armature_mixamorig_Spine
    } // End of Armature_mixamorig_Hips
  } // End of Armature
} // End of Root
AnimationSet Global {
  Animation {
    {Armature}
    AnimationKey { // Rotation
      0;
      269;
      0;4;-0.707107, 0.707107, 0.000000, 0.000000;;,
      1;4;-0.707107, 0.707107, 0.000000, 0.000000;;,
      2;4;-0.707107, 0.707107, 0.000000, 0.000000;;,
      3;4;-0.707107, 0.707107, 0.000000, 0.000000;;,
      4;4;-0.707107, 0.707107, 0.000000, 0.000000;;,
      5;4;-0.707107, 0.707107, 0.000000, 0.000000;;,
      6;4;-0.707107, 0.707107, 0.000000, 0.000000;;,
      7;4;-0.707107, 0.707107, 0.000000, 0.000000;;,
      8;4;-0.707107, 0.707107, 0.000000, 0.000000;;,
      9;4;-0.707107, 0.707107, 0.000000, 0.000000;;,
      10;4;-0.707107, 0.707107, 0.000000, 0.000000;;,
      11;4;-0.707107, 0.707107, 0.000000, 0.000000;;,
      12;4;-0.707107, 0.707107, 0.000000, 0.000000;;,
      13;4;-0.707107, 0.707107, 0.000000, 0.000000;;,
      14;4;-0.707107, 0.707107, 0.000000, 0.000000;;,
      15;4;-0.707107, 0.707107, 0.000000, 0.000000;;,
      16;4;-0.707107, 0.707107, 0.000000, 0.000000;;,
      17;4;-0.707107, 0.707107, 0.000000, 0.000000;;,
      18;4;-0.707107, 0.707107, 0.000000, 0.000000;;,
      19;4;-0.707107, 0.707107, 0.000000, 0.000000;;,
      20;4;-0.707107, 0.707107, 0.000000, 0.000000;;,
      21;4;-0.707107, 0.707107, 0.000000, 0.000000;;,
      22;4;-0.707107, 0.707107, 0.000000, 0.000000;;,
      23;4;-0.707107, 0.707107, 0.000000, 0.000000;;,
      24;4;-0.707107, 0.707107, 0.000000, 0.000000;;,
      25;4;-0.707107, 0.707107, 0.000000, 0.000000;;,
      26;4;-0.707107, 0.707107, 0.000000, 0.000000;;,
      27;4;-0.707107, 0.707107, 0.000000, 0.000000;;,
      28;4;-0.707107, 0.707107, 0.000000, 0.000000;;,
      29;4;-0.707107, 0.707107, 0.000000, 0.000000;;,
      30;4;-0.707107, 0.707107, 0.000000, 0.000000;;,
      31;4;-0.707107, 0.707107, 0.000000, 0.000000;;,
      32;4;-0.707107, 0.707107, 0.000000, 0.000000;;,
      33;4;-0.707107, 0.707107, 0.000000, 0.000000;;,
      34;4;-0.707107, 0.707107, 0.000000, 0.000000;;,
      35;4;-0.707107, 0.707107, 0.000000, 0.000000;;,
      36;4;-0.707107, 0.707107, 0.000000, 0.000000;;,
      37;4;-0.707107, 0.707107, 0.000000, 0.000000;;,
      38;4;-0.707107, 0.707107, 0.000000, 0.000000;;,
      39;4;-0.707107, 0.707107, 0.000000, 0.000000;;,
      40;4;-0.707107, 0.707107, 0.000000, 0.000000;;,
      41;4;-0.707107, 0.707107, 0.000000, 0.000000;;,
      42;4;-0.707107, 0.707107, 0.000000, 0.000000;;,
      43;4;-0.707107, 0.707107, 0.000000, 0.000000;;,
      44;4;-0.707107, 0.707107, 0.000000, 0.000000;;,
      45;4;-0.707107, 0.707107, 0.000000, 0.000000;;,
      46;4;-0.707107, 0.707107, 0.000000, 0.000000;;,
      47;4;-0.707107, 0.707107, 0.000000, 0.000000;;,
      48;4;-0.707107, 0.707107, 0.000000, 0.000000;;,
      49;4;-0.707107, 0.707107, 0.000000, 0.000000;;,
      50;4;-0.707107, 0.707107, 0.000000, 0.000000;;,
      51;4;-0.707107, 0.707107, 0.000000, 0.000000;;,
      52;4;-0.707107, 0.707107, 0.000000, 0.000000;;,
      53;4;-0.707107, 0.707107, 0.000000, 0.000000;;,
      54;4;-0.707107, 0.707107, 0.000000, 0.000000;;,
      55;4;-0.707107, 0.707107, 0.000000, 0.000000;;,
      56;4;-0.707107, 0.707107, 0.000000, 0.000000;;,
      57;4;-0.707107, 0.707107, 0.000000, 0.000000;;,
      58;4;-0.707107, 0.707107, 0.000000, 0.000000;;,
      59;4;-0.707107, 0.707107, 0.000000, 0.000000;;,
      60;4;-0.707107, 0.707107, 0.000000, 0.000000;;,
      61;4;-0.707107, 0.707107, 0.000000, 0.000000;;,
      62;4;-0.707107, 0.707107, 0.000000, 0.000000;;,
      63;4;-0.707107, 0.707107, 0.000000, 0.000000;;,
      64;4;-0.707107, 0.707107, 0.000000, 0.000000;;,
      65;4;-0.707107, 0.707107, 0.000000, 0.000000;;,
      66;4;-0.707107, 0.707107, 0.000000, 0.000000;;,
      67;4;-0.707107, 0.707107, 0.000000, 0.000000;;,
      68;4;-0.707107, 0.707107, 0.000000, 0.000000;;,
      69;4;-0.707107, 0.707107, 0.000000, 0.000000;;,
      70;4;-0.707107, 0.707107, 0.000000, 0.000000;;,
      71;4;-0.707107, 0.707107, 0.000000, 0.000000;;,
      72;4;-0.707107, 0.707107, 0.000000, 0.000000;;,
      73;4;-0.707107, 0.707107, 0.000000, 0.000000;;,
      74;4;-0.707107, 0.707107, 0.000000, 0.000000;;,
      75;4;-0.707107, 0.707107, 0.000000, 0.000000;;,
      76;4;-0.707107, 0.707107, 0.000000, 0.000000;;,
      77;4;-0.707107, 0.707107, 0.000000, 0.000000;;,
      78;4;-0.707107, 0.707107, 0.000000, 0.000000;;,
      79;4;-0.707107, 0.707107, 0.000000, 0.000000;;,
      80;4;-0.707107, 0.707107, 0.000000, 0.000000;;,
      81;4;-0.707107, 0.707107, 0.000000, 0.000000;;,
      82;4;-0.707107, 0.707107, 0.000000, 0.000000;;,
      83;4;-0.707107, 0.707107, 0.000000, 0.000000;;,
      84;4;-0.707107, 0.707107, 0.000000, 0.000000;;,
      85;4;-0.707107, 0.707107, 0.000000, 0.000000;;,
      86;4;-0.707107, 0.707107, 0.000000, 0.000000;;,
      87;4;-0.707107, 0.707107, 0.000000, 0.000000;;,
      88;4;-0.707107, 0.707107, 0.000000, 0.000000;;,
      89;4;-0.707107, 0.707107, 0.000000, 0.000000;;,
      90;4;-0.707107, 0.707107, 0.000000, 0.000000;;,
      91;4;-0.707107, 0.707107, 0.000000, 0.000000;;,
      92;4;-0.707107, 0.707107, 0.000000, 0.000000;;,
      93;4;-0.707107, 0.707107, 0.000000, 0.000000;;,
      94;4;-0.707107, 0.707107, 0.000000, 0.000000;;,
      95;4;-0.707107, 0.707107, 0.000000, 0.000000;;,
      96;4;-0.707107, 0.707107, 0.000000, 0.000000;;,
      97;4;-0.707107, 0.707107, 0.000000, 0.000000;;,
      98;4;-0.707107, 0.707107, 0.000000, 0.000000;;,
      99;4;-0.707107, 0.707107, 0.000000, 0.000000;;,
      100;4;-0.707107, 0.707107, 0.000000, 0.000000;;,
      101;4;-0.707107, 0.707107, 0.000000, 0.000000;;,
      102;4;-0.707107, 0.707107, 0.000000, 0.000000;;,
      103;4;-0.707107, 0.707107, 0.000000, 0.000000;;,
      104;4;-0.707107, 0.707107, 0.000000, 0.000000;;,
      105;4;-0.707107, 0.707107, 0.000000, 0.000000;;,
      106;4;-0.707107, 0.707107, 0.000000, 0.000000;;,
      107;4;-0.707107, 0.707107, 0.000000, 0.000000;;,
      108;4;-0.707107, 0.707107, 0.000000, 0.000000;;,
      109;4;-0.707107, 0.707107, 0.000000, 0.000000;;,
      110;4;-0.707107, 0.707107, 0.000000, 0.000000;;,
      111;4;-0.707107, 0.707107, 0.000000, 0.000000;;,
      112;4;-0.707107, 0.707107, 0.000000, 0.000000;;,
      113;4;-0.707107, 0.707107, 0.000000, 0.000000;;,
      114;4;-0.707107, 0.707107, 0.000000, 0.000000;;,
      115;4;-0.707107, 0.707107, 0.000000, 0.000000;;,
      116;4;-0.707107, 0.707107, 0.000000, 0.000000;;,
      117;4;-0.707107, 0.707107, 0.000000, 0.000000;;,
      118;4;-0.707107, 0.707107, 0.000000, 0.000000;;,
      119;4;-0.707107, 0.707107, 0.000000, 0.000000;;,
      120;4;-0.707107, 0.707107, 0.000000, 0.000000;;,
      121;4;-0.707107, 0.707107, 0.000000, 0.000000;;,
      122;4;-0.707107, 0.707107, 0.000000, 0.000000;;,
      123;4;-0.707107, 0.707107, 0.000000, 0.000000;;,
      124;4;-0.707107, 0.707107, 0.000000, 0.000000;;,
      125;4;-0.707107, 0.707107, 0.000000, 0.000000;;,
      126;4;-0.707107, 0.707107, 0.000000, 0.000000;;,
      127;4;-0.707107, 0.707107, 0.000000, 0.000000;;,
      128;4;-0.707107, 0.707107, 0.000000, 0.000000;;,
      129;4;-0.707107, 0.707107, 0.000000, 0.000000;;,
      130;4;-0.707107, 0.707107, 0.000000, 0.000000;;,
      131;4;-0.707107, 0.707107, 0.000000, 0.000000;;,
      132;4;-0.707107, 0.707107, 0.000000, 0.000000;;,
      133;4;-0.707107, 0.707107, 0.000000, 0.000000;;,
      134;4;-0.707107, 0.707107, 0.000000, 0.000000;;,
      135;4;-0.707107, 0.707107, 0.000000, 0.000000;;,
      136;4;-0.707107, 0.707107, 0.000000, 0.000000;;,
      137;4;-0.707107, 0.707107, 0.000000, 0.000000;;,
      138;4;-0.707107, 0.707107, 0.000000, 0.000000;;,
      139;4;-0.707107, 0.707107, 0.000000, 0.000000;;,
      140;4;-0.707107, 0.707107, 0.000000, 0.000000;;,
      141;4;-0.707107, 0.707107, 0.000000, 0.000000;;,
      142;4;-0.707107, 0.707107, 0.000000, 0.000000;;,
      143;4;-0.707107, 0.707107, 0.000000, 0.000000;;,
      144;4;-0.707107, 0.707107, 0.000000, 0.000000;;,
      145;4;-0.707107, 0.707107, 0.000000, 0.000000;;,
      146;4;-0.707107, 0.707107, 0.000000, 0.000000;;,
      147;4;-0.707107, 0.707107, 0.000000, 0.000000;;,
      148;4;-0.707107, 0.707107, 0.000000, 0.000000;;,
      149;4;-0.707107, 0.707107, 0.000000, 0.000000;;,
      150;4;-0.707107, 0.707107, 0.000000, 0.000000;;,
      151;4;-0.707107, 0.707107, 0.000000, 0.000000;;,
      152;4;-0.707107, 0.707107, 0.000000, 0.000000;;,
      153;4;-0.707107, 0.707107, 0.000000, 0.000000;;,
      154;4;-0.707107, 0.707107, 0.000000, 0.000000;;,
      155;4;-0.707107, 0.707107, 0.000000, 0.000000;;,
      156;4;-0.707107, 0.707107, 0.000000, 0.000000;;,
      157;4;-0.707107, 0.707107, 0.000000, 0.000000;;,
      158;4;-0.707107, 0.707107, 0.000000, 0.000000;;,
      159;4;-0.707107, 0.707107, 0.000000, 0.000000;;,
      160;4;-0.707107, 0.707107, 0.000000, 0.000000;;,
      161;4;-0.707107, 0.707107, 0.000000, 0.000000;;,
      162;4;-0.707107, 0.707107, 0.000000, 0.000000;;,
      163;4;-0.707107, 0.707107, 0.000000, 0.000000;;,
      164;4;-0.707107, 0.707107, 0.000000, 0.000000;;,
      165;4;-0.707107, 0.707107, 0.000000, 0.000000;;,
      166;4;-0.707107, 0.707107, 0.000000, 0.000000;;,
      167;4;-0.707107, 0.707107, 0.000000, 0.000000;;,
      168;4;-0.707107, 0.707107, 0.000000, 0.000000;;,
      169;4;-0.707107, 0.707107, 0.000000, 0.000000;;,
      170;4;-0.707107, 0.707107, 0.000000, 0.000000;;,
      171;4;-0.707107, 0.707107, 0.000000, 0.000000;;,
      172;4;-0.707107, 0.707107, 0.000000, 0.000000;;,
      173;4;-0.707107, 0.707107, 0.000000, 0.000000;;,
      174;4;-0.707107, 0.707107, 0.000000, 0.000000;;,
      175;4;-0.707107, 0.707107, 0.000000, 0.000000;;,
      176;4;-0.707107, 0.707107, 0.000000, 0.000000;;,
      177;4;-0.707107, 0.707107, 0.000000, 0.000000;;,
      178;4;-0.707107, 0.707107, 0.000000, 0.000000;;,
      179;4;-0.707107, 0.707107, 0.000000, 0.000000;;,
      180;4;-0.707107, 0.707107, 0.000000, 0.000000;;,
      181;4;-0.707107, 0.707107, 0.000000, 0.000000;;,
      182;4;-0.707107, 0.707107, 0.000000, 0.000000;;,
      183;4;-0.707107, 0.707107, 0.000000, 0.000000;;,
      184;4;-0.707107, 0.707107, 0.000000, 0.000000;;,
      185;4;-0.707107, 0.707107, 0.000000, 0.000000;;,
      186;4;-0.707107, 0.707107, 0.000000, 0.000000;;,
      187;4;-0.707107, 0.707107, 0.000000, 0.000000;;,
      188;4;-0.707107, 0.707107, 0.000000, 0.000000;;,
      189;4;-0.707107, 0.707107, 0.000000, 0.000000;;,
      190;4;-0.707107, 0.707107, 0.000000, 0.000000;;,
      191;4;-0.707107, 0.707107, 0.000000, 0.000000;;,
      192;4;-0.707107, 0.707107, 0.000000, 0.000000;;,
