xof 0303txt 0032

Frame Root {
  FrameTransformMatrix {
     1.000000, 0.000000, 0.000000, 0.000000,
     0.000000,-0.000000,-1.000000, 0.000000,
     0.000000, 1.000000,-0.000000, 0.000000,
     0.000000, 0.000000, 0.000000, 1.000000;;
  }
  Frame Armature {
    FrameTransformMatrix {
       1.000000, 0.000000, 0.000000, 0.000000,
       0.000000,-0.000000, 1.000000, 0.000000,
       0.000000,-1.000000,-0.000000, 0.000000,
       0.000000, 0.000000, 0.000000, 1.000000;;
    }
    Frame Armature_mixamorig_Hips {
      FrameTransformMatrix {
         0.731297, 0.007639, 0.682016, 0.000000,
         0.047312, 0.996961,-0.061896, 0.000000,
        -0.680416, 0.077532, 0.728713, 0.000000,
         0.003657, 0.996918,-0.012873, 1.000000;;
      }
      Frame Armature_mixamorig_LeftUpLeg {
        FrameTransformMatrix {
          -0.965685,-0.177394, 0.189693, 0.000000,
           0.239065,-0.892563, 0.382332, 0.000000,
           0.101490, 0.414563, 0.904341, 0.000000,
           0.125300,-0.064400, 0.000000, 1.000000;;
        }
        Frame Armature_mixamorig_LeftLeg {
          FrameTransformMatrix {
             0.966614,-0.152921,-0.205604, 0.000000,
             0.007653, 0.819267,-0.573362, 0.000000,
             0.256123, 0.552646, 0.793085, 0.000000,
             0.000000, 0.468500,-0.000000, 1.000000;;
          }
          Frame Armature_mixamorig_LeftFoot {
            FrameTransformMatrix {
               0.997814,-0.039769, 0.052788, 0.000000,
              -0.035818, 0.345857, 0.937603, 0.000000,
              -0.055545,-0.937444, 0.343676, 0.000000,
               0.000000, 0.427200,-0.000000, 1.000000;;
            }
            Frame Armature_mixamorig_LeftToeBase {
              FrameTransformMatrix {
                 0.987856,-0.046276, 0.148319, 0.000000,
                -0.035629, 0.861706, 0.506156, 0.000000,
                -0.151230,-0.505294, 0.849593, 0.000000,
                 0.000000, 0.228901, 0.000000, 1.000000;;
              }
              Frame Armature_mixamorig_LeftToe_End {
                FrameTransformMatrix {
                   1.000000,-0.000000,-0.000000, 0.000000,
                   0.000000, 1.000000, 0.000000, 0.000000,
                   0.000000,-0.000000, 1.000000, 0.000000,
                   0.000000, 0.092100, 0.000000, 1.000000;;
                }
              } // End of Armature_mixamorig_LeftToe_End
            } // End of Armature_mixamorig_LeftToeBase
          } // End of Armature_mixamorig_LeftFoot
        } // End of Armature_mixamorig_LeftLeg
      } // End of Armature_mixamorig_LeftUpLeg
      Frame Armature_mixamorig_RightUpLeg {
        FrameTransformMatrix {
          -0.937261, 0.249592,-0.243405, 0.000000,
          -0.248248,-0.968001,-0.036697, 0.000000,
          -0.244775, 0.026030, 0.969232, 0.000000,
          -0.125300,-0.064400,-0.000500, 1.000000;;
        }
        Frame Armature_mixamorig_RightLeg {
          FrameTransformMatrix {
             0.987870,-0.092265,-0.124898, 0.000000,
             0.006556, 0.828401,-0.560097, 0.000000,
             0.155143, 0.552484, 0.818958, 0.000000,
             0.000000, 0.467700, 0.000000, 1.000000;;
          }
          Frame Armature_mixamorig_RightFoot {
            FrameTransformMatrix {
               0.973073, 0.229572,-0.020649, 0.000000,
               0.010558, 0.045100, 0.998927, 0.000000,
               0.230256,-0.972246, 0.041462, 0.000000,
               0.000000, 0.427200, 0.000000, 1.000000;;
            }
            Frame Armature_mixamorig_RightToeBase {
              FrameTransformMatrix {
                 0.979777, 0.000893,-0.200091, 0.000000,
                 0.097642, 0.870710, 0.482006, 0.000000,
                 0.174651,-0.491796, 0.853014, 0.000000,
                -0.000000, 0.232200,-0.000000, 1.000000;;
              }
              Frame Armature_mixamorig_RightToe_End {
                FrameTransformMatrix {
                   1.000000, 0.000000,-0.000000, 0.000000,
                  -0.000000, 1.000000,-0.000000, 0.000000,
                   0.000000, 0.000000, 1.000000, 0.000000,
                  -0.000000, 0.092100,-0.000000, 1.000000;;
                }
              } // End of Armature_mixamorig_RightToe_End
            } // End of Armature_mixamorig_RightToeBase
          } // End of Armature_mixamorig_RightFoot
        } // End of Armature_mixamorig_RightLeg
      } // End of Armature_mixamorig_RightUpLeg
      Frame Armature_mixamorig_Spine {
        FrameTransformMatrix {
           0.996626,-0.018653,-0.079931, 0.000000,
           0.015236, 0.998952,-0.043151, 0.000000,
           0.080652, 0.041788, 0.995866, 0.000000,
          -0.000000, 0.115900,-0.016800, 1.000000;;
        }
        Frame Armature_mixamorig_Spine1 {
          FrameTransformMatrix {
             0.986175, 0.003352,-0.165671, 0.000000,
             0.030018, 0.979639, 0.198509, 0.000000,
             0.162963,-0.200738, 0.965995, 0.000000,
             0.000000, 0.136600, 0.000000, 1.000000;;
          }
          Frame Armature_mixamorig_Spine2 {
            FrameTransformMatrix {
               0.986175, 0.003352,-0.165671, 0.000000,
               0.030018, 0.979639, 0.198510, 0.000000,
               0.162963,-0.200738, 0.965995, 0.000000,
              -0.000000, 0.156100,-0.000000, 1.000000;;
            }
            Frame Armature_mixamorig_LeftShoulder {
              FrameTransformMatrix {
                -0.059822, 0.023418,-0.997934, 0.000000,
                 0.905976,-0.418443,-0.064129, 0.000000,
                -0.419080,-0.907941, 0.003816, 0.000000,
                 0.074900, 0.140000,-0.005500, 1.000000;;
              }
              Frame Armature_mixamorig_LeftArm {
                FrameTransformMatrix {
                   0.973256,-0.093702, 0.209747, 0.000000,
                  -0.089803, 0.685196, 0.722802, 0.000000,
                  -0.211445,-0.722306, 0.658456, 0.000000,
                  -0.000000, 0.167200, 0.000000, 1.000000;;
                }
                Frame Armature_mixamorig_LeftForeArm {
                  FrameTransformMatrix {
                     0.671741, 0.738335,-0.060220, 0.000000,
                    -0.724265, 0.671658, 0.155935, 0.000000,
                     0.155579,-0.061133, 0.985930, 0.000000,
                    -0.000000, 0.222500,-0.000000, 1.000000;;
                  }
                  Frame Armature_mixamorig_LeftHand {
                    FrameTransformMatrix {
                       0.905127,-0.094290,-0.414554, 0.000000,
                      -0.050915, 0.944036,-0.325889, 0.000000,
                       0.422082, 0.316078, 0.849672, 0.000000,
                      -0.000000, 0.264700,-0.000000, 1.000000;;
                    }
                    Frame Armature_mixamorig_LeftHandIndex1 {
                      FrameTransformMatrix {
                         0.979387, 0.201961, 0.003694, 0.000000,
                        -0.201828, 0.977669, 0.058562, 0.000000,
                         0.008216,-0.058100, 0.998277, 0.000000,
                        -0.033700, 0.119900, 0.001000, 1.000000;;
                      }
                      Frame Armature_mixamorig_LeftHandIndex2 {
                        FrameTransformMatrix {
                           0.999958,-0.009124,-0.000551, 0.000000,
                           0.008908, 0.959178, 0.282662, 0.000000,
                          -0.002051,-0.282655, 0.959220, 0.000000,
                          -0.000100, 0.036300,-0.000000, 1.000000;;
                        }
                        Frame Armature_mixamorig_LeftHandIndex3 {
                          FrameTransformMatrix {
                             0.999994, 0.003390,-0.000163, 0.000000,
                            -0.003390, 0.999994,-0.000001, 0.000000,
                             0.000163, 0.000002, 1.000000, 0.000000,
                             0.000000, 0.034900,-0.000000, 1.000000;;
                          }
                          Frame Armature_mixamorig_LeftHandIndex4 {
                            FrameTransformMatrix {
                               1.000000, 0.000000, 0.000000, 0.000000,
                              -0.000000, 1.000000, 0.000000, 0.000000,
                               0.000000, 0.000000, 1.000000, 0.000000,
                               0.000100, 0.029500,-0.000000, 1.000000;;
                            }
                          } // End of Armature_mixamorig_LeftHandIndex4
                        } // End of Armature_mixamorig_LeftHandIndex3
                      } // End of Armature_mixamorig_LeftHandIndex2
                    } // End of Armature_mixamorig_LeftHandIndex1
                    Frame Armature_mixamorig_LeftHandMiddle1 {
                      FrameTransformMatrix {
                         0.995322,-0.086318,-0.043396, 0.000000,
                         0.094223, 0.966551, 0.238541, 0.000000,
                         0.021354,-0.241514, 0.970163, 0.000000,
                        -0.010400, 0.123900,-0.000800, 1.000000;;
                      }
                      Frame Armature_mixamorig_LeftHandMiddle2 {
                        FrameTransformMatrix {
                           0.999338, 0.035234, 0.009089, 0.000000,
                          -0.036084, 0.927427, 0.372258, 0.000000,
                           0.004686,-0.372339, 0.928085, 0.000000,
                          -0.000100, 0.037200,-0.000000, 1.000000;;
                        }
                        Frame Armature_mixamorig_LeftHandMiddle3 {
                          FrameTransformMatrix {
                             1.000000, 0.000451,-0.000001, 0.000000,
                            -0.000451, 1.000000,-0.000000, 0.000000,
                             0.000001, 0.000000, 1.000000, 0.000000,
                             0.000100, 0.035100, 0.000000, 1.000000;;
                          }
                          Frame Armature_mixamorig_LeftHandMiddle4 {
                            FrameTransformMatrix {
                               1.000000,-0.000000, 0.000000, 0.000000,
                               0.000000, 1.000000,-0.000000, 0.000000,
                              -0.000000, 0.000000, 1.000000, 0.000000,
                               0.000100, 0.030300, 0.000000, 1.000000;;
                            }
                          } // End of Armature_mixamorig_LeftHandMiddle4
                        } // End of Armature_mixamorig_LeftHandMiddle3
                      } // End of Armature_mixamorig_LeftHandMiddle2
                    } // End of Armature_mixamorig_LeftHandMiddle1
                    Frame Armature_mixamorig_LeftHandPinky1 {
                      FrameTransformMatrix {
                         0.966725,-0.250988,-0.049481, 0.000000,
                         0.236497, 0.803085, 0.546922, 0.000000,
                        -0.097534,-0.540425, 0.835720, 0.000000,
                         0.031000, 0.107500, 0.000700, 1.000000;;
                      }
                      Frame Armature_mixamorig_LeftHandPinky2 {
                        FrameTransformMatrix {
                           0.996355, 0.085035, 0.006763, 0.000000,
                          -0.069952, 0.769107, 0.635281, 0.000000,
                           0.048820,-0.633438, 0.772252, 0.000000,
                           0.000000, 0.028500, 0.000000, 1.000000;;
                        }
                        Frame Armature_mixamorig_LeftHandPinky3 {
                          FrameTransformMatrix {
                             0.999988,-0.004831,-0.000625, 0.000000,
                             0.004831, 0.999988,-0.000004, 0.000000,
                             0.000625, 0.000001, 1.000000, 0.000000,
                            -0.000000, 0.024000,-0.000000, 1.000000;;
                          }
                          Frame Armature_mixamorig_LeftHandPinky4 {
                            FrameTransformMatrix {
                               1.000000, 0.000000, 0.000000, 0.000000,
                               0.000000, 1.000000,-0.000000, 0.000000,
                               0.000000, 0.000000, 1.000000, 0.000000,
                              -0.000100, 0.020700, 0.000000, 1.000000;;
                            }
                          } // End of Armature_mixamorig_LeftHandPinky4
                        } // End of Armature_mixamorig_LeftHandPinky3
                      } // End of Armature_mixamorig_LeftHandPinky2
                    } // End of Armature_mixamorig_LeftHandPinky1
                    Frame Armature_mixamorig_LeftHandRing1 {
                      FrameTransformMatrix {
                         0.982586,-0.180931,-0.042286, 0.000000,
                         0.177381, 0.845656, 0.503390, 0.000000,
                        -0.055319,-0.502125, 0.863024, 0.000000,
                         0.013100, 0.116600,-0.000200, 1.000000;;
                      }
                      Frame Armature_mixamorig_LeftHandRing2 {
                        FrameTransformMatrix {
                           0.998846, 0.047062, 0.009608, 0.000000,
                          -0.044998, 0.846867, 0.529897, 0.000000,
                           0.016802,-0.529718, 0.848007, 0.000000,
                          -0.000100, 0.035000, 0.000000, 1.000000;;
                        }
                        Frame Armature_mixamorig_LeftHandRing3 {
                          FrameTransformMatrix {
                             1.000000,-0.000000,-0.000000, 0.000000,
                             0.000000, 1.000000, 0.000000, 0.000000,
                             0.000000,-0.000000, 1.000000, 0.000000,
                             0.000000, 0.034400,-0.000000, 1.000000;;
                          }
                          Frame Armature_mixamorig_LeftHandRing4 {
                            FrameTransformMatrix {
                               1.000000,-0.000000,-0.000000, 0.000000,
                               0.000000, 1.000000,-0.000000, 0.000000,
                              -0.000000, 0.000000, 1.000000, 0.000000,
                               0.000000, 0.029800, 0.000000, 1.000000;;
                            }
                          } // End of Armature_mixamorig_LeftHandRing4
                        } // End of Armature_mixamorig_LeftHandRing3
                      } // End of Armature_mixamorig_LeftHandRing2
                    } // End of Armature_mixamorig_LeftHandRing1
                    Frame Armature_mixamorig_LeftHandThumb1 {
                      FrameTransformMatrix {
                         0.855266, 0.499992,-0.136117, 0.000000,
                        -0.346020, 0.746582, 0.568230, 0.000000,
                         0.385733,-0.438888, 0.811534, 0.000000,
                        -0.035000, 0.038900, 0.009500, 1.000000;;
                      }
                      Frame Armature_mixamorig_LeftHandThumb2 {
                        FrameTransformMatrix {
                           0.999320,-0.036826, 0.001770, 0.000000,
                           0.036848, 0.999214,-0.014634, 0.000000,
                          -0.001229, 0.014689, 0.999891, 0.000000,
                          -0.000600, 0.042600,-0.000000, 1.000000;;
                        }
                        Frame Armature_mixamorig_LeftHandThumb3 {
                          FrameTransformMatrix {
                             0.992568, 0.121682, 0.001672, 0.000000,
                            -0.121682, 0.992569,-0.000123, 0.000000,
                            -0.001675,-0.000082, 0.999999, 0.000000,
                            -0.002100, 0.042700, 0.000000, 1.000000;;
                          }
                          Frame Armature_mixamorig_LeftHandThumb4 {
                            FrameTransformMatrix {
                               1.000000,-0.000000, 0.000000, 0.000000,
                               0.000000, 1.000000,-0.000000, 0.000000,
                              -0.000000, 0.000000, 1.000000, 0.000000,
                               0.002700, 0.037000, 0.000000, 1.000000;;
                            }
                          } // End of Armature_mixamorig_LeftHandThumb4
                        } // End of Armature_mixamorig_LeftHandThumb3
                      } // End of Armature_mixamorig_LeftHandThumb2
                    } // End of Armature_mixamorig_LeftHandThumb1
                  } // End of Armature_mixamorig_LeftHand
                } // End of Armature_mixamorig_LeftForeArm
              } // End of Armature_mixamorig_LeftArm
            } // End of Armature_mixamorig_LeftShoulder
            Frame Armature_mixamorig_Neck {
              FrameTransformMatrix {
                 0.999743, 0.001893, 0.022597, 0.000000,
                -0.003438, 0.997643, 0.068536, 0.000000,
                -0.022414,-0.068596, 0.997393, 0.000000,
                 0.000000, 0.175600,-0.000000, 1.000000;;
              }
              Frame Armature_mixamorig_Head {
                FrameTransformMatrix {
                   0.937031,-0.044709,-0.346371, 0.000000,
                   0.006188, 0.993742,-0.111530, 0.000000,
                   0.349190, 0.102364, 0.931444, 0.000000,
                   0.000000, 0.090200, 0.041700, 1.000000;;
                }
                Frame Armature_mixamorig_HeadTop_End {
                  FrameTransformMatrix {
                     1.000000,-0.000000,-0.000000, 0.000000,
                     0.000000, 1.000000,-0.000000, 0.000000,
                     0.000000, 0.000000, 1.000000, 0.000000,
                    -0.000000, 0.226500, 0.104700, 1.000000;;
                  }
                } // End of Armature_mixamorig_HeadTop_End
              } // End of Armature_mixamorig_Head
            } // End of Armature_mixamorig_Neck
            Frame Armature_mixamorig_RightShoulder {
              FrameTransformMatrix {
                 0.096049,-0.025472, 0.995050, 0.000000,
                -0.878545,-0.472092, 0.072718, 0.000000,
                 0.467903,-0.881181,-0.067722, 0.000000,
                -0.074900, 0.139900,-0.004800, 1.000000;;
              }
              Frame Armature_mixamorig_RightArm {
                FrameTransformMatrix {
                   0.857494, 0.505469,-0.095945, 0.000000,
                  -0.329750, 0.683090, 0.651654, 0.000000,
                   0.394930,-0.527151, 0.752424, 0.000000,
                  -0.000000, 0.167200, 0.000000, 1.000000;;
                }
                Frame Armature_mixamorig_RightForeArm {
                  FrameTransformMatrix {
                     0.759284,-0.638616,-0.125131, 0.000000,
                     0.650313, 0.737474, 0.182279, 0.000000,
                    -0.024126,-0.219776, 0.975252, 0.000000,
                     0.000000, 0.222600, 0.000000, 1.000000;;
                  }
                  Frame Armature_mixamorig_RightHand {
                    FrameTransformMatrix {
                       0.942949,-0.128308, 0.307220, 0.000000,
                       0.056763, 0.971203, 0.231394, 0.000000,
                      -0.328063,-0.200754, 0.923078, 0.000000,
                      -0.000000, 0.266200,-0.000000, 1.000000;;
                    }
                    Frame Armature_mixamorig_RightHandIndex1 {
                      FrameTransformMatrix {
                         0.997440,-0.071476,-0.002187, 0.000000,
                         0.071443, 0.994709, 0.073819, 0.000000,
                        -0.003101,-0.073786, 0.997269, 0.000000,
                         0.033400, 0.116100, 0.000800, 1.000000;;
                      }
                      Frame Armature_mixamorig_RightHandIndex2 {
                        FrameTransformMatrix {
                           0.999935, 0.011343, 0.000972, 0.000000,
                          -0.011133, 0.956469, 0.291622, 0.000000,
                           0.002379,-0.291614, 0.956533, 0.000000,
                          -0.000000, 0.037600, 0.000000, 1.000000;;
                        }
                        Frame Armature_mixamorig_RightHandIndex3 {
                          FrameTransformMatrix {
                             0.999995, 0.003215, 0.000146, 0.000000,
                            -0.003215, 0.999995, 0.000001, 0.000000,
                            -0.000146,-0.000002, 1.000000, 0.000000,
                             0.000000, 0.035900, 0.000000, 1.000000;;
                          }
                          Frame Armature_mixamorig_RightHandIndex4 {
                            FrameTransformMatrix {
                               1.000000, 0.000000, 0.000000, 0.000000,
                              -0.000000, 1.000000, 0.000000, 0.000000,
                              -0.000000,-0.000000, 1.000000, 0.000000,
                               0.000100, 0.031100,-0.000000, 1.000000;;
                            }
                          } // End of Armature_mixamorig_RightHandIndex4
                        } // End of Armature_mixamorig_RightHandIndex3
                      } // End of Armature_mixamorig_RightHandIndex2
                    } // End of Armature_mixamorig_RightHandIndex1
                    Frame Armature_mixamorig_RightHandMiddle1 {
                      FrameTransformMatrix {
                         0.999126,-0.041714,-0.002597, 0.000000,
                         0.041291, 0.975550, 0.215863, 0.000000,
                        -0.006471,-0.215781, 0.976420, 0.000000,
                         0.011100, 0.122300,-0.000700, 1.000000;;
                      }
                      Frame Armature_mixamorig_RightHandMiddle2 {
                        FrameTransformMatrix {
                           0.998762,-0.047134,-0.015870, 0.000000,
                           0.048662, 0.860248, 0.507548, 0.000000,
                          -0.010271,-0.507692, 0.861477, 0.000000,
                           0.000100, 0.037700,-0.000000, 1.000000;;
                        }
                        Frame Armature_mixamorig_RightHandMiddle3 {
                          FrameTransformMatrix {
                             1.000000,-0.000430,-0.000024, 0.000000,
                             0.000430, 1.000000, 0.000000, 0.000000,
                             0.000024,-0.000000, 1.000000, 0.000000,
                            -0.000100, 0.035100, 0.000000, 1.000000;;
                          }
                          Frame Armature_mixamorig_RightHandMiddle4 {
                            FrameTransformMatrix {
                               1.000000,-0.000000, 0.000000, 0.000000,
                              -0.000000, 1.000000,-0.000000, 0.000000,
                              -0.000000,-0.000000, 1.000000, 0.000000,
                              -0.000100, 0.030500, 0.000000, 1.000000;;
                            }
                          } // End of Armature_mixamorig_RightHandMiddle4
                        } // End of Armature_mixamorig_RightHandMiddle3
                      } // End of Armature_mixamorig_RightHandMiddle2
                    } // End of Armature_mixamorig_RightHandMiddle1
                    Frame Armature_mixamorig_RightHandPinky1 {
                      FrameTransformMatrix {
                         0.995057, 0.081540, 0.056679, 0.000000,
                        -0.097428, 0.912042, 0.398356, 0.000000,
                        -0.019211,-0.401909, 0.915478, 0.000000,
                        -0.031800, 0.104700, 0.002400, 1.000000;;
                      }
                      Frame Armature_mixamorig_RightHandPinky2 {
                        FrameTransformMatrix {
                           0.989294,-0.143289,-0.027685, 0.000000,
                           0.126408, 0.746531, 0.653233, 0.000000,
                          -0.072934,-0.649739, 0.756651, 0.000000,
                           0.000000, 0.028700,-0.000000, 1.000000;;
                        }
                        Frame Armature_mixamorig_RightHandPinky3 {
                          FrameTransformMatrix {
                             0.999987,-0.005128, 0.000319, 0.000000,
                             0.005128, 0.999987, 0.000000, 0.000000,
                            -0.000319, 0.000001, 1.000000, 0.000000,
                             0.000000, 0.024300,-0.000000, 1.000000;;
                          }
                          Frame Armature_mixamorig_RightHandPinky4 {
                            FrameTransformMatrix {
                               1.000000,-0.000000,-0.000000, 0.000000,
                               0.000000, 1.000000, 0.000000, 0.000000,
                               0.000000, 0.000000, 1.000000, 0.000000,
                              -0.000100, 0.019500, 0.000000, 1.000000;;
                            }
                          } // End of Armature_mixamorig_RightHandPinky4
                        } // End of Armature_mixamorig_RightHandPinky3
                      } // End of Armature_mixamorig_RightHandPinky2
                    } // End of Armature_mixamorig_RightHandPinky1
                    Frame Armature_mixamorig_RightHandRing1 {
                      FrameTransformMatrix {
                         0.998842, 0.040645, 0.025743, 0.000000,
                        -0.047210, 0.931124, 0.361634, 0.000000,
                        -0.009271,-0.362430, 0.931965, 0.000000,
                        -0.012700, 0.114700,-0.002300, 1.000000;;
                      }
                      Frame Armature_mixamorig_RightHandRing2 {
                        FrameTransformMatrix {
                           0.997687,-0.065434,-0.018410, 0.000000,
                           0.063157, 0.792181, 0.607009, 0.000000,
                          -0.025135,-0.606768, 0.794482, 0.000000,
                           0.000000, 0.036200,-0.000000, 1.000000;;
                        }
                        Frame Armature_mixamorig_RightHandRing3 {
                          FrameTransformMatrix {
                             0.999980, 0.006252, 0.000037, 0.000000,
                            -0.006252, 0.999981, 0.000003, 0.000000,
                            -0.000037,-0.000003, 1.000000, 0.000000,
                            -0.000100, 0.034400, 0.000000, 1.000000;;
                          }
                          Frame Armature_mixamorig_RightHandRing4 {
                            FrameTransformMatrix {
                               1.000000, 0.000000,-0.000000, 0.000000,
                              -0.000000, 1.000000, 0.000000, 0.000000,
                              -0.000000, 0.000000, 1.000000, 0.000000,
                               0.000100, 0.029900,-0.000000, 1.000000;;
                            }
                          } // End of Armature_mixamorig_RightHandRing4
                        } // End of Armature_mixamorig_RightHandRing3
                      } // End of Armature_mixamorig_RightHandRing2
                    } // End of Armature_mixamorig_RightHandRing1
                    Frame Armature_mixamorig_RightHandThumb1 {
                      FrameTransformMatrix {
                         0.854852,-0.509734,-0.096954, 0.000000,
                         0.506404, 0.778899, 0.369961, 0.000000,
                        -0.113065,-0.365360, 0.923974, 0.000000,
                         0.033800, 0.036700, 0.010800, 1.000000;;
                      }
                      Frame Armature_mixamorig_RightHandThumb2 {
                        FrameTransformMatrix {
                           0.912597, 0.408857, 0.001625, 0.000000,
                          -0.408755, 0.912264, 0.026358, 0.000000,
                           0.009294,-0.024718, 0.999651, 0.000000,
                           0.000600, 0.040800,-0.000000, 1.000000;;
                        }
                        Frame Armature_mixamorig_RightHandThumb3 {
                          FrameTransformMatrix {
                             0.985598,-0.169105, 0.000174, 0.000000,
                             0.169105, 0.985598, 0.000019, 0.000000,
                            -0.000175, 0.000011, 1.000000, 0.000000,
                             0.002900, 0.042400,-0.000000, 1.000000;;
                          }
                          Frame Armature_mixamorig_RightHandThumb4 {
                            FrameTransformMatrix {
                               1.000000, 0.000000, 0.000000, 0.000000,
                              -0.000000, 1.000000,-0.000000, 0.000000,
                               0.000000, 0.000000, 1.000000, 0.000000,
                              -0.003600, 0.035300, 0.000000, 1.000000;;
                            }
                          } // End of Armature_mixamorig_RightHandThumb4
                        } // End of Armature_mixamorig_RightHandThumb3
                      } // End of Armature_mixamorig_RightHandThumb2
                    } // End of Armature_mixamorig_RightHandThumb1
                  } // End of Armature_mixamorig_RightHand
                } // End of Armature_mixamorig_RightForeArm
              } // End of Armature_mixamorig_RightArm
            } // End of Armature_mixamorig_RightShoulder
          } // End of Armature_mixamorig_Spine2
        } // End of Armature_mixamorig_Spine1
      } // End of Armature_mixamorig_Spine
    } // End of Armature_mixamorig_Hips
  } // End of Armature
} // End of Root
AnimationSet Global {
  Animation {
    {Armature}
    AnimationKey { // Rotation
      0;
      36;
      0;4;-0.707107, 0.707107, 0.000000, 0.000000;;,
      1;4;-0.707107, 0.707107, 0.000000, 0.000000;;,
      2;4;-0.707107, 0.707107, 0.000000, 0.000000;;,
      3;4;-0.707107, 0.707107, 0.000000, 0.000000;;,
      4;4;-0.707107, 0.707107, 0.000000, 0.000000;;,
      5;4;-0.707107, 0.707107, 0.000000, 0.000000;;,
      6;4;-0.707107, 0.707107, 0.000000, 0.000000;;,
      7;4;-0.707107, 0.707107, 0.000000, 0.000000;;,
      8;4;-0.707107, 0.707107, 0.000000, 0.000000;;,
      9;4;-0.707107, 0.707107, 0.000000, 0.000000;;,
      10;4;-0.707107, 0.707107, 0.000000, 0.000000;;,
      11;4;-0.707107, 0.707107, 0.000000, 0.000000;;,
      12;4;-0.707107, 0.707107, 0.000000, 0.000000;;,
      13;4;-0.707107, 0.707107, 0.000000, 0.000000;;,
      14;4;-0.707107, 0.707107, 0.000000, 0.000000;;,
      15;4;-0.707107, 0.707107, 0.000000, 0.000000;;,
      16;4;-0.707107, 0.707107, 0.000000, 0.000000;;,
      17;4;-0.707107, 0.707107, 0.000000, 0.000000;;,
      18;4;-0.707107, 0.707107, 0.000000, 0.000000;;,
      19;4;-0.707107, 0.707107, 0.000000, 0.000000;;,
      20;4;-0.707107, 0.707107, 0.000000, 0.000000;;,
      21;4;-0.707107, 0.707107, 0.000000, 0.000000;;,
      22;4;-0.707107, 0.707107, 0.000000, 0.000000;;,
      23;4;-0.707107, 0.707107, 0.000000, 0.000000;;,
      24;4;-0.707107, 0.707107, 0.000000, 0.000000;;,
      25;4;-0.707107, 0.707107, 0.000000, 0.000000;;,
      26;4;-0.707107, 0.707107, 0.000000, 0.000000;;,
      27;4;-0.707107, 0.707107, 0.000000, 0.000000;;,
      28;4;-0.707107, 0.707107, 0.000000, 0.000000;;,
      29;4;-0.707107, 0.707107, 0.000000, 0.000000;;,
      30;4;-0.707107, 0.707107, 0.000000, 0.000000;;,
      31;4;-0.707107, 0.707107, 0.000000, 0.000000;;,
      32;4;-0.707107, 0.707107, 0.000000, 0.000000;;,
      33;4;-0.707107, 0.707107, 0.000000, 0.000000;;,
      34;4;-0.707107, 0.707107, 0.000000, 0.000000;;,
      35;4;-0.707107, 0.707107, 0.000000, 0.000000;;;
    }
    AnimationKey { // Scale
      1;
      36;
      0;3; 1.000000, 1.000000, 1.000000;;,
      1;3; 1.000000, 1.000000, 1.000000;;,
      2;3; 1.000000, 1.000000, 1.000000;;,
      3;3; 1.000000, 1.000000, 1.000000;;,
      4;3; 1.000000, 1.000000, 1.000000;;,
      5;3; 1.000000, 1.000000, 1.000000;;,
      6;3; 1.000000, 1.000000, 1.000000;;,
      7;3; 1.000000, 1.000000, 1.000000;;,
      8;3; 1.000000, 1.000000, 1.000000;;,
      9;3; 1.000000, 1.000000, 1.000000;;,
      10;3; 1.000000, 1.000000, 1.000000;;,
      11;3; 1.000000, 1.000000, 1.000000;;,
      12;3; 1.000000, 1.000000, 1.000000;;,
      13;3; 1.000000, 1.000000, 1.000000;;,
      14;3; 1.000000, 1.000000, 1.000000;;,
      15;3; 1.000000, 1.000000, 1.000000;;,
      16;3; 1.000000, 1.000000, 1.000000;;,
      17;3; 1.000000, 1.000000, 1.000000;;,
      18;3; 1.000000, 1.000000, 1.000000;;,
      19;3; 1.000000, 1.000000, 1.000000;;,
      20;3; 1.000000, 1.000000, 1.000000;;,
      21;3; 1.000000, 1.000000, 1.000000;;,
      22;3; 1.000000, 1.000000, 1.000000;;,
      23;3; 1.000000, 1.000000, 1.000000;;,
      24;3; 1.000000, 1.000000, 1.000000;;,
      25;3; 1.000000, 1.000000, 1.000000;;,
      26;3; 1.000000, 1.000000, 1.000000;;,
      27;3; 1.000000, 1.000000, 1.000000;;,
      28;3; 1.000000, 1.000000, 1.000000;;,
      29;3; 1.000000, 1.000000, 1.000000;;,
      30;3; 1.000000, 1.000000, 1.000000;;,
      31;3; 1.000000, 1.000000, 1.000000;;,
      32;3; 1.000000, 1.000000, 1.000000;;,
      33;3; 1.000000, 1.000000, 1.000000;;,
      34;3; 1.000000, 1.000000, 1.000000;;,
      35;3; 1.000000, 1.000000, 1.000000;;;
    }
    AnimationKey { // Position
      2;
      36;
      0;3; 0.000000, 0.000000, 0.000000;;,
      1;3; 0.000000, 0.000000, 0.000000;;,
      2;3; 0.000000, 0.000000, 0.000000;;,
      3;3; 0.000000, 0.000000, 0.000000;;,
      4;3; 0.000000, 0.000000, 0.000000;;,
      5;3; 0.000000, 0.000000, 0.000000;;,
      6;3; 0.000000, 0.000000, 0.000000;;,
      7;3; 0.000000, 0.000000, 0.000000;;,
      8;3; 0.000000, 0.000000, 0.000000;;,
      9;3; 0.000000, 0.000000, 0.000000;;,
      10;3; 0.000000, 0.000000, 0.000000;;,
      11;3; 0.000000, 0.000000, 0.000000;;,
      12;3; 0.000000, 0.000000, 0.000000;;,
      13;3; 0.000000, 0.000000, 0.000000;;,
      14;3; 0.000000, 0.000000, 0.000000;;,
      15;3; 0.000000, 0.000000, 0.000000;;,
      16;3; 0.000000, 0.000000, 0.000000;;,
      17;3; 0.000000, 0.000000, 0.000000;;,
      18;3; 0.000000, 0.000000, 0.000000;;,
      19;3; 0.000000, 0.000000, 0.000000;;,
      20;3; 0.000000, 0.000000, 0.000000;;,
      21;3; 0.000000, 0.000000, 0.000000;;,
      22;3; 0.000000, 0.000000, 0.000000;;,
      23;3; 0.000000, 0.000000, 0.000000;;,
      24;3; 0.000000, 0.000000, 0.000000;;,
      25;3; 0.000000, 0.000000, 0.000000;;,
      26;3; 0.000000, 0.000000, 0.000000;;,
      27;3; 0.000000, 0.000000, 0.000000;;,
      28;3; 0.000000, 0.000000, 0.000000;;,
      29;3; 0.000000, 0.000000, 0.000000;;,
      30;3; 0.000000, 0.000000, 0.000000;;,
      31;3; 0.000000, 0.000000, 0.000000;;,
      32;3; 0.000000, 0.000000, 0.000000;;,
      33;3; 0.000000, 0.000000, 0.000000;;,
      34;3; 0.000000, 0.000000, 0.000000;;,
      35;3; 0.000000, 0.000000, 0.000000;;;
    }
  }
  Animation {
    {Armature_mixamorig_Hips}
    AnimationKey { // Rotation
      0;
      36;
      0;4;-0.937185,-0.100333,-0.334003,-0.007681;;,
      1;4;-0.936542,-0.112539,-0.331892,-0.008451;;,
      2;4;-0.934528,-0.115174,-0.336653,-0.007545;;,
      3;4;-0.932637,-0.110839,-0.343351,-0.003496;;,
      4;4;-0.932881,-0.104911,-0.344526, 0.005303;;,
      5;4;-0.935564,-0.100333,-0.338122, 0.018066;;,
      6;4;-0.938788,-0.094062,-0.329738, 0.033192;;,
      7;4;-0.940662,-0.080973,-0.325937, 0.048615;;,
      8;4;-0.940765,-0.061038,-0.327371, 0.063751;;,
      9;4;-0.939897,-0.044755,-0.329100, 0.079269;;,
      10;4;-0.938840,-0.035950,-0.329107, 0.094742;;,
      11;4;-0.937696,-0.032934,-0.329157, 0.106287;;,
      12;4;-0.936456,-0.034989,-0.330725, 0.111564;;,
      13;4;-0.935441,-0.043352,-0.333139, 0.109952;;,
      14;4;-0.934924,-0.058846,-0.333951, 0.104554;;,
      15;4;-0.934764,-0.080714,-0.331417, 0.099322;;,
      16;4;-0.934534,-0.106706,-0.325769, 0.095572;;,
      17;4;-0.934067,-0.133618,-0.318222, 0.091654;;,
      18;4;-0.933675,-0.158008,-0.309788, 0.085530;;,
      19;4;-0.933868,-0.176372,-0.301297, 0.077486;;,
      20;4;-0.935082,-0.185611,-0.293757, 0.069835;;,
      21;4;-0.937040,-0.186417,-0.287970, 0.065402;;,
      22;4;-0.939775,-0.182381,-0.282098, 0.063088;;,
      23;4;-0.943099,-0.173991,-0.276371, 0.062535;;,
      24;4;-0.946803,-0.161732,-0.270905, 0.063381;;,
      25;4;-0.950691,-0.146018,-0.265728, 0.065224;;,
      26;4;-0.954568,-0.127383,-0.260847, 0.067327;;,
      27;4;-0.958211,-0.106784,-0.256371, 0.068576;;,
      28;4;-0.961557,-0.084956,-0.252135, 0.067961;;,
      29;4;-0.965142,-0.060506,-0.246273, 0.064729;;,
      30;4;-0.968833,-0.041423,-0.236691, 0.060200;;,
      31;4;-0.973160,-0.028798,-0.221525, 0.055285;;,
      32;4;-0.977750,-0.021625,-0.202682, 0.049564;;,
      33;4;-0.981883,-0.018262,-0.183804, 0.042282;;,
      34;4;-0.985265,-0.018561,-0.166793, 0.032993;;,
      35;4;-0.988149,-0.021200,-0.150258, 0.023115;;;
    }
    AnimationKey { // Scale
      1;
      36;
      0;3; 1.000000, 1.000000, 1.000000;;,
      1;3; 1.000000, 1.000000, 1.000000;;,
      2;3; 1.000000, 1.000000, 1.000000;;,
      3;3; 1.000000, 1.000000, 1.000000;;,
      4;3; 1.000000, 1.000000, 1.000000;;,
      5;3; 1.000000, 1.000000, 1.000000;;,
      6;3; 1.000000, 1.000000, 1.000000;;,
      7;3; 1.000000, 1.000000, 1.000000;;,
      8;3; 1.000000, 1.000000, 1.000000;;,
      9;3; 1.000000, 1.000000, 1.000000;;,
      10;3; 1.000000, 1.000000, 1.000000;;,
      11;3; 1.000000, 1.000000, 1.000000;;,
      12;3; 1.000000, 1.000000, 1.000000;;,
      13;3; 1.000000, 1.000000, 1.000000;;,
      14;3; 1.000000, 1.000000, 1.000000;;,
      15;3; 1.000000, 1.000000, 1.000000;;,
      16;3; 1.000000, 1.000000, 1.000000;;,
      17;3; 1.000000, 1.000000, 1.000000;;,
      18;3; 1.000000, 1.000000, 1.000000;;,
      19;3; 1.000000, 1.000000, 1.000000;;,
      20;3; 1.000000, 1.000000, 1.000000;;,
      21;3; 1.000000, 1.000000, 1.000000;;,
      22;3; 1.000000, 1.000000, 1.000000;;,
      23;3; 1.000000, 1.000000, 1.000000;;,
      24;3; 1.000000, 1.000000, 1.000000;;,
      25;3; 1.000000, 1.000000, 1.000000;;,
      26;3; 1.000000, 1.000000, 1.000000;;,
      27;3; 1.000000, 1.000000, 1.000000;;,
      28;3; 1.000000, 1.000000, 1.000000;;,
      29;3; 1.000000, 1.000000, 1.000000;;,
      30;3; 1.000000, 1.000000, 1.000000;;,
      31;3; 1.000000, 1.000000, 1.000000;;,
      32;3; 1.000000, 1.000000, 1.000000;;,
      33;3; 1.000000, 1.000000, 1.000000;;,
      34;3; 1.000000, 1.000000, 1.000000;;,
      35;3; 1.000000, 1.000000, 1.000000;;;
    }
    AnimationKey { // Position
      2;
      36;
      0;3;-0.020130, 0.996918,-0.046081;;,
      1;3;-0.043803, 0.996918,-0.038903;;,
      2;3;-0.066823, 0.996918,-0.033620;;,
      3;3;-0.084918, 0.996918,-0.031277;;,
      4;3;-0.092985, 0.996918,-0.031964;;,
      5;3;-0.090686, 0.996918,-0.034033;;,
      6;3;-0.083980, 0.996918,-0.038563;;,
      7;3;-0.074779, 0.996918,-0.043710;;,
      8;3;-0.063123, 0.996918,-0.048062;;,
      9;3;-0.052370, 0.996918,-0.053543;;,
      10;3;-0.043952, 0.996918,-0.059821;;,
      11;3;-0.038648, 0.996918,-0.066354;;,
      12;3;-0.035631, 0.996918,-0.073084;;,
      13;3;-0.034169, 0.996918,-0.079160;;,
      14;3;-0.034059, 0.996918,-0.084016;;,
      15;3;-0.035701, 0.996918,-0.087693;;,
      16;3;-0.039255, 0.996918,-0.090423;;,
      17;3;-0.044098, 0.996918,-0.092188;;,
      18;3;-0.049132, 0.996918,-0.092994;;,
      19;3;-0.053507, 0.996918,-0.093321;;,
      20;3;-0.056733, 0.996918,-0.093685;;,
      21;3;-0.057986, 0.996918,-0.093081;;,
      22;3;-0.057740, 0.996918,-0.090727;;,
      23;3;-0.056242, 0.996918,-0.086695;;,
      24;3;-0.053900, 0.996918,-0.081116;;,
      25;3;-0.051283, 0.996918,-0.074188;;,
      26;3;-0.048963, 0.996918,-0.066076;;,
      27;3;-0.047284, 0.996918,-0.056882;;,
      28;3;-0.046270, 0.996918,-0.046209;;,
      29;3;-0.045768, 0.996918,-0.031669;;,
      30;3;-0.045898, 0.996918,-0.015647;;,
      31;3;-0.046598, 0.996918, 0.001284;;,
      32;3;-0.047706, 0.996918, 0.017944;;,
      33;3;-0.048800, 0.996918, 0.033249;;,
      34;3;-0.049366, 0.996918, 0.046119;;,
      35;3;-0.049716, 0.996918, 0.054587;;;
    }
  }
  Animation {
    {Armature_mixamorig_Spine}
