xof 0303txt 0032

Frame Root {
  FrameTransformMatrix {
     1.000000, 0.000000, 0.000000, 0.000000,
     0.000000,-0.000000,-1.000000, 0.000000,
     0.000000, 1.000000,-0.000000, 0.000000,
     0.000000, 0.000000, 0.000000, 1.000000;;
  }
  Frame Armature {
    FrameTransformMatrix {
       1.000000, 0.000000, 0.000000, 0.000000,
       0.000000,-0.000000, 1.000000, 0.000000,
       0.000000,-1.000000,-0.000000, 0.000000,
       0.000000, 0.000000, 0.000000, 1.000000;;
    }
    Frame Armature_mixamorig_Hips {
      FrameTransformMatrix {
         0.722482, 0.003761, 0.691380, 0.000000,
         0.010936, 0.999798,-0.016867, 0.000000,
        -0.691304, 0.019747, 0.722294, 0.000000,
         0.021827, 0.985948,-0.018148, 1.000000;;
      }
      Frame Armature_mixamorig_LeftUpLeg {
        FrameTransformMatrix {
          -0.971820,-0.162996, 0.170289, 0.000000,
           0.226431,-0.846340, 0.482116, 0.000000,
           0.065540, 0.507090, 0.859395, 0.000000,
           0.125300,-0.064400, 0.000000, 1.000000;;
        }
        Frame Armature_mixamorig_LeftLeg {
          FrameTransformMatrix {
             0.976232,-0.135916,-0.168812, 0.000000,
             0.000281, 0.779708,-0.626143, 0.000000,
             0.216727, 0.611214, 0.761214, 0.000000,
            -0.000000, 0.468500, 0.000000, 1.000000;;
          }
          Frame Armature_mixamorig_LeftFoot {
            FrameTransformMatrix {
               0.997608,-0.042876, 0.054226, 0.000000,
              -0.036814, 0.334423, 0.941704, 0.000000,
              -0.058511,-0.941447, 0.332045, 0.000000,
              -0.000000, 0.427200,-0.000000, 1.000000;;
            }
            Frame Armature_mixamorig_LeftToeBase {
              FrameTransformMatrix {
                 0.984308,-0.049206, 0.169457, 0.000000,
                -0.041765, 0.868079, 0.494666, 0.000000,
                -0.171442,-0.493981, 0.852402, 0.000000,
                -0.000000, 0.228901,-0.000000, 1.000000;;
              }
              Frame Armature_mixamorig_LeftToe_End {
                FrameTransformMatrix {
                   1.000000, 0.000000,-0.000000, 0.000000,
                   0.000000, 1.000000, 0.000000, 0.000000,
                   0.000000,-0.000000, 1.000000, 0.000000,
                  -0.000000, 0.092100, 0.000000, 1.000000;;
                }
              } // End of Armature_mixamorig_LeftToe_End
            } // End of Armature_mixamorig_LeftToeBase
          } // End of Armature_mixamorig_LeftFoot
        } // End of Armature_mixamorig_LeftLeg
      } // End of Armature_mixamorig_LeftUpLeg
      Frame Armature_mixamorig_RightUpLeg {
        FrameTransformMatrix {
          -0.943495, 0.240141,-0.228365, 0.000000,
          -0.265747,-0.959976, 0.088459, 0.000000,
          -0.197981, 0.144147, 0.969550, 0.000000,
          -0.125300,-0.064400,-0.000500, 1.000000;;
        }
        Frame Armature_mixamorig_RightLeg {
          FrameTransformMatrix {
             0.986319,-0.102220,-0.129331, 0.000000,
            -0.003492, 0.771407,-0.636332, 0.000000,
             0.164813, 0.628078, 0.760496, 0.000000,
             0.000000, 0.467700,-0.000000, 1.000000;;
          }
          Frame Armature_mixamorig_RightFoot {
            FrameTransformMatrix {
               0.970617, 0.239925,-0.018401, 0.000000,
               0.013474, 0.022160, 0.999664, 0.000000,
               0.240253,-0.970538, 0.018276, 0.000000,
               0.000000, 0.427200, 0.000000, 1.000000;;
            }
            Frame Armature_mixamorig_RightToeBase {
              FrameTransformMatrix {
                 0.980144, 0.000963,-0.198284, 0.000000,
                 0.095646, 0.873665, 0.477034, 0.000000,
                 0.173693,-0.486527, 0.856225, 0.000000,
                -0.000000, 0.232200, 0.000000, 1.000000;;
              }
              Frame Armature_mixamorig_RightToe_End {
                FrameTransformMatrix {
                   1.000000,-0.000000,-0.000000, 0.000000,
                  -0.000000, 1.000000,-0.000000, 0.000000,
                   0.000000, 0.000000, 1.000000, 0.000000,
                  -0.000000, 0.092100, 0.000000, 1.000000;;
                }
              } // End of Armature_mixamorig_RightToe_End
            } // End of Armature_mixamorig_RightToeBase
          } // End of Armature_mixamorig_RightFoot
        } // End of Armature_mixamorig_RightLeg
      } // End of Armature_mixamorig_RightUpLeg
      Frame Armature_mixamorig_Spine {
        FrameTransformMatrix {
           0.997682,-0.018944,-0.065366, 0.000000,
           0.016317, 0.999047,-0.040491, 0.000000,
           0.066071, 0.039331, 0.997040, 0.000000,
          -0.000000, 0.115900,-0.016800, 1.000000;;
        }
        Frame Armature_mixamorig_Spine1 {
          FrameTransformMatrix {
             0.990355,-0.002025,-0.138540, 0.000000,
             0.030522, 0.978518, 0.203890, 0.000000,
             0.135151,-0.206152, 0.969142, 0.000000,
            -0.000000, 0.136600, 0.000000, 1.000000;;
          }
          Frame Armature_mixamorig_Spine2 {
            FrameTransformMatrix {
               0.990355,-0.002024,-0.138540, 0.000000,
               0.030522, 0.978518, 0.203890, 0.000000,
               0.135151,-0.206152, 0.969142, 0.000000,
               0.000000, 0.156100,-0.000000, 1.000000;;
            }
            Frame Armature_mixamorig_LeftShoulder {
              FrameTransformMatrix {
                -0.082632, 0.022069,-0.996336, 0.000000,
                 0.898564,-0.430715,-0.084063, 0.000000,
                -0.430992,-0.902218, 0.015760, 0.000000,
                 0.074900, 0.140000,-0.005500, 1.000000;;
              }
              Frame Armature_mixamorig_LeftArm {
                FrameTransformMatrix {
                   0.966422,-0.149270, 0.209159, 0.000000,
                  -0.038303, 0.721194, 0.691673, 0.000000,
                  -0.254090,-0.676459, 0.691260, 0.000000,
                   0.000000, 0.167200, 0.000000, 1.000000;;
                }
                Frame Armature_mixamorig_LeftForeArm {
                  FrameTransformMatrix {
                     0.566666, 0.823817,-0.014673, 0.000000,
                    -0.817382, 0.564306, 0.115954, 0.000000,
                     0.103805,-0.053713, 0.993146, 0.000000,
                    -0.000000, 0.222500,-0.000000, 1.000000;;
                  }
                  Frame Armature_mixamorig_LeftHand {
                    FrameTransformMatrix {
                       0.910115,-0.097058,-0.402828, 0.000000,
                      -0.024282, 0.958015,-0.285688, 0.000000,
                       0.413643, 0.269791, 0.869547, 0.000000,
                      -0.000000, 0.264700,-0.000000, 1.000000;;
                    }
                    Frame Armature_mixamorig_LeftHandIndex1 {
                      FrameTransformMatrix {
                         0.980714, 0.195277, 0.008194, 0.000000,
                        -0.195280, 0.977273, 0.082484, 0.000000,
                         0.008099,-0.082493, 0.996559, 0.000000,
                        -0.033700, 0.119900, 0.001000, 1.000000;;
                      }
                      Frame Armature_mixamorig_LeftHandIndex2 {
                        FrameTransformMatrix {
                           0.999972,-0.007488,-0.000048, 0.000000,
                           0.007169, 0.955390, 0.295261, 0.000000,
                          -0.002165,-0.295253, 0.955417, 0.000000,
                          -0.000100, 0.036300,-0.000000, 1.000000;;
                        }
                        Frame Armature_mixamorig_LeftHandIndex3 {
                          FrameTransformMatrix {
                             0.999994, 0.003390,-0.000163, 0.000000,
                            -0.003390, 0.999994,-0.000001, 0.000000,
                             0.000163, 0.000002, 1.000000, 0.000000,
                             0.000000, 0.034900, 0.000000, 1.000000;;
                          }
                          Frame Armature_mixamorig_LeftHandIndex4 {
                            FrameTransformMatrix {
                               1.000000, 0.000000, 0.000000, 0.000000,
                              -0.000000, 1.000000,-0.000000, 0.000000,
                              -0.000000, 0.000000, 1.000000, 0.000000,
                               0.000100, 0.029500, 0.000000, 1.000000;;
                            }
                          } // End of Armature_mixamorig_LeftHandIndex4
                        } // End of Armature_mixamorig_LeftHandIndex3
                      } // End of Armature_mixamorig_LeftHandIndex2
                    } // End of Armature_mixamorig_LeftHandIndex1
                    Frame Armature_mixamorig_LeftHandMiddle1 {
                      FrameTransformMatrix {
                         0.997427,-0.061138,-0.037436, 0.000000,
                         0.068491, 0.966914, 0.245737, 0.000000,
                         0.021173,-0.247669, 0.968614, 0.000000,
                        -0.010400, 0.123900,-0.000800, 1.000000;;
                      }
                      Frame Armature_mixamorig_LeftHandMiddle2 {
                        FrameTransformMatrix {
                           0.999411, 0.033266, 0.008356, 0.000000,
                          -0.034064, 0.934124, 0.355319, 0.000000,
                           0.004014,-0.355394, 0.934708, 0.000000,
                          -0.000100, 0.037200,-0.000000, 1.000000;;
                        }
                        Frame Armature_mixamorig_LeftHandMiddle3 {
                          FrameTransformMatrix {
                             1.000000, 0.000451,-0.000001, 0.000000,
                            -0.000451, 1.000000,-0.000000, 0.000000,
                             0.000001, 0.000000, 1.000000, 0.000000,
                             0.000100, 0.035100, 0.000000, 1.000000;;
                          }
                          Frame Armature_mixamorig_LeftHandMiddle4 {
                            FrameTransformMatrix {
                               1.000000,-0.000000,-0.000000, 0.000000,
                               0.000000, 1.000000, 0.000000, 0.000000,
                               0.000000,-0.000000, 1.000000, 0.000000,
                               0.000100, 0.030300, 0.000000, 1.000000;;
                            }
                          } // End of Armature_mixamorig_LeftHandMiddle4
                        } // End of Armature_mixamorig_LeftHandMiddle3
                      } // End of Armature_mixamorig_LeftHandMiddle2
                    } // End of Armature_mixamorig_LeftHandMiddle1
                    Frame Armature_mixamorig_LeftHandPinky1 {
                      FrameTransformMatrix {
                         0.968247,-0.246107,-0.043922, 0.000000,
                         0.233772, 0.829065, 0.507940, 0.000000,
                        -0.088593,-0.502079, 0.860272, 0.000000,
                         0.031000, 0.107500, 0.000700, 1.000000;;
                      }
                      Frame Armature_mixamorig_LeftHandPinky2 {
                        FrameTransformMatrix {
                           0.996346, 0.085140, 0.006813, 0.000000,
                          -0.071617, 0.789285, 0.609836, 0.000000,
                           0.046544,-0.608096, 0.792498, 0.000000,
                          -0.000000, 0.028500, 0.000000, 1.000000;;
                        }
                        Frame Armature_mixamorig_LeftHandPinky3 {
                          FrameTransformMatrix {
                             0.999988,-0.004831,-0.000625, 0.000000,
                             0.004831, 0.999988,-0.000004, 0.000000,
                             0.000625, 0.000001, 1.000000, 0.000000,
                            -0.000000, 0.024000, 0.000000, 1.000000;;
                          }
                          Frame Armature_mixamorig_LeftHandPinky4 {
                            FrameTransformMatrix {
                               1.000000, 0.000000, 0.000000, 0.000000,
                              -0.000000, 1.000000,-0.000000, 0.000000,
                              -0.000000,-0.000000, 1.000000, 0.000000,
                              -0.000100, 0.020700, 0.000000, 1.000000;;
                            }
                          } // End of Armature_mixamorig_LeftHandPinky4
                        } // End of Armature_mixamorig_LeftHandPinky3
                      } // End of Armature_mixamorig_LeftHandPinky2
                    } // End of Armature_mixamorig_LeftHandPinky1
                    Frame Armature_mixamorig_LeftHandRing1 {
                      FrameTransformMatrix {
                         0.985810,-0.164291,-0.034453, 0.000000,
                         0.160353, 0.860944, 0.482765, 0.000000,
                        -0.049652,-0.481439, 0.875072, 0.000000,
                         0.013100, 0.116600,-0.000200, 1.000000;;
                      }
                      Frame Armature_mixamorig_LeftHandRing2 {
                        FrameTransformMatrix {
                           0.998938, 0.045301, 0.008420, 0.000000,
                          -0.043488, 0.866552, 0.497188, 0.000000,
                           0.015226,-0.497026, 0.867602, 0.000000,
                          -0.000100, 0.035000, 0.000000, 1.000000;;
                        }
                        Frame Armature_mixamorig_LeftHandRing3 {
                          FrameTransformMatrix {
                             1.000000,-0.000000,-0.000000, 0.000000,
                             0.000000, 1.000000, 0.000000, 0.000000,
                             0.000000,-0.000000, 1.000000, 0.000000,
                             0.000000, 0.034400, 0.000000, 1.000000;;
                          }
                          Frame Armature_mixamorig_LeftHandRing4 {
                            FrameTransformMatrix {
                               1.000000,-0.000000,-0.000000, 0.000000,
                              -0.000000, 1.000000,-0.000000, 0.000000,
                               0.000000, 0.000000, 1.000000, 0.000000,
                              -0.000000, 0.029800, 0.000000, 1.000000;;
                            }
                          } // End of Armature_mixamorig_LeftHandRing4
                        } // End of Armature_mixamorig_LeftHandRing3
                      } // End of Armature_mixamorig_LeftHandRing2
                    } // End of Armature_mixamorig_LeftHandRing1
                    Frame Armature_mixamorig_LeftHandThumb1 {
                      FrameTransformMatrix {
                         0.836252, 0.543281,-0.074357, 0.000000,
                        -0.416988, 0.718112, 0.557167, 0.000000,
                         0.356095,-0.434926, 0.827064, 0.000000,
                        -0.035000, 0.038900, 0.009500, 1.000000;;
                      }
                      Frame Armature_mixamorig_LeftHandThumb2 {
                        FrameTransformMatrix {
                           0.999067,-0.043130, 0.002077, 0.000000,
                           0.043157, 0.998949,-0.015429, 0.000000,
                          -0.001409, 0.015505, 0.999879, 0.000000,
                          -0.000600, 0.042600,-0.000000, 1.000000;;
                        }
                        Frame Armature_mixamorig_LeftHandThumb3 {
                          FrameTransformMatrix {
                             0.992568, 0.121682, 0.001672, 0.000000,
                            -0.121682, 0.992569,-0.000123, 0.000000,
                            -0.001675,-0.000082, 0.999998, 0.000000,
                            -0.002100, 0.042700, 0.000000, 1.000000;;
                          }
                          Frame Armature_mixamorig_LeftHandThumb4 {
                            FrameTransformMatrix {
                               1.000000,-0.000000, 0.000000, 0.000000,
                               0.000000, 1.000000,-0.000000, 0.000000,
                               0.000000, 0.000000, 1.000000, 0.000000,
                               0.002700, 0.037000, 0.000000, 1.000000;;
                            }
                          } // End of Armature_mixamorig_LeftHandThumb4
                        } // End of Armature_mixamorig_LeftHandThumb3
                      } // End of Armature_mixamorig_LeftHandThumb2
                    } // End of Armature_mixamorig_LeftHandThumb1
                  } // End of Armature_mixamorig_LeftHand
                } // End of Armature_mixamorig_LeftForeArm
              } // End of Armature_mixamorig_LeftArm
            } // End of Armature_mixamorig_LeftShoulder
            Frame Armature_mixamorig_Neck {
              FrameTransformMatrix {
                 0.999942, 0.009511,-0.004967, 0.000000,
                -0.009371, 0.999576, 0.027566, 0.000000,
                 0.005227,-0.027518, 0.999608, 0.000000,
                -0.000000, 0.175600,-0.000000, 1.000000;;
              }
              Frame Armature_mixamorig_Head {
                FrameTransformMatrix {
                   0.927258,-0.074065,-0.367025, 0.000000,
                   0.036823, 0.993527,-0.107462, 0.000000,
                   0.372608, 0.086130, 0.923983, 0.000000,
                   0.000000, 0.090200, 0.041700, 1.000000;;
                }
                Frame Armature_mixamorig_HeadTop_End {
                  FrameTransformMatrix {
                     1.000000,-0.000000, 0.000000, 0.000000,
                     0.000000, 1.000000, 0.000000, 0.000000,
                    -0.000000, 0.000000, 1.000000, 0.000000,
                     0.000000, 0.226500, 0.104700, 1.000000;;
                  }
                } // End of Armature_mixamorig_HeadTop_End
              } // End of Armature_mixamorig_Head
            } // End of Armature_mixamorig_Neck
            Frame Armature_mixamorig_RightShoulder {
              FrameTransformMatrix {
                 0.057387,-0.024468, 0.998052, 0.000000,
                -0.883783,-0.466236, 0.039386, 0.000000,
                 0.464364,-0.884322,-0.048381, 0.000000,
                -0.074900, 0.139900,-0.004800, 1.000000;;
              }
              Frame Armature_mixamorig_RightArm {
                FrameTransformMatrix {
                   0.899423, 0.422660,-0.111342, 0.000000,
                  -0.283963, 0.758716, 0.586272, 0.000000,
                   0.332271,-0.495690, 0.802426, 0.000000,
                   0.000000, 0.167200, 0.000000, 1.000000;;
                }
                Frame Armature_mixamorig_RightForeArm {
                  FrameTransformMatrix {
                     0.684759,-0.724519,-0.078599, 0.000000,
                     0.721426, 0.658631, 0.213891, 0.000000,
                    -0.103201,-0.203167, 0.973690, 0.000000,
                     0.000000, 0.222600, 0.000000, 1.000000;;
                  }
                  Frame Armature_mixamorig_RightHand {
                    FrameTransformMatrix {
                       0.950511,-0.085915, 0.298576, 0.000000,
                       0.027269, 0.980366, 0.195289, 0.000000,
                      -0.309492,-0.177482, 0.934192, 0.000000,
                       0.000000, 0.266200, 0.000000, 1.000000;;
                    }
                    Frame Armature_mixamorig_RightHandIndex1 {
                      FrameTransformMatrix {
                         0.996040,-0.088643,-0.006780, 0.000000,
                         0.088893, 0.991922, 0.090485, 0.000000,
                        -0.001296,-0.090729, 0.995875, 0.000000,
                         0.033400, 0.116100, 0.000800, 1.000000;;
                      }
                      Frame Armature_mixamorig_RightHandIndex2 {
                        FrameTransformMatrix {
                           0.999945, 0.010470, 0.000703, 0.000000,
                          -0.010202, 0.954365, 0.298468, 0.000000,
                           0.002454,-0.298459, 0.954419, 0.000000,
                           0.000000, 0.037600, 0.000000, 1.000000;;
                        }
                        Frame Armature_mixamorig_RightHandIndex3 {
                          FrameTransformMatrix {
                             0.999995, 0.003215, 0.000146, 0.000000,
                            -0.003215, 0.999995, 0.000001, 0.000000,
                            -0.000146,-0.000002, 1.000000, 0.000000,
                            -0.000000, 0.035900, 0.000000, 1.000000;;
                          }
                          Frame Armature_mixamorig_RightHandIndex4 {
                            FrameTransformMatrix {
                               1.000000, 0.000000, 0.000000, 0.000000,
                              -0.000000, 1.000000,-0.000000, 0.000000,
                              -0.000000,-0.000000, 1.000000, 0.000000,
                               0.000100, 0.031100,-0.000000, 1.000000;;
                            }
                          } // End of Armature_mixamorig_RightHandIndex4
                        } // End of Armature_mixamorig_RightHandIndex3
                      } // End of Armature_mixamorig_RightHandIndex2
                    } // End of Armature_mixamorig_RightHandIndex1
                    Frame Armature_mixamorig_RightHandMiddle1 {
                      FrameTransformMatrix {
                         0.998846,-0.047841,-0.004198, 0.000000,
                         0.047580, 0.973959, 0.221675, 0.000000,
                        -0.006517,-0.221619, 0.975111, 0.000000,
                         0.011100, 0.122300,-0.000700, 1.000000;;
                      }
                      Frame Armature_mixamorig_RightHandMiddle2 {
                        FrameTransformMatrix {
                           0.998997,-0.042756,-0.013332, 0.000000,
                           0.044025, 0.882877, 0.467535, 0.000000,
                          -0.008219,-0.467653, 0.883874, 0.000000,
                           0.000100, 0.037700,-0.000000, 1.000000;;
                        }
                        Frame Armature_mixamorig_RightHandMiddle3 {
                          FrameTransformMatrix {
                             1.000000,-0.000430,-0.000024, 0.000000,
                             0.000430, 1.000000, 0.000000, 0.000000,
                             0.000024,-0.000000, 1.000000, 0.000000,
                            -0.000100, 0.035100,-0.000000, 1.000000;;
                          }
                          Frame Armature_mixamorig_RightHandMiddle4 {
                            FrameTransformMatrix {
                               1.000000, 0.000000, 0.000000, 0.000000,
                              -0.000000, 1.000000,-0.000000, 0.000000,
                              -0.000000,-0.000000, 1.000000, 0.000000,
                              -0.000100, 0.030500, 0.000000, 1.000000;;
                            }
                          } // End of Armature_mixamorig_RightHandMiddle4
                        } // End of Armature_mixamorig_RightHandMiddle3
                      } // End of Armature_mixamorig_RightHandMiddle2
                    } // End of Armature_mixamorig_RightHandMiddle1
                    Frame Armature_mixamorig_RightHandPinky1 {
                      FrameTransformMatrix {
                         0.992796, 0.100282, 0.065576, 0.000000,
                        -0.117673, 0.919158, 0.375903, 0.000000,
                        -0.022578,-0.380911, 0.924336, 0.000000,
                        -0.031800, 0.104700, 0.002400, 1.000000;;
                      }
                      Frame Armature_mixamorig_RightHandPinky2 {
                        FrameTransformMatrix {
                           0.989758,-0.140488,-0.025343, 0.000000,
                           0.125749, 0.773958, 0.620625, 0.000000,
                          -0.067576,-0.617456, 0.783698, 0.000000,
                          -0.000000, 0.028700, 0.000000, 1.000000;;
                        }
                        Frame Armature_mixamorig_RightHandPinky3 {
                          FrameTransformMatrix {
                             0.999987,-0.005128, 0.000319, 0.000000,
                             0.005128, 0.999987, 0.000000, 0.000000,
                            -0.000319, 0.000001, 1.000000, 0.000000,
                             0.000000, 0.024300, 0.000000, 1.000000;;
                          }
                          Frame Armature_mixamorig_RightHandPinky4 {
                            FrameTransformMatrix {
                               1.000000, 0.000000, 0.000000, 0.000000,
                              -0.000000, 1.000000,-0.000000, 0.000000,
                              -0.000000, 0.000000, 1.000000, 0.000000,
                              -0.000100, 0.019500,-0.000000, 1.000000;;
                            }
                          } // End of Armature_mixamorig_RightHandPinky4
                        } // End of Armature_mixamorig_RightHandPinky3
                      } // End of Armature_mixamorig_RightHandPinky2
                    } // End of Armature_mixamorig_RightHandPinky1
                    Frame Armature_mixamorig_RightHandRing1 {
                      FrameTransformMatrix {
                         0.998614, 0.045089, 0.027142, 0.000000,
                        -0.051815, 0.932635, 0.357082, 0.000000,
                        -0.009213,-0.357993, 0.933679, 0.000000,
                        -0.012700, 0.114700,-0.002300, 1.000000;;
                      }
                      Frame Armature_mixamorig_RightHandRing2 {
                        FrameTransformMatrix {
                           0.997975,-0.061700,-0.015477, 0.000000,
                           0.059759, 0.825983, 0.560518, 0.000000,
                          -0.021801,-0.560308, 0.827997, 0.000000,
                           0.000000, 0.036200, 0.000000, 1.000000;;
                        }
                        Frame Armature_mixamorig_RightHandRing3 {
                          FrameTransformMatrix {
                             0.999980, 0.006252, 0.000037, 0.000000,
                            -0.006252, 0.999981, 0.000003, 0.000000,
                            -0.000037,-0.000003, 1.000000, 0.000000,
                            -0.000100, 0.034400, 0.000000, 1.000000;;
                          }
                          Frame Armature_mixamorig_RightHandRing4 {
                            FrameTransformMatrix {
                               1.000000, 0.000000,-0.000000, 0.000000,
                              -0.000000, 1.000000, 0.000000, 0.000000,
                               0.000000,-0.000000, 1.000000, 0.000000,
                               0.000100, 0.029900,-0.000000, 1.000000;;
                            }
                          } // End of Armature_mixamorig_RightHandRing4
                        } // End of Armature_mixamorig_RightHandRing3
                      } // End of Armature_mixamorig_RightHandRing2
                    } // End of Armature_mixamorig_RightHandRing1
                    Frame Armature_mixamorig_RightHandThumb1 {
                      FrameTransformMatrix {
                         0.831513,-0.544700,-0.109033, 0.000000,
                         0.545193, 0.762559, 0.348237, 0.000000,
                        -0.106541,-0.349008, 0.931044, 0.000000,
                         0.033800, 0.036700, 0.010800, 1.000000;;
                      }
                      Frame Armature_mixamorig_RightHandThumb2 {
                        FrameTransformMatrix {
                           0.931652, 0.363353, 0.000102, 0.000000,
                          -0.363285, 0.931472, 0.019611, 0.000000,
                           0.007030,-0.018307, 0.999808, 0.000000,
                           0.000600, 0.040800,-0.000000, 1.000000;;
                        }
                        Frame Armature_mixamorig_RightHandThumb3 {
                          FrameTransformMatrix {
                             0.985598,-0.169105, 0.000174, 0.000000,
                             0.169105, 0.985598, 0.000019, 0.000000,
                            -0.000175, 0.000011, 1.000000, 0.000000,
                             0.002900, 0.042400,-0.000000, 1.000000;;
                          }
                          Frame Armature_mixamorig_RightHandThumb4 {
                            FrameTransformMatrix {
                               1.000000, 0.000000, 0.000000, 0.000000,
                              -0.000000, 1.000000,-0.000000, 0.000000,
                               0.000000, 0.000000, 1.000000, 0.000000,
                              -0.003600, 0.035300, 0.000000, 1.000000;;
                            }
                          } // End of Armature_mixamorig_RightHandThumb4
                        } // End of Armature_mixamorig_RightHandThumb3
                      } // End of Armature_mixamorig_RightHandThumb2
                    } // End of Armature_mixamorig_RightHandThumb1
                  } // End of Armature_mixamorig_RightHand
                } // End of Armature_mixamorig_RightForeArm
              } // End of Armature_mixamorig_RightArm
            } // End of Armature_mixamorig_RightShoulder
          } // End of Armature_mixamorig_Spine2
        } // End of Armature_mixamorig_Spine1
      } // End of Armature_mixamorig_Spine
    } // End of Armature_mixamorig_Hips
  } // End of Armature
} // End of Root
AnimationSet Global {
  Animation {
    {Armature}
    AnimationKey { // Rotation
      0;
      30;
      0;4;-0.707107, 0.707107, 0.000000, 0.000000;;,
      1;4;-0.707107, 0.707107, 0.000000, 0.000000;;,
      2;4;-0.707107, 0.707107, 0.000000, 0.000000;;,
      3;4;-0.707107, 0.707107, 0.000000, 0.000000;;,
      4;4;-0.707107, 0.707107, 0.000000, 0.000000;;,
      5;4;-0.707107, 0.707107, 0.000000, 0.000000;;,
      6;4;-0.707107, 0.707107, 0.000000, 0.000000;;,
      7;4;-0.707107, 0.707107, 0.000000, 0.000000;;,
      8;4;-0.707107, 0.707107, 0.000000, 0.000000;;,
      9;4;-0.707107, 0.707107, 0.000000, 0.000000;;,
      10;4;-0.707107, 0.707107, 0.000000, 0.000000;;,
      11;4;-0.707107, 0.707107, 0.000000, 0.000000;;,
      12;4;-0.707107, 0.707107, 0.000000, 0.000000;;,
      13;4;-0.707107, 0.707107, 0.000000, 0.000000;;,
      14;4;-0.707107, 0.707107, 0.000000, 0.000000;;,
      15;4;-0.707107, 0.707107, 0.000000, 0.000000;;,
      16;4;-0.707107, 0.707107, 0.000000, 0.000000;;,
      17;4;-0.707107, 0.707107, 0.000000, 0.000000;;,
      18;4;-0.707107, 0.707107, 0.000000, 0.000000;;,
      19;4;-0.707107, 0.707107, 0.000000, 0.000000;;,
      20;4;-0.707107, 0.707107, 0.000000, 0.000000;;,
      21;4;-0.707107, 0.707107, 0.000000, 0.000000;;,
      22;4;-0.707107, 0.707107, 0.000000, 0.000000;;,
      23;4;-0.707107, 0.707107, 0.000000, 0.000000;;,
      24;4;-0.707107, 0.707107, 0.000000, 0.000000;;,
      25;4;-0.707107, 0.707107, 0.000000, 0.000000;;,
      26;4;-0.707107, 0.707107, 0.000000, 0.000000;;,
      27;4;-0.707107, 0.707107, 0.000000, 0.000000;;,
      28;4;-0.707107, 0.707107, 0.000000, 0.000000;;,
      29;4;-0.707107, 0.707107, 0.000000, 0.000000;;;
    }
    AnimationKey { // Scale
      1;
      30;
      0;3; 1.000000, 1.000000, 1.000000;;,
      1;3; 1.000000, 1.000000, 1.000000;;,
      2;3; 1.000000, 1.000000, 1.000000;;,
      3;3; 1.000000, 1.000000, 1.000000;;,
      4;3; 1.000000, 1.000000, 1.000000;;,
      5;3; 1.000000, 1.000000, 1.000000;;,
      6;3; 1.000000, 1.000000, 1.000000;;,
      7;3; 1.000000, 1.000000, 1.000000;;,
      8;3; 1.000000, 1.000000, 1.000000;;,
      9;3; 1.000000, 1.000000, 1.000000;;,
      10;3; 1.000000, 1.000000, 1.000000;;,
      11;3; 1.000000, 1.000000, 1.000000;;,
      12;3; 1.000000, 1.000000, 1.000000;;,
      13;3; 1.000000, 1.000000, 1.000000;;,
      14;3; 1.000000, 1.000000, 1.000000;;,
      15;3; 1.000000, 1.000000, 1.000000;;,
      16;3; 1.000000, 1.000000, 1.000000;;,
      17;3; 1.000000, 1.000000, 1.000000;;,
      18;3; 1.000000, 1.000000, 1.000000;;,
      19;3; 1.000000, 1.000000, 1.000000;;,
      20;3; 1.000000, 1.000000, 1.000000;;,
      21;3; 1.000000, 1.000000, 1.000000;;,
      22;3; 1.000000, 1.000000, 1.000000;;,
      23;3; 1.000000, 1.000000, 1.000000;;,
      24;3; 1.000000, 1.000000, 1.000000;;,
      25;3; 1.000000, 1.000000, 1.000000;;,
      26;3; 1.000000, 1.000000, 1.000000;;,
      27;3; 1.000000, 1.000000, 1.000000;;,
      28;3; 1.000000, 1.000000, 1.000000;;,
      29;3; 1.000000, 1.000000, 1.000000;;;
    }
    AnimationKey { // Position
      2;
      30;
      0;3; 0.000000, 0.000000, 0.000000;;,
      1;3; 0.000000, 0.000000, 0.000000;;,
      2;3; 0.000000, 0.000000, 0.000000;;,
      3;3; 0.000000, 0.000000, 0.000000;;,
      4;3; 0.000000, 0.000000, 0.000000;;,
      5;3; 0.000000, 0.000000, 0.000000;;,
      6;3; 0.000000, 0.000000, 0.000000;;,
      7;3; 0.000000, 0.000000, 0.000000;;,
      8;3; 0.000000, 0.000000, 0.000000;;,
      9;3; 0.000000, 0.000000, 0.000000;;,
      10;3; 0.000000, 0.000000, 0.000000;;,
      11;3; 0.000000, 0.000000, 0.000000;;,
      12;3; 0.000000, 0.000000, 0.000000;;,
      13;3; 0.000000, 0.000000, 0.000000;;,
      14;3; 0.000000, 0.000000, 0.000000;;,
      15;3; 0.000000, 0.000000, 0.000000;;,
      16;3; 0.000000, 0.000000, 0.000000;;,
      17;3; 0.000000, 0.000000, 0.000000;;,
      18;3; 0.000000, 0.000000, 0.000000;;,
      19;3; 0.000000, 0.000000, 0.000000;;,
      20;3; 0.000000, 0.000000, 0.000000;;,
      21;3; 0.000000, 0.000000, 0.000000;;,
      22;3; 0.000000, 0.000000, 0.000000;;,
      23;3; 0.000000, 0.000000, 0.000000;;,
      24;3; 0.000000, 0.000000, 0.000000;;,
      25;3; 0.000000, 0.000000, 0.000000;;,
      26;3; 0.000000, 0.000000, 0.000000;;,
      27;3; 0.000000, 0.000000, 0.000000;;,
      28;3; 0.000000, 0.000000, 0.000000;;,
      29;3; 0.000000, 0.000000, 0.000000;;;
    }
  }
  Animation {
    {Armature_mixamorig_Hips}
    AnimationKey { // Rotation
      0;
      30;
      0;4;-0.929647,-0.037495,-0.366385,-0.010669;;,
      1;4;-0.929730,-0.034151,-0.366496,-0.010828;;,
      2;4;-0.929698,-0.029087,-0.367055,-0.009308;;,
      3;4;-0.929306,-0.021328,-0.368643,-0.006194;;,
      4;4;-0.927978,-0.009864,-0.372499,-0.001933;;,
      5;4;-0.925344, 0.005735,-0.379072, 0.003158;;,
      6;4;-0.921471, 0.024907,-0.387548, 0.008844;;,
      7;4;-0.916583, 0.046320,-0.396884, 0.014621;;,
      8;4;-0.910714, 0.068741,-0.406790, 0.019928;;,
      9;4;-0.903860, 0.091528,-0.417199, 0.024585;;,
      10;4;-0.896412, 0.114117,-0.427306, 0.028848;;,
      11;4;-0.889324, 0.135176,-0.435579, 0.033166;;,
      12;4;-0.883916, 0.152248,-0.440518, 0.038164;;,
      13;4;-0.881130, 0.162792,-0.441715, 0.044691;;,
      14;4;-0.880667, 0.166135,-0.440465, 0.053056;;,
      15;4;-0.881261, 0.163937,-0.438928, 0.062012;;,
      16;4;-0.882121, 0.158140,-0.438312, 0.068829;;,
      17;4;-0.883776, 0.148784,-0.437875, 0.071197;;,
      18;4;-0.887108, 0.134703,-0.436126, 0.068470;;,
      19;4;-0.892151, 0.115507,-0.432429, 0.061070;;,
      20;4;-0.897946, 0.092862,-0.427191, 0.050773;;,
      21;4;-0.903437, 0.070188,-0.420925, 0.041207;;,
      22;4;-0.908969, 0.049067,-0.412563, 0.034063;;,
      23;4;-0.915056, 0.030459,-0.401179, 0.028281;;,
      24;4;-0.921502, 0.013253,-0.387546, 0.021602;;,
      25;4;-0.927347,-0.004610,-0.373923, 0.013688;;,
      26;4;-0.931839,-0.026051,-0.361887, 0.005885;;,
      27;4;-0.934816,-0.052102,-0.351290,-0.000691;;,
      28;4;-0.936532,-0.078932,-0.341539,-0.005337;;,
      29;4;-0.937185,-0.100333,-0.334003,-0.007681;;;
    }
    AnimationKey { // Scale
      1;
      30;
      0;3; 1.000000, 1.000000, 1.000000;;,
      1;3; 1.000000, 1.000000, 1.000000;;,
      2;3; 1.000000, 1.000000, 1.000000;;,
      3;3; 1.000000, 1.000000, 1.000000;;,
      4;3; 1.000000, 1.000000, 1.000000;;,
      5;3; 1.000000, 1.000000, 1.000000;;,
      6;3; 1.000000, 1.000000, 1.000000;;,
      7;3; 1.000000, 1.000000, 1.000000;;,
      8;3; 1.000000, 1.000000, 1.000000;;,
      9;3; 1.000000, 1.000000, 1.000000;;,
      10;3; 1.000000, 1.000000, 1.000000;;,
      11;3; 1.000000, 1.000000, 1.000000;;,
      12;3; 1.000000, 1.000000, 1.000000;;,
      13;3; 1.000000, 1.000000, 1.000000;;,
      14;3; 1.000000, 1.000000, 1.000000;;,
      15;3; 1.000000, 1.000000, 1.000000;;,
      16;3; 1.000000, 1.000000, 1.000000;;,
      17;3; 1.000000, 1.000000, 1.000000;;,
      18;3; 1.000000, 1.000000, 1.000000;;,
      19;3; 1.000000, 1.000000, 1.000000;;,
      20;3; 1.000000, 1.000000, 1.000000;;,
      21;3; 1.000000, 1.000000, 1.000000;;,
      22;3; 1.000000, 1.000000, 1.000000;;,
      23;3; 1.000000, 1.000000, 1.000000;;,
      24;3; 1.000000, 1.000000, 1.000000;;,
      25;3; 1.000000, 1.000000, 1.000000;;,
      26;3; 1.000000, 1.000000, 1.000000;;,
      27;3; 1.000000, 1.000000, 1.000000;;,
      28;3; 1.000000, 1.000000, 1.000000;;,
      29;3; 1.000000, 1.000000, 1.000000;;;
    }
    AnimationKey { // Position
      2;
      30;
      0;3; 0.003657, 0.996918,-0.012873;;,
      1;3; 0.004734, 0.997244,-0.012944;;,
      2;3; 0.008040, 0.995971,-0.013840;;,
      3;3; 0.013876, 0.992405,-0.015647;;,
      4;3; 0.021827, 0.985948,-0.018148;;,
      5;3; 0.031212, 0.976120,-0.021131;;,
      6;3; 0.041718, 0.962438,-0.024526;;,
      7;3; 0.053372, 0.944432,-0.028325;;,
      8;3; 0.066001, 0.921893,-0.032472;;,
      9;3; 0.078918, 0.894863,-0.036858;;,
      10;3; 0.091312, 0.863536,-0.041345;;,
      11;3; 0.102759, 0.828468,-0.045701;;,
      12;3; 0.113208, 0.790662,-0.049550;;,
      13;3; 0.122542, 0.751497,-0.052448;;,
      14;3; 0.130236, 0.712956,-0.054006;;,
      15;3; 0.135593, 0.677394,-0.054151;;,
      16;3; 0.138318, 0.647069,-0.053292;;,
      17;3; 0.138667, 0.623436,-0.052102;;,
      18;3; 0.136988, 0.606792,-0.051073;;,
      19;3; 0.133285, 0.597195,-0.050169;;,
      20;3; 0.127201, 0.595704,-0.049109;;,
      21;3; 0.118347, 0.603220,-0.048451;;,
      22;3; 0.106423, 0.620343,-0.049024;;,
      23;3; 0.092580, 0.645852,-0.051249;;,
      24;3; 0.077583, 0.678347,-0.054626;;,
      25;3; 0.061329, 0.717341,-0.057867;;,
      26;3; 0.043419, 0.762959,-0.059452;;,
      27;3; 0.023670, 0.815354,-0.058189;;,
      28;3; 0.002331, 0.875036,-0.053591;;,
      29;3;-0.020130, 0.942136,-0.046081;;;
    }
  }
  Animation {
    {Armature_mixamorig_Spine}
    AnimationKey { // Rotation
      0;
      30;
      0;4;-0.998930,-0.021257, 0.040189,-0.008481;;,
      1;4;-0.998966,-0.021403, 0.039171,-0.008640;;,
      2;4;-0.999040,-0.021190, 0.037338,-0.008770;;,
      3;4;-0.999132,-0.020662, 0.035084,-0.008834;;,
      4;4;-0.999221,-0.019971, 0.032885,-0.008822;;,
      5;4;-0.999296,-0.019286, 0.030961,-0.008762;;,
      6;4;-0.999366,-0.018549, 0.029173,-0.008564;;,
      7;4;-0.999441,-0.017499, 0.027321,-0.008077;;,
      8;4;-0.999525,-0.016000, 0.025301,-0.007310;;,
      9;4;-0.999614,-0.014220, 0.022966,-0.006451;;,
      10;4;-0.999706,-0.012382, 0.020041,-0.005669;;,
      11;4;-0.999800,-0.010428, 0.016339,-0.005007;;,
      12;4;-0.999886,-0.008048, 0.012014,-0.004400;;,
      13;4;-0.999952,-0.005042, 0.007536,-0.003814;;,
      14;4;-0.999987,-0.001712, 0.003536,-0.003368;;,
      15;4;-0.999994, 0.001252, 0.000587,-0.003256;;,
      16;4;-0.999988, 0.003374,-0.001165,-0.003467;;,
      17;4;-0.999979, 0.004803,-0.002259,-0.003770;;,
      18;4;-0.999969, 0.006021,-0.003326,-0.003874;;,
      19;4;-0.999958, 0.007300,-0.004299,-0.003513;;,
      20;4;-0.999952, 0.008190,-0.004460,-0.002851;;,
      21;4;-0.999962, 0.007669,-0.003327,-0.002508;;,
      22;4;-0.999982, 0.005167,-0.001322,-0.002800;;,
      23;4;-0.999994, 0.001379, 0.000266,-0.003297;;,
      24;4;-0.999991,-0.002508, 0.000883,-0.003435;;,
      25;4;-0.999978,-0.005600, 0.001267,-0.003176;;,
      26;4;-0.999964,-0.007543, 0.002507,-0.003095;;,
      27;4;-0.999942,-0.008830, 0.004939,-0.003628;;,
      28;4;-0.999898,-0.010762, 0.008089,-0.004675;;,
      29;4;-0.999815,-0.014411, 0.011259,-0.005960;;;
    }
    AnimationKey { // Scale
      1;
      30;
