xof 0303txt 0032

Frame Root {
  FrameTransformMatrix {
     1.000000, 0.000000, 0.000000, 0.000000,
     0.000000,-0.000000,-1.000000, 0.000000,
     0.000000, 1.000000,-0.000000, 0.000000,
     0.000000, 0.000000, 0.000000, 1.000000;;
  }
  Frame Armature {
    FrameTransformMatrix {
       1.000000, 0.000000, 0.000000, 0.000000,
       0.000000,-0.000000, 1.000000, 0.000000,
       0.000000,-1.000000,-0.000000, 0.000000,
       0.000000, 0.000000, 0.000000, 1.000000;;
    }
    Frame Armature_mixamorig_Hips {
      FrameTransformMatrix {
         0.953776, 0.052053, 0.295975, 0.000000,
        -0.039312, 0.998033,-0.048844, 0.000000,
        -0.297935, 0.034951, 0.953946, 0.000000,
        -0.049716, 1.084639, 0.054587, 1.000000;;
      }
      Frame Armature_mixamorig_LeftUpLeg {
        FrameTransformMatrix {
          -0.998077,-0.061368,-0.008748, 0.000000,
           0.052125,-0.907248, 0.417352, 0.000000,
          -0.033549, 0.416095, 0.908700, 0.000000,
           0.125300,-0.064400, 0.000000, 1.000000;;
        }
        Frame Armature_mixamorig_LeftLeg {
          FrameTransformMatrix {
             0.885243,-0.151985,-0.439597, 0.000000,
            -0.041632, 0.915424,-0.400332, 0.000000,
             0.463263, 0.372692, 0.804045, 0.000000,
            -0.000000, 0.468500,-0.000000, 1.000000;;
          }
          Frame Armature_mixamorig_LeftFoot {
            FrameTransformMatrix {
               0.964291,-0.260167, 0.049564, 0.000000,
               0.124115, 0.609235, 0.783216, 0.000000,
              -0.233963,-0.749096, 0.619771, 0.000000,
              -0.000000, 0.427200,-0.000000, 1.000000;;
            }
            Frame Armature_mixamorig_LeftToeBase {
              FrameTransformMatrix {
                 0.980850, 0.008652, 0.194575, 0.000000,
                -0.099113, 0.882161, 0.460400, 0.000000,
                -0.167663,-0.470868, 0.866125, 0.000000,
                 0.000000, 0.228901, 0.000000, 1.000000;;
              }
              Frame Armature_mixamorig_LeftToe_End {
                FrameTransformMatrix {
                   1.000000, 0.000000, 0.000000, 0.000000,
                  -0.000000, 1.000000, 0.000000, 0.000000,
                   0.000000,-0.000000, 1.000000, 0.000000,
                   0.000000, 0.092100,-0.000000, 1.000000;;
                }
              } // End of Armature_mixamorig_LeftToe_End
            } // End of Armature_mixamorig_LeftToeBase
          } // End of Armature_mixamorig_LeftFoot
        } // End of Armature_mixamorig_LeftLeg
      } // End of Armature_mixamorig_LeftUpLeg
      Frame Armature_mixamorig_RightUpLeg {
        FrameTransformMatrix {
          -0.748618, 0.425825,-0.508178, 0.000000,
          -0.410674,-0.899559,-0.148800, 0.000000,
          -0.520498, 0.097301, 0.848302, 0.000000,
          -0.125300,-0.064400,-0.000500, 1.000000;;
        }
        Frame Armature_mixamorig_RightLeg {
          FrameTransformMatrix {
             0.964665,-0.008874,-0.263329, 0.000000,
            -0.189247, 0.672042,-0.715922, 0.000000,
             0.183321, 0.740460, 0.646617, 0.000000,
             0.000000, 0.467700,-0.000000, 1.000000;;
          }
          Frame Armature_mixamorig_RightFoot {
            FrameTransformMatrix {
               0.944855, 0.324678,-0.042818, 0.000000,
              -0.113234, 0.446574, 0.887552, 0.000000,
               0.307290,-0.833760, 0.458713, 0.000000,
              -0.000000, 0.427200, 0.000000, 1.000000;;
            }
            Frame Armature_mixamorig_RightToeBase {
              FrameTransformMatrix {
                 0.979462,-0.015784,-0.201010, 0.000000,
                 0.105483, 0.889735, 0.444123, 0.000000,
                 0.171836,-0.456205, 0.873127, 0.000000,
                -0.000000, 0.232200,-0.000000, 1.000000;;
              }
              Frame Armature_mixamorig_RightToe_End {
                FrameTransformMatrix {
                   1.000000,-0.000000,-0.000000, 0.000000,
                   0.000000, 1.000000,-0.000000, 0.000000,
                   0.000000, 0.000000, 1.000000, 0.000000,
                  -0.000000, 0.092100,-0.000000, 1.000000;;
                }
              } // End of Armature_mixamorig_RightToe_End
            } // End of Armature_mixamorig_RightToeBase
          } // End of Armature_mixamorig_RightFoot
        } // End of Armature_mixamorig_RightLeg
      } // End of Armature_mixamorig_RightUpLeg
      Frame Armature_mixamorig_Spine {
        FrameTransformMatrix {
           0.999935,-0.008553, 0.007531, 0.000000,
           0.008929, 0.998638,-0.051396, 0.000000,
          -0.007081, 0.051460, 0.998650, 0.000000,
           0.000000, 0.115900,-0.016800, 1.000000;;
        }
        Frame Armature_mixamorig_Spine1 {
          FrameTransformMatrix {
             0.999836,-0.017890, 0.002735, 0.000000,
             0.017084, 0.982856, 0.183580, 0.000000,
            -0.005973,-0.183503, 0.983001, 0.000000,
             0.000000, 0.136600, 0.000000, 1.000000;;
          }
          Frame Armature_mixamorig_Spine2 {
            FrameTransformMatrix {
               0.999836,-0.017890, 0.002735, 0.000000,
               0.017084, 0.982856, 0.183580, 0.000000,
              -0.005973,-0.183503, 0.983001, 0.000000,
               0.000000, 0.156100,-0.000000, 1.000000;;
            }
            Frame Armature_mixamorig_LeftShoulder {
              FrameTransformMatrix {
                -0.010953,-0.062163,-0.998006, 0.000000,
                 0.898753,-0.438110, 0.017425, 0.000000,
                -0.438319,-0.896770, 0.060667, 0.000000,
                 0.074900, 0.140000,-0.005500, 1.000000;;
              }
              Frame Armature_mixamorig_LeftArm {
                FrameTransformMatrix {
                   0.513695, 0.773727, 0.370761, 0.000000,
                  -0.559159, 0.629670,-0.539312, 0.000000,
                  -0.650737, 0.069728, 0.756095, 0.000000,
                   0.000000, 0.167200, 0.000000, 1.000000;;
                }
                Frame Armature_mixamorig_LeftForeArm {
                  FrameTransformMatrix {
                     0.874436, 0.389612,-0.289076, 0.000000,
                    -0.321983, 0.911783, 0.254911, 0.000000,
                     0.362891,-0.129826, 0.922744, 0.000000,
                     0.000000, 0.222500, 0.000000, 1.000000;;
                  }
                  Frame Armature_mixamorig_LeftHand {
                    FrameTransformMatrix {
                       0.940490, 0.013583,-0.339549, 0.000000,
                      -0.175018, 0.875848,-0.449731, 0.000000,
                       0.291285, 0.482395, 0.826104, 0.000000,
                       0.000000, 0.264700, 0.000000, 1.000000;;
                    }
                    Frame Armature_mixamorig_LeftHandIndex1 {
                      FrameTransformMatrix {
                         0.954233, 0.298927, 0.009031, 0.000000,
                        -0.299013, 0.953077, 0.047293, 0.000000,
                         0.005530,-0.047829, 0.998840, 0.000000,
                        -0.033700, 0.119900, 0.001000, 1.000000;;
                      }
                      Frame Armature_mixamorig_LeftHandIndex2 {
                        FrameTransformMatrix {
                           0.999959,-0.009096,-0.000376, 0.000000,
                           0.008831, 0.959153, 0.282750, 0.000000,
                          -0.002212,-0.282742, 0.959194, 0.000000,
                          -0.000100, 0.036300,-0.000000, 1.000000;;
                        }
                        Frame Armature_mixamorig_LeftHandIndex3 {
                          FrameTransformMatrix {
                             0.999994, 0.003390,-0.000163, 0.000000,
                            -0.003390, 0.999994,-0.000001, 0.000000,
                             0.000163, 0.000002, 1.000000, 0.000000,
                             0.000000, 0.034900,-0.000000, 1.000000;;
                          }
                          Frame Armature_mixamorig_LeftHandIndex4 {
                            FrameTransformMatrix {
                               1.000000, 0.000000,-0.000000, 0.000000,
                              -0.000000, 1.000000,-0.000000, 0.000000,
                              -0.000000,-0.000000, 1.000000, 0.000000,
                               0.000100, 0.029500,-0.000000, 1.000000;;
                            }
                          } // End of Armature_mixamorig_LeftHandIndex4
                        } // End of Armature_mixamorig_LeftHandIndex3
                      } // End of Armature_mixamorig_LeftHandIndex2
                    } // End of Armature_mixamorig_LeftHandIndex1
                    Frame Armature_mixamorig_LeftHandMiddle1 {
                      FrameTransformMatrix {
                         0.998551, 0.035852,-0.040141, 0.000000,
                        -0.034375, 0.998728, 0.036901, 0.000000,
                         0.041413,-0.035467, 0.998513, 0.000000,
                        -0.010400, 0.123900,-0.000800, 1.000000;;
                      }
                      Frame Armature_mixamorig_LeftHandMiddle2 {
                        FrameTransformMatrix {
                           0.999901, 0.013803, 0.002562, 0.000000,
                          -0.014039, 0.982370, 0.186417, 0.000000,
                           0.000057,-0.186435, 0.982467, 0.000000,
                          -0.000100, 0.037200,-0.000000, 1.000000;;
                        }
                        Frame Armature_mixamorig_LeftHandMiddle3 {
                          FrameTransformMatrix {
                             1.000000, 0.000451,-0.000001, 0.000000,
                            -0.000451, 1.000000,-0.000000, 0.000000,
                             0.000001, 0.000000, 1.000000, 0.000000,
                             0.000100, 0.035100, 0.000000, 1.000000;;
                          }
                          Frame Armature_mixamorig_LeftHandMiddle4 {
                            FrameTransformMatrix {
                               1.000000,-0.000000,-0.000000, 0.000000,
                               0.000000, 1.000000,-0.000000, 0.000000,
                               0.000000, 0.000000, 1.000000, 0.000000,
                               0.000100, 0.030300, 0.000000, 1.000000;;
                            }
                          } // End of Armature_mixamorig_LeftHandMiddle4
                        } // End of Armature_mixamorig_LeftHandMiddle3
                      } // End of Armature_mixamorig_LeftHandMiddle2
                    } // End of Armature_mixamorig_LeftHandMiddle1
                    Frame Armature_mixamorig_LeftHandPinky1 {
                      FrameTransformMatrix {
                         0.964292,-0.259420,-0.053322, 0.000000,
                         0.264628, 0.935667, 0.233453, 0.000000,
                        -0.010670,-0.239227, 0.970905, 0.000000,
                         0.031000, 0.107500, 0.000700, 1.000000;;
                      }
                      Frame Armature_mixamorig_LeftHandPinky2 {
                        FrameTransformMatrix {
                           0.996256, 0.086148, 0.007315, 0.000000,
                          -0.083533, 0.937286, 0.338404, 0.000000,
                           0.022297,-0.337748, 0.940972, 0.000000,
                          -0.000000, 0.028500,-0.000000, 1.000000;;
                        }
                        Frame Armature_mixamorig_LeftHandPinky3 {
                          FrameTransformMatrix {
                             0.999988,-0.004831,-0.000625, 0.000000,
                             0.004831, 0.999988,-0.000004, 0.000000,
                             0.000625, 0.000001, 1.000000, 0.000000,
                             0.000000, 0.024000,-0.000000, 1.000000;;
                          }
                          Frame Armature_mixamorig_LeftHandPinky4 {
                            FrameTransformMatrix {
                               1.000000,-0.000000,-0.000000, 0.000000,
                              -0.000000, 1.000000, 0.000000, 0.000000,
                               0.000000, 0.000000, 1.000000, 0.000000,
                              -0.000100, 0.020700,-0.000000, 1.000000;;
                            }
                          } // End of Armature_mixamorig_LeftHandPinky4
                        } // End of Armature_mixamorig_LeftHandPinky3
                      } // End of Armature_mixamorig_LeftHandPinky2
                    } // End of Armature_mixamorig_LeftHandPinky1
                    Frame Armature_mixamorig_LeftHandRing1 {
                      FrameTransformMatrix {
                         0.985004,-0.167380,-0.041841, 0.000000,
                         0.172447, 0.962694, 0.208523, 0.000000,
                         0.005378,-0.212612, 0.977122, 0.000000,
                         0.013100, 0.116600,-0.000200, 1.000000;;
                      }
                      Frame Armature_mixamorig_LeftHandRing2 {
                        FrameTransformMatrix {
                           0.999512, 0.031126, 0.002627, 0.000000,
                          -0.030848, 0.970334, 0.239794, 0.000000,
                           0.004914,-0.239758, 0.970820, 0.000000,
                          -0.000100, 0.035000, 0.000000, 1.000000;;
                        }
                        Frame Armature_mixamorig_LeftHandRing3 {
                          FrameTransformMatrix {
                             1.000000, 0.000000,-0.000000, 0.000000,
                             0.000000, 1.000000, 0.000000, 0.000000,
                             0.000000,-0.000000, 1.000000, 0.000000,
                             0.000000, 0.034400, 0.000000, 1.000000;;
                          }
                          Frame Armature_mixamorig_LeftHandRing4 {
                            FrameTransformMatrix {
                               1.000000, 0.000000, 0.000000, 0.000000,
                               0.000000, 1.000000, 0.000000, 0.000000,
                               0.000000, 0.000000, 1.000000, 0.000000,
                              -0.000000, 0.029800, 0.000000, 1.000000;;
                            }
                          } // End of Armature_mixamorig_LeftHandRing4
                        } // End of Armature_mixamorig_LeftHandRing3
                      } // End of Armature_mixamorig_LeftHandRing2
                    } // End of Armature_mixamorig_LeftHandRing1
                    Frame Armature_mixamorig_LeftHandThumb1 {
                      FrameTransformMatrix {
                         0.733579, 0.679428, 0.015459, 0.000000,
                        -0.566832, 0.599144, 0.565445, 0.000000,
                         0.374917,-0.423562, 0.824641, 0.000000,
                        -0.035000, 0.038900, 0.009500, 1.000000;;
                      }
                      Frame Armature_mixamorig_LeftHandThumb2 {
                        FrameTransformMatrix {
                           0.999316,-0.036944, 0.001509, 0.000000,
                           0.036962, 0.999209,-0.014657, 0.000000,
                          -0.000966, 0.014703, 0.999891, 0.000000,
                          -0.000600, 0.042600,-0.000000, 1.000000;;
                        }
                        Frame Armature_mixamorig_LeftHandThumb3 {
                          FrameTransformMatrix {
                             0.992568, 0.121683, 0.001672, 0.000000,
                            -0.121682, 0.992569,-0.000123, 0.000000,
                            -0.001675,-0.000082, 0.999999, 0.000000,
                            -0.002100, 0.042700, 0.000000, 1.000000;;
                          }
                          Frame Armature_mixamorig_LeftHandThumb4 {
                            FrameTransformMatrix {
                               1.000000, 0.000000, 0.000000, 0.000000,
                               0.000000, 1.000000,-0.000000, 0.000000,
                              -0.000000, 0.000000, 1.000000, 0.000000,
                               0.002700, 0.037000, 0.000000, 1.000000;;
                            }
                          } // End of Armature_mixamorig_LeftHandThumb4
                        } // End of Armature_mixamorig_LeftHandThumb3
                      } // End of Armature_mixamorig_LeftHandThumb2
                    } // End of Armature_mixamorig_LeftHandThumb1
                  } // End of Armature_mixamorig_LeftHand
                } // End of Armature_mixamorig_LeftForeArm
              } // End of Armature_mixamorig_LeftArm
            } // End of Armature_mixamorig_LeftShoulder
            Frame Armature_mixamorig_Neck {
              FrameTransformMatrix {
                 0.998517,-0.025308,-0.048203, 0.000000,
                 0.027710, 0.998374, 0.049825, 0.000000,
                 0.046863,-0.051087, 0.997594, 0.000000,
                -0.000000, 0.175600, 0.000000, 1.000000;;
              }
              Frame Armature_mixamorig_Head {
                FrameTransformMatrix {
                   0.976803, 0.116958,-0.179380, 0.000000,
                  -0.038604, 0.920125, 0.389718, 0.000000,
                   0.210633,-0.373753, 0.903296, 0.000000,
                   0.000000, 0.090200, 0.041700, 1.000000;;
                }
                Frame Armature_mixamorig_HeadTop_End {
                  FrameTransformMatrix {
                     1.000000, 0.000000, 0.000000, 0.000000,
                    -0.000000, 1.000000, 0.000000, 0.000000,
                     0.000000, 0.000000, 1.000000, 0.000000,
                    -0.000000, 0.226500, 0.104700, 1.000000;;
                  }
                } // End of Armature_mixamorig_HeadTop_End
              } // End of Armature_mixamorig_Head
            } // End of Armature_mixamorig_Neck
            Frame Armature_mixamorig_RightShoulder {
              FrameTransformMatrix {
                -0.181466, 0.041895, 0.982504, 0.000000,
                -0.886669,-0.439067,-0.145043, 0.000000,
                 0.425309,-0.897477, 0.116823, 0.000000,
                -0.074900, 0.139900,-0.004800, 1.000000;;
              }
              Frame Armature_mixamorig_RightArm {
                FrameTransformMatrix {
                   0.956303, 0.241357,-0.165020, 0.000000,
                  -0.255563, 0.964198,-0.070775, 0.000000,
                   0.142030, 0.109855, 0.983748, 0.000000,
                   0.000000, 0.167200, 0.000000, 1.000000;;
                }
                Frame Armature_mixamorig_RightForeArm {
                  FrameTransformMatrix {
                     0.733341,-0.638184, 0.234375, 0.000000,
                     0.547158, 0.758635, 0.353683, 0.000000,
                    -0.403520,-0.131130, 0.905526, 0.000000,
                     0.000000, 0.222600,-0.000000, 1.000000;;
                  }
                  Frame Armature_mixamorig_RightHand {
                    FrameTransformMatrix {
                       0.967447, 0.048729, 0.248339, 0.000000,
                       0.181156, 0.551874,-0.814013, 0.000000,
                      -0.176718, 0.832503, 0.525081, 0.000000,
                       0.000000, 0.266200, 0.000000, 1.000000;;
                    }
                    Frame Armature_mixamorig_RightHandIndex1 {
                      FrameTransformMatrix {
                         0.978042,-0.208081,-0.011667, 0.000000,
                         0.208407, 0.976303, 0.058295, 0.000000,
                        -0.000740,-0.059447, 0.998231, 0.000000,
                         0.033400, 0.116100, 0.000800, 1.000000;;
                      }
                      Frame Armature_mixamorig_RightHandIndex2 {
                        FrameTransformMatrix {
                           0.999935, 0.011345, 0.001350, 0.000000,
                          -0.011245, 0.956416, 0.291791, 0.000000,
                           0.002020,-0.291788, 0.956481, 0.000000,
                          -0.000000, 0.037600,-0.000000, 1.000000;;
                        }
                        Frame Armature_mixamorig_RightHandIndex3 {
                          FrameTransformMatrix {
                             0.999995, 0.003215, 0.000146, 0.000000,
                            -0.003215, 0.999995, 0.000001, 0.000000,
                            -0.000146,-0.000002, 1.000000, 0.000000,
                            -0.000000, 0.035900,-0.000000, 1.000000;;
                          }
                          Frame Armature_mixamorig_RightHandIndex4 {
                            FrameTransformMatrix {
                               1.000000,-0.000000,-0.000000, 0.000000,
                               0.000000, 1.000000,-0.000000, 0.000000,
                              -0.000000,-0.000000, 1.000000, 0.000000,
                               0.000100, 0.031100, 0.000000, 1.000000;;
                            }
                          } // End of Armature_mixamorig_RightHandIndex4
                        } // End of Armature_mixamorig_RightHandIndex3
                      } // End of Armature_mixamorig_RightHandIndex2
                    } // End of Armature_mixamorig_RightHandIndex1
                    Frame Armature_mixamorig_RightHandMiddle1 {
                      FrameTransformMatrix {
                         0.999620,-0.027556,-0.000710, 0.000000,
                         0.027536, 0.997009, 0.072203, 0.000000,
                        -0.001282,-0.072195, 0.997390, 0.000000,
                         0.011100, 0.122300,-0.000700, 1.000000;;
                      }
                      Frame Armature_mixamorig_RightHandMiddle2 {
                        FrameTransformMatrix {
                           0.999421,-0.032994,-0.008336, 0.000000,
                           0.033698, 0.925346, 0.377622, 0.000000,
                          -0.004746,-0.377685, 0.925922, 0.000000,
                           0.000100, 0.037700, 0.000000, 1.000000;;
                        }
                        Frame Armature_mixamorig_RightHandMiddle3 {
                          FrameTransformMatrix {
                             1.000000,-0.000430,-0.000024, 0.000000,
                             0.000430, 1.000000, 0.000000, 0.000000,
                             0.000024,-0.000000, 1.000000, 0.000000,
                            -0.000100, 0.035100, 0.000000, 1.000000;;
                          }
                          Frame Armature_mixamorig_RightHandMiddle4 {
                            FrameTransformMatrix {
                               1.000000, 0.000000, 0.000000, 0.000000,
                              -0.000000, 1.000000, 0.000000, 0.000000,
                               0.000000, 0.000000, 1.000000, 0.000000,
                              -0.000100, 0.030500,-0.000000, 1.000000;;
                            }
                          } // End of Armature_mixamorig_RightHandMiddle4
                        } // End of Armature_mixamorig_RightHandMiddle3
                      } // End of Armature_mixamorig_RightHandMiddle2
                    } // End of Armature_mixamorig_RightHandMiddle1
                    Frame Armature_mixamorig_RightHandPinky1 {
                      FrameTransformMatrix {
                         0.972926, 0.201102, 0.113898, 0.000000,
                        -0.218563, 0.960802, 0.170558, 0.000000,
                        -0.075134,-0.190834, 0.978743, 0.000000,
                        -0.031800, 0.104700, 0.002400, 1.000000;;
                      }
                      Frame Armature_mixamorig_RightHandPinky2 {
                        FrameTransformMatrix {
                           0.993696,-0.111650,-0.010103, 0.000000,
                           0.109872, 0.952034, 0.285586, 0.000000,
                          -0.022267,-0.284896, 0.958300, 0.000000,
                           0.000000, 0.028700, 0.000000, 1.000000;;
                        }
                        Frame Armature_mixamorig_RightHandPinky3 {
                          FrameTransformMatrix {
                             0.999987,-0.005128, 0.000319, 0.000000,
                             0.005128, 0.999987, 0.000000, 0.000000,
                            -0.000319, 0.000001, 1.000000, 0.000000,
                             0.000000, 0.024300, 0.000000, 1.000000;;
                          }
                          Frame Armature_mixamorig_RightHandPinky4 {
                            FrameTransformMatrix {
                               1.000000, 0.000000,-0.000000, 0.000000,
                               0.000000, 1.000000,-0.000000, 0.000000,
                               0.000000, 0.000000, 1.000000, 0.000000,
                              -0.000100, 0.019500, 0.000000, 1.000000;;
                            }
                          } // End of Armature_mixamorig_RightHandPinky4
                        } // End of Armature_mixamorig_RightHandPinky3
                      } // End of Armature_mixamorig_RightHandPinky2
                    } // End of Armature_mixamorig_RightHandPinky1
                    Frame Armature_mixamorig_RightHandRing1 {
                      FrameTransformMatrix {
                         0.997681, 0.060486, 0.031205, 0.000000,
                        -0.064310, 0.987883, 0.141252, 0.000000,
                        -0.022283,-0.142931, 0.989482, 0.000000,
                        -0.012700, 0.114700,-0.002300, 1.000000;;
                      }
                      Frame Armature_mixamorig_RightHandRing2 {
                        FrameTransformMatrix {
                           0.998731,-0.049725,-0.007985, 0.000000,
                           0.048596, 0.909879, 0.412018, 0.000000,
                          -0.013222,-0.411883, 0.911141, 0.000000,
                           0.000000, 0.036200,-0.000000, 1.000000;;
                        }
                        Frame Armature_mixamorig_RightHandRing3 {
                          FrameTransformMatrix {
                             0.999981, 0.006252, 0.000037, 0.000000,
                            -0.006252, 0.999981, 0.000003, 0.000000,
                            -0.000037,-0.000003, 1.000000, 0.000000,
                            -0.000100, 0.034400,-0.000000, 1.000000;;
                          }
                          Frame Armature_mixamorig_RightHandRing4 {
                            FrameTransformMatrix {
                               1.000000,-0.000000, 0.000000, 0.000000,
                              -0.000000, 1.000000, 0.000000, 0.000000,
                              -0.000000,-0.000000, 1.000000, 0.000000,
                               0.000100, 0.029900,-0.000000, 1.000000;;
                            }
                          } // End of Armature_mixamorig_RightHandRing4
                        } // End of Armature_mixamorig_RightHandRing3
                      } // End of Armature_mixamorig_RightHandRing2
                    } // End of Armature_mixamorig_RightHandRing1
                    Frame Armature_mixamorig_RightHandThumb1 {
                      FrameTransformMatrix {
                         0.703860,-0.686595,-0.182120, 0.000000,
                         0.703579, 0.638574, 0.311768, 0.000000,
                        -0.097762,-0.347577, 0.932541, 0.000000,
                         0.033800, 0.036700, 0.010800, 1.000000;;
                      }
                      Frame Armature_mixamorig_RightHandThumb2 {
                        FrameTransformMatrix {
                           0.984905, 0.173078,-0.002674, 0.000000,
                          -0.173094, 0.984878,-0.007318, 0.000000,
                           0.001367, 0.007670, 0.999970, 0.000000,
                           0.000600, 0.040800,-0.000000, 1.000000;;
                        }
                        Frame Armature_mixamorig_RightHandThumb3 {
                          FrameTransformMatrix {
                             0.985598,-0.169105, 0.000174, 0.000000,
                             0.169105, 0.985598, 0.000018, 0.000000,
                            -0.000175, 0.000011, 1.000000, 0.000000,
                             0.002900, 0.042400, 0.000000, 1.000000;;
                          }
                          Frame Armature_mixamorig_RightHandThumb4 {
                            FrameTransformMatrix {
                               1.000000, 0.000000, 0.000000, 0.000000,
                              -0.000000, 1.000000,-0.000000, 0.000000,
                               0.000000, 0.000000, 1.000000, 0.000000,
                              -0.003600, 0.035300, 0.000000, 1.000000;;
                            }
                          } // End of Armature_mixamorig_RightHandThumb4
                        } // End of Armature_mixamorig_RightHandThumb3
                      } // End of Armature_mixamorig_RightHandThumb2
                    } // End of Armature_mixamorig_RightHandThumb1
                  } // End of Armature_mixamorig_RightHand
                } // End of Armature_mixamorig_RightForeArm
              } // End of Armature_mixamorig_RightArm
            } // End of Armature_mixamorig_RightShoulder
          } // End of Armature_mixamorig_Spine2
        } // End of Armature_mixamorig_Spine1
      } // End of Armature_mixamorig_Spine
    } // End of Armature_mixamorig_Hips
  } // End of Armature
} // End of Root
AnimationSet Global {
  Animation {
    {Armature}
    AnimationKey { // Rotation
      0;
      2;
      0;4;-0.707107, 0.707107, 0.000000, 0.000000;;,
      1;4;-0.707107, 0.707107, 0.000000, 0.000000;;;
    }
    AnimationKey { // Scale
      1;
      2;
      0;3; 1.000000, 1.000000, 1.000000;;,
      1;3; 1.000000, 1.000000, 1.000000;;;
    }
    AnimationKey { // Position
      2;
      2;
      0;3; 0.000000, 0.000000, 0.000000;;,
      1;3; 0.000000, 0.000000, 0.000000;;;
    }
  }
  Animation {
    {Armature_mixamorig_Hips}
    AnimationKey { // Rotation
      0;
      2;
      0;4;-0.988149,-0.021200,-0.150258, 0.023115;;,
      1;4;-0.990939,-0.014359,-0.132284, 0.018270;;;
    }
    AnimationKey { // Scale
      1;
      2;
      0;3; 1.000000, 1.000000, 1.000000;;,
      1;3; 1.000000, 1.000000, 1.000000;;;
    }
    AnimationKey { // Position
      2;
      2;
      0;3;-0.049716, 1.084639, 0.054587;;,
      1;3;-0.051213, 1.014006, 0.057064;;;
    }
  }
  Animation {
    {Armature_mixamorig_Spine}
    AnimationKey { // Rotation
      0;
      2;
      0;4;-0.999653,-0.025723,-0.003654,-0.004372;;,
      1;4;-0.999635,-0.026372,-0.003248,-0.004890;;;
    }
    AnimationKey { // Scale
      1;
      2;
      0;3; 1.000000, 1.000000, 1.000000;;,
      1;3; 1.000000, 1.000000, 1.000000;;;
    }
    AnimationKey { // Position
      2;
      2;
      0;3; 0.000000, 0.115900,-0.016800;;,
      1;3;-0.000000, 0.115900,-0.016800;;;
    }
  }
  Animation {
    {Armature_mixamorig_Spine1}
    AnimationKey { // Rotation
      0;
      2;
      0;4;-0.995702, 0.092167,-0.002186,-0.008781;;,
      1;4;-0.995832, 0.090875,-0.001365,-0.007658;;;
    }
    AnimationKey { // Scale
      1;
      2;
      0;3; 1.000000, 1.000000, 1.000000;;,
      1;3; 1.000000, 1.000000, 1.000000;;;
    }
    AnimationKey { // Position
      2;
      2;
      0;3; 0.000000, 0.136600, 0.000000;;,
      1;3;-0.000000, 0.136600,-0.000000;;;
    }
  }
  Animation {
    {Armature_mixamorig_Spine2}
    AnimationKey { // Rotation
      0;
      2;
      0;4;-0.995703, 0.092167,-0.002186,-0.008781;;,
      1;4;-0.995832, 0.090875,-0.001365,-0.007658;;;
    }
    AnimationKey { // Scale
      1;
      2;
      0;3; 1.000000, 1.000000, 1.000000;;,
      1;3; 1.000000, 1.000000, 1.000000;;;
    }
    AnimationKey { // Position
      2;
      2;
      0;3; 0.000000, 0.156100,-0.000000;;,
      1;3; 0.000000, 0.156100,-0.000000;;;
    }
  }
  Animation {
    {Armature_mixamorig_Neck}
    AnimationKey { // Rotation
      0;
      2;
      0;4;-0.999310, 0.025245, 0.023783,-0.013264;;,
      1;4;-0.999642, 0.016551, 0.017287,-0.011935;;;
    }
    AnimationKey { // Scale
      1;
      2;
      0;3; 1.000000, 1.000000, 1.000000;;,
      1;3; 1.000000, 1.000000, 1.000000;;;
    }
    AnimationKey { // Position
      2;
      2;
      0;3;-0.000000, 0.175600, 0.000000;;,
      1;3;-0.000000, 0.175600, 0.000000;;;
    }
  }
  Animation {
    {Armature_mixamorig_Head}
    AnimationKey { // Rotation
      0;
      2;
      0;4;-0.974708, 0.195820, 0.100033, 0.039900;;,
      1;4;-0.975919, 0.194984, 0.085997, 0.046561;;;
    }
    AnimationKey { // Scale
      1;
      2;
      0;3; 1.000000, 1.000000, 1.000000;;,
      1;3; 1.000000, 1.000000, 1.000000;;;
    }
    AnimationKey { // Position
      2;
      2;
      0;3; 0.000000, 0.090200, 0.041700;;,
      1;3; 0.000000, 0.090200, 0.041700;;;
    }
  }
  Animation {
    {Armature_mixamorig_HeadTop_End}
    AnimationKey { // Rotation
      0;
      2;
      0;4;-1.000000,-0.000000, 0.000000, 0.000000;;,
      1;4;-1.000000,-0.000000, 0.000000,-0.000000;;;
    }
    AnimationKey { // Scale
      1;
      2;
      0;3; 1.000000, 1.000000, 1.000000;;,
      1;3; 1.000000, 1.000000, 1.000000;;;
    }
    AnimationKey { // Position
      2;
      2;
      0;3;-0.000000, 0.226500, 0.104700;;,
      1;3; 0.000000, 0.226500, 0.104700;;;
    }
  }
  Animation {
    {Armature_mixamorig_LeftShoulder}
    AnimationKey { // Rotation
      0;
      2;
      0;4;-0.391026, 0.584485, 0.357832,-0.614355;;,
      1;4;-0.390156, 0.591265, 0.352272,-0.611628;;;
    }
    AnimationKey { // Scale
      1;
      2;
      0;3; 1.000000, 1.000000, 1.000000;;,
      1;3; 1.000000, 1.000000, 1.000000;;;
    }
    AnimationKey { // Position
      2;
      2;
      0;3; 0.074900, 0.140000,-0.005500;;,
      1;3; 0.074900, 0.140000,-0.005500;;;
    }
  }
  Animation {
    {Armature_mixamorig_LeftArm}
    AnimationKey { // Rotation
      0;
      2;
      0;4;-0.851390,-0.178837,-0.299950, 0.391385;;,
      1;4;-0.842513,-0.146417,-0.302455, 0.421017;;;
    }
    AnimationKey { // Scale
      1;
      2;
      0;3; 1.000000, 1.000000, 1.000000;;,
      1;3; 1.000000, 1.000000, 1.000000;;;
    }
    AnimationKey { // Position
      2;
      2;
      0;3; 0.000000, 0.167200, 0.000000;;,
      1;3; 0.000000, 0.167200, 0.000000;;;
    }
  }
  Animation {
    {Armature_mixamorig_LeftForeArm}
    AnimationKey { // Rotation
      0;
      2;
      0;4;-0.962933, 0.099887, 0.169266, 0.184747;;,
      1;4;-0.965277, 0.089306, 0.176550, 0.170573;;;
    }
    AnimationKey { // Scale
      1;
      2;
      0;3; 1.000000, 1.000000, 1.000000;;,
      1;3; 1.000000, 1.000000, 1.000000;;;
    }
    AnimationKey { // Position
      2;
      2;
      0;3; 0.000000, 0.222500, 0.000000;;,
      1;3;-0.000000, 0.222500, 0.000000;;;
    }
  }
  Animation {
    {Armature_mixamorig_LeftHand}
    AnimationKey { // Rotation
      0;
      2;
      0;4;-0.954259,-0.244202, 0.165268, 0.049410;;,
      1;4;-0.950224,-0.243422, 0.184707, 0.060850;;;
    }
    AnimationKey { // Scale
      1;
      2;
      0;3; 1.000000, 1.000000, 1.000000;;,
      1;3; 1.000000, 1.000000, 1.000000;;;
    }
    AnimationKey { // Position
      2;
      2;
      0;3; 0.000000, 0.264700, 0.000000;;,
      1;3; 0.000000, 0.264700, 0.000000;;;
    }
  }
  Animation {
    {Armature_mixamorig_LeftHandThumb1}
    AnimationKey { // Rotation
      0;
      2;
      0;4;-0.888449, 0.278296, 0.101148, 0.350684;;,
      1;4;-0.886574, 0.278437, 0.099385, 0.355784;;;
    }
    AnimationKey { // Scale
      1;
      2;
      0;3; 1.000000, 1.000000, 1.000000;;,
      1;3; 1.000000, 1.000000, 1.000000;;;
    }
    AnimationKey { // Position
      2;
      2;
      0;3;-0.035000, 0.038900, 0.009500;;,
      1;3;-0.035000, 0.038900, 0.009500;;;
    }
  }
  Animation {
    {Armature_mixamorig_LeftHandThumb2}
    AnimationKey { // Rotation
      0;
      2;
      0;4;-0.999802,-0.007341,-0.000619,-0.018480;;,
      1;4;-0.999802,-0.007341,-0.000619,-0.018480;;;
    }
    AnimationKey { // Scale
      1;
      2;
      0;3; 1.000000, 1.000000, 1.000000;;,
      1;3; 1.000000, 1.000000, 1.000000;;;
    }
    AnimationKey { // Position
      2;
      2;
      0;3;-0.000600, 0.042600,-0.000000;;,
      1;3;-0.000600, 0.042600,-0.000000;;;
    }
  }
  Animation {
    {Armature_mixamorig_LeftHandThumb3}
    AnimationKey { // Rotation
      0;
      2;
      0;4;-0.998140,-0.000010,-0.000838, 0.060955;;,
      1;4;-0.998140,-0.000010,-0.000838, 0.060955;;;
    }
    AnimationKey { // Scale
      1;
      2;
      0;3; 1.000000, 1.000000, 1.000000;;,
      1;3; 1.000000, 1.000000, 1.000000;;;
    }
    AnimationKey { // Position
      2;
      2;
      0;3;-0.002100, 0.042700, 0.000000;;,
      1;3;-0.002100, 0.042700,-0.000000;;;
    }
  }
  Animation {
    {Armature_mixamorig_LeftHandThumb4}
    AnimationKey { // Rotation
      0;
      2;
      0;4;-1.000000,-0.000000,-0.000000,-0.000000;;,
      1;4;-1.000000,-0.000000,-0.000000,-0.000000;;;
    }
    AnimationKey { // Scale
      1;
      2;
      0;3; 1.000000, 1.000000, 1.000000;;,
      1;3; 1.000000, 1.000000, 1.000000;;;
    }
    AnimationKey { // Position
      2;
      2;
      0;3; 0.002700, 0.037000, 0.000000;;,
      1;3; 0.002700, 0.037000, 0.000000;;;
    }
  }
  Animation {
    {Armature_mixamorig_LeftHandIndex1}
    AnimationKey { // Rotation
      0;
      2;
      0;4;-0.988199, 0.024065,-0.000886, 0.151270;;,
      1;4;-0.987875, 0.023833,-0.000973, 0.153405;;;
    }
    AnimationKey { // Scale
      1;
      2;
      0;3; 1.000000, 1.000000, 1.000000;;,
      1;3; 1.000000, 1.000000, 1.000000;;;
    }
    AnimationKey { // Position
      2;
      2;
      0;3;-0.033700, 0.119900, 0.001000;;,
      1;3;-0.033700, 0.119900, 0.001000;;;
    }
  }
  Animation {
    {Armature_mixamorig_LeftHandIndex2}
    AnimationKey { // Rotation
      0;
      2;
      0;4;-0.989735, 0.142839,-0.000464,-0.004528;;,
      1;4;-0.989735, 0.142839,-0.000464,-0.004529;;;
    }
    AnimationKey { // Scale
      1;
      2;
      0;3; 1.000000, 1.000000, 1.000000;;,
      1;3; 1.000000, 1.000000, 1.000000;;;
    }
    AnimationKey { // Position
      2;
      2;
      0;3;-0.000100, 0.036300,-0.000000;;,
      1;3;-0.000100, 0.036300,-0.000000;;;
    }
  }
  Animation {
    {Armature_mixamorig_LeftHandIndex3}
    AnimationKey { // Rotation
      0;
      2;
      0;4;-0.999999,-0.000001, 0.000082, 0.001695;;,
      1;4;-0.999999,-0.000001, 0.000082, 0.001695;;;
    }
    AnimationKey { // Scale
      1;
      2;
      0;3; 1.000000, 1.000000, 1.000000;;,
      1;3; 1.000000, 1.000000, 1.000000;;;
    }
    AnimationKey { // Position
      2;
      2;
      0;3; 0.000000, 0.034900,-0.000000;;,
      1;3;-0.000000, 0.034900,-0.000000;;;
    }
  }
  Animation {
    {Armature_mixamorig_LeftHandIndex4}
    AnimationKey { // Rotation
      0;
      2;
      0;4;-1.000000, 0.000000, 0.000000, 0.000000;;,
      1;4;-1.000000, 0.000000,-0.000000, 0.000000;;;
    }
    AnimationKey { // Scale
      1;
      2;
      0;3; 1.000000, 1.000000, 1.000000;;,
      1;3; 1.000000, 1.000000, 1.000000;;;
    }
    AnimationKey { // Position
      2;
      2;
      0;3; 0.000100, 0.029500,-0.000000;;,
      1;3; 0.000100, 0.029500, 0.000000;;;
    }
  }
  Animation {
    {Armature_mixamorig_LeftHandMiddle1}
    AnimationKey { // Rotation
      0;
      2;
      0;4;-0.999474, 0.018102, 0.020399, 0.017566;;,
      1;4;-0.999483, 0.013694, 0.020873, 0.020287;;;
    }
    AnimationKey { // Scale
      1;
      2;
      0;3; 1.000000, 1.000000, 1.000000;;,
      1;3; 1.000000, 1.000000, 1.000000;;;
    }
    AnimationKey { // Position
      2;
      2;
      0;3;-0.010400, 0.123900,-0.000800;;,
      1;3;-0.010400, 0.123900,-0.000800;;;
    }
  }
  Animation {
    {Armature_mixamorig_LeftHandMiddle2}
    AnimationKey { // Rotation
      0;
      2;
      0;4;-0.995583, 0.093627,-0.000629, 0.006991;;,
      1;4;-0.995967, 0.089479,-0.000591, 0.006504;;;
    }
    AnimationKey { // Scale
      1;
      2;
