xof 0303txt 0032

Frame Root {
  FrameTransformMatrix {
     1.000000, 0.000000, 0.000000, 0.000000,
     0.000000,-0.000000,-1.000000, 0.000000,
     0.000000, 1.000000,-0.000000, 0.000000,
     0.000000, 0.000000, 0.000000, 1.000000;;
  }
  Frame Armature {
    FrameTransformMatrix {
       1.000000, 0.000000, 0.000000, 0.000000,
       0.000000,-0.000000, 1.000000, 0.000000,
       0.000000,-1.000000,-0.000000, 0.000000,
       0.000000, 0.000000, 0.000000, 1.000000;;
    }
    Frame Armature_mixamorig_Hips {
      FrameTransformMatrix {
         0.994747, 0.073745, 0.071000, 0.000000,
        -0.092147, 0.947152, 0.307265, 0.000000,
        -0.044589,-0.312193, 0.948972, 0.000000,
         0.000324, 0.947777, 0.052009, 1.000000;;
      }
      Frame Armature_mixamorig_LeftUpLeg {
        FrameTransformMatrix {
          -0.996620, 0.070634, 0.041939, 0.000000,
          -0.003530,-0.546896, 0.837190, 0.000000,
           0.082071, 0.834216, 0.545296, 0.000000,
           0.125300,-0.064400,-0.000000, 1.000000;;
        }
        Frame Armature_mixamorig_LeftLeg {
          FrameTransformMatrix {
             0.993023,-0.117283,-0.012269, 0.000000,
            -0.011625, 0.006178,-0.999913, 0.000000,
             0.117349, 0.993079, 0.004771, 0.000000,
            -0.000000, 0.468500, 0.000000, 1.000000;;
          }
          Frame Armature_mixamorig_LeftFoot {
            FrameTransformMatrix {
               0.972410, 0.147245, 0.180935, 0.000000,
              -0.226796, 0.415159, 0.881026, 0.000000,
               0.054610,-0.897754, 0.437100, 0.000000,
              -0.000000, 0.427200,-0.000000, 1.000000;;
            }
            Frame Armature_mixamorig_LeftToeBase {
              FrameTransformMatrix {
                 0.943604,-0.100439, 0.315473, 0.000000,
                -0.187298, 0.623788, 0.758820, 0.000000,
                -0.273003,-0.775113, 0.569797, 0.000000,
                -0.000000, 0.228901, 0.000000, 1.000000;;
              }
              Frame Armature_mixamorig_LeftToe_End {
                FrameTransformMatrix {
                   1.000000,-0.000000,-0.000000, 0.000000,
                   0.000000, 1.000000, 0.000000, 0.000000,
                   0.000000, 0.000000, 1.000000, 0.000000,
                   0.000000, 0.092100, 0.000000, 1.000000;;
                }
              } // End of Armature_mixamorig_LeftToe_End
            } // End of Armature_mixamorig_LeftToeBase
          } // End of Armature_mixamorig_LeftFoot
        } // End of Armature_mixamorig_LeftLeg
      } // End of Armature_mixamorig_LeftUpLeg
      Frame Armature_mixamorig_RightUpLeg {
        FrameTransformMatrix {
          -0.997268,-0.038905,-0.062785, 0.000000,
           0.004794,-0.882335, 0.470597, 0.000000,
          -0.073706, 0.469010, 0.880113, 0.000000,
          -0.125300,-0.064400,-0.000500, 1.000000;;
        }
        Frame Armature_mixamorig_RightLeg {
          FrameTransformMatrix {
             0.999443, 0.029765,-0.015111, 0.000000,
            -0.029925, 0.598316,-0.800701, 0.000000,
            -0.014792, 0.800707, 0.598873, 0.000000,
             0.000000, 0.467700, 0.000000, 1.000000;;
          }
          Frame Armature_mixamorig_RightFoot {
            FrameTransformMatrix {
               0.974707,-0.178627,-0.134309, 0.000000,
               0.076854,-0.296411, 0.951963, 0.000000,
              -0.209857,-0.938207,-0.275186, 0.000000,
              -0.000000, 0.427200,-0.000000, 1.000000;;
            }
            Frame Armature_mixamorig_RightToeBase {
              FrameTransformMatrix {
                 0.981994,-0.001443,-0.188905, 0.000000,
                 0.086984, 0.891113, 0.445366, 0.000000,
                 0.167693,-0.453779, 0.875194, 0.000000,
                -0.000000, 0.232200, 0.000000, 1.000000;;
              }
              Frame Armature_mixamorig_RightToe_End {
                FrameTransformMatrix {
                   1.000000, 0.000000,-0.000000, 0.000000,
                  -0.000000, 1.000000,-0.000000, 0.000000,
                   0.000000, 0.000000, 1.000000, 0.000000,
                  -0.000000, 0.092100, 0.000000, 1.000000;;
                }
              } // End of Armature_mixamorig_RightToe_End
            } // End of Armature_mixamorig_RightToeBase
          } // End of Armature_mixamorig_RightFoot
        } // End of Armature_mixamorig_RightLeg
      } // End of Armature_mixamorig_RightUpLeg
      Frame Armature_mixamorig_Spine {
        FrameTransformMatrix {
           0.996771,-0.028531,-0.075054, 0.000000,
           0.023024, 0.997049,-0.073239, 0.000000,
           0.076922, 0.071274, 0.994486, 0.000000,
          -0.000000, 0.115900,-0.016800, 1.000000;;
        }
        Frame Armature_mixamorig_Spine1 {
          FrameTransformMatrix {
             0.998594, 0.013851,-0.051173, 0.000000,
            -0.011067, 0.998463, 0.054302, 0.000000,
             0.051846,-0.053660, 0.997212, 0.000000,
            -0.000000, 0.136600, 0.000000, 1.000000;;
          }
          Frame Armature_mixamorig_Spine2 {
            FrameTransformMatrix {
               0.998542, 0.015641,-0.051665, 0.000000,
              -0.012892, 0.998505, 0.053118, 0.000000,
               0.052419,-0.052375, 0.997251, 0.000000,
               0.000000, 0.156100,-0.000000, 1.000000;;
            }
            Frame Armature_mixamorig_LeftShoulder {
              FrameTransformMatrix {
                 0.072241, 0.012461,-0.997310, 0.000000,
                 0.870900,-0.488145, 0.056985, 0.000000,
                -0.486122,-0.872674,-0.046117, 0.000000,
                 0.074900, 0.140000,-0.005500, 1.000000;;
              }
              Frame Armature_mixamorig_LeftArm {
                FrameTransformMatrix {
                   0.903726, 0.050638,-0.425107, 0.000000,
                   0.191527, 0.840244, 0.507254, 0.000000,
                   0.382880,-0.539838, 0.749652, 0.000000,
                   0.000000, 0.167200,-0.000000, 1.000000;;
                }
                Frame Armature_mixamorig_LeftForeArm {
                  FrameTransformMatrix {
                     0.235107, 0.962388, 0.136140, 0.000000,
                    -0.961913, 0.210285, 0.174651, 0.000000,
                     0.139454,-0.172017, 0.975173, 0.000000,
                     0.000000, 0.222500, 0.000000, 1.000000;;
                  }
                  Frame Armature_mixamorig_LeftHand {
                    FrameTransformMatrix {
                       0.974787, 0.215507, 0.057850, 0.000000,
                      -0.219285, 0.973169, 0.069684, 0.000000,
                      -0.041280,-0.080613, 0.995890, 0.000000,
                      -0.000000, 0.264700, 0.000000, 1.000000;;
                    }
                    Frame Armature_mixamorig_LeftHandIndex1 {
                      FrameTransformMatrix {
                         0.996003, 0.040214, 0.079755, 0.000000,
                        -0.080120, 0.007543, 0.996757, 0.000000,
                         0.039482,-0.999163, 0.010735, 0.000000,
                        -0.033700, 0.119900, 0.001000, 1.000000;;
                      }
                      Frame Armature_mixamorig_LeftHandIndex2 {
                        FrameTransformMatrix {
                           0.996027,-0.077317,-0.044191, 0.000000,
                           0.078592, 0.529773, 0.844491, 0.000000,
                          -0.041883,-0.844608, 0.533744, 0.000000,
                          -0.000100, 0.036300,-0.000000, 1.000000;;
                        }
                        Frame Armature_mixamorig_LeftHandIndex3 {
                          FrameTransformMatrix {
                             0.997288,-0.067772,-0.028713, 0.000000,
                             0.066780, 0.669107, 0.740159, 0.000000,
                            -0.030950,-0.740069, 0.671818, 0.000000,
                             0.000000, 0.034900,-0.000000, 1.000000;;
                          }
                          Frame Armature_mixamorig_LeftHandIndex4 {
                            FrameTransformMatrix {
                               1.000000, 0.000000, 0.000000, 0.000000,
                              -0.000000, 1.000000, 0.000000, 0.000000,
                               0.000000, 0.000000, 1.000000, 0.000000,
                               0.000100, 0.029500, 0.000000, 1.000000;;
                            }
                          } // End of Armature_mixamorig_LeftHandIndex4
                        } // End of Armature_mixamorig_LeftHandIndex3
                      } // End of Armature_mixamorig_LeftHandIndex2
                    } // End of Armature_mixamorig_LeftHandIndex1
                    Frame Armature_mixamorig_LeftHandMiddle1 {
                      FrameTransformMatrix {
                         0.996050,-0.053098,-0.071161, 0.000000,
                         0.071052,-0.003931, 0.997465, 0.000000,
                        -0.053243,-0.998582,-0.000142, 0.000000,
                        -0.010400, 0.123900,-0.000800, 1.000000;;
                      }
                      Frame Armature_mixamorig_LeftHandMiddle2 {
                        FrameTransformMatrix {
                           0.996149,-0.076545,-0.042757, 0.000000,
                           0.076482, 0.520177, 0.850627, 0.000000,
                          -0.042870,-0.850621, 0.524028, 0.000000,
                          -0.000100, 0.037200,-0.000000, 1.000000;;
                        }
                        Frame Armature_mixamorig_LeftHandMiddle3 {
                          FrameTransformMatrix {
                             0.997034,-0.071245,-0.029103, 0.000000,
                             0.069200, 0.664469, 0.744105, 0.000000,
                            -0.033676,-0.743912, 0.667429, 0.000000,
                             0.000100, 0.035100,-0.000000, 1.000000;;
                          }
                          Frame Armature_mixamorig_LeftHandMiddle4 {
                            FrameTransformMatrix {
                               1.000000,-0.000000, 0.000000, 0.000000,
                              -0.000000, 1.000000,-0.000000, 0.000000,
                               0.000000, 0.000000, 1.000000, 0.000000,
                               0.000100, 0.030300,-0.000000, 1.000000;;
                            }
                          } // End of Armature_mixamorig_LeftHandMiddle4
                        } // End of Armature_mixamorig_LeftHandMiddle3
                      } // End of Armature_mixamorig_LeftHandMiddle2
                    } // End of Armature_mixamorig_LeftHandMiddle1
                    Frame Armature_mixamorig_LeftHandPinky1 {
                      FrameTransformMatrix {
                         0.915715,-0.199974,-0.348534, 0.000000,
                         0.330180,-0.119879, 0.936275, 0.000000,
                        -0.229013,-0.972440,-0.043748, 0.000000,
                         0.031000, 0.107500, 0.000700, 1.000000;;
                      }
                      Frame Armature_mixamorig_LeftHandPinky2 {
                        FrameTransformMatrix {
                           0.991875,-0.110114,-0.063716, 0.000000,
                           0.110114, 0.492250, 0.863461, 0.000000,
                          -0.063715,-0.863461, 0.500376, 0.000000,
                           0.000000, 0.028500,-0.000000, 1.000000;;
                        }
                        Frame Armature_mixamorig_LeftHandPinky3 {
                          FrameTransformMatrix {
                             0.994001,-0.098483,-0.047573, 0.000000,
                             0.100601, 0.652615, 0.750981, 0.000000,
                            -0.042912,-0.751262, 0.658607, 0.000000,
                            -0.000000, 0.024000, 0.000000, 1.000000;;
                          }
                          Frame Armature_mixamorig_LeftHandPinky4 {
                            FrameTransformMatrix {
                               1.000000, 0.000000, 0.000000, 0.000000,
                               0.000000, 1.000000, 0.000000, 0.000000,
                               0.000000, 0.000000, 1.000000, 0.000000,
                              -0.000100, 0.020700,-0.000000, 1.000000;;
                            }
                          } // End of Armature_mixamorig_LeftHandPinky4
                        } // End of Armature_mixamorig_LeftHandPinky3
                      } // End of Armature_mixamorig_LeftHandPinky2
                    } // End of Armature_mixamorig_LeftHandPinky1
                    Frame Armature_mixamorig_LeftHandRing1 {
                      FrameTransformMatrix {
                         0.987243,-0.065564,-0.145092, 0.000000,
                         0.145017,-0.005922, 0.989411, 0.000000,
                        -0.065729,-0.997831, 0.003661, 0.000000,
                         0.013100, 0.116600,-0.000200, 1.000000;;
                      }
                      Frame Armature_mixamorig_LeftHandRing2 {
                        FrameTransformMatrix {
                           0.994496,-0.090206,-0.053295, 0.000000,
                           0.091490, 0.499784, 0.861305, 0.000000,
                          -0.051059,-0.861440, 0.505286, 0.000000,
                          -0.000100, 0.035000, 0.000000, 1.000000;;
                        }
                        Frame Armature_mixamorig_LeftHandRing3 {
                          FrameTransformMatrix {
                             0.996203,-0.079655,-0.035150, 0.000000,
                             0.079655, 0.670832, 0.737319, 0.000000,
                            -0.035151,-0.737319, 0.674630, 0.000000,
                            -0.000000, 0.034400,-0.000000, 1.000000;;
                          }
                          Frame Armature_mixamorig_LeftHandRing4 {
                            FrameTransformMatrix {
                               1.000000, 0.000000, 0.000000, 0.000000,
                               0.000000, 1.000000, 0.000000, 0.000000,
                              -0.000000, 0.000000, 1.000000, 0.000000,
                               0.000000, 0.029800,-0.000000, 1.000000;;
                            }
                          } // End of Armature_mixamorig_LeftHandRing4
                        } // End of Armature_mixamorig_LeftHandRing3
                      } // End of Armature_mixamorig_LeftHandRing2
                    } // End of Armature_mixamorig_LeftHandRing1
                    Frame Armature_mixamorig_LeftHandThumb1 {
                      FrameTransformMatrix {
                         0.797076, 0.593584,-0.111029, 0.000000,
                        -0.575756, 0.802456, 0.156747, 0.000000,
                         0.182138,-0.061014, 0.981378, 0.000000,
                        -0.035000, 0.038900, 0.009500, 1.000000;;
                      }
                      Frame Armature_mixamorig_LeftHandThumb2 {
                        FrameTransformMatrix {
                           0.883501,-0.465816,-0.049410, 0.000000,
                           0.466991, 0.884134, 0.015055, 0.000000,
                           0.036672,-0.036375, 0.998665, 0.000000,
                          -0.000600, 0.042600,-0.000000, 1.000000;;
                        }
                        Frame Armature_mixamorig_LeftHandThumb3 {
                          FrameTransformMatrix {
                             0.937676, 0.346998, 0.018889, 0.000000,
                            -0.330957, 0.908263,-0.255981, 0.000000,
                            -0.105981, 0.233776, 0.966497, 0.000000,
                            -0.002100, 0.042700,-0.000000, 1.000000;;
                          }
                          Frame Armature_mixamorig_LeftHandThumb4 {
                            FrameTransformMatrix {
                               1.000000,-0.000000, 0.000000, 0.000000,
                               0.000000, 1.000000,-0.000000, 0.000000,
                              -0.000000, 0.000000, 1.000000, 0.000000,
                               0.002700, 0.037000, 0.000000, 1.000000;;
                            }
                          } // End of Armature_mixamorig_LeftHandThumb4
                        } // End of Armature_mixamorig_LeftHandThumb3
                      } // End of Armature_mixamorig_LeftHandThumb2
                    } // End of Armature_mixamorig_LeftHandThumb1
                  } // End of Armature_mixamorig_LeftHand
                } // End of Armature_mixamorig_LeftForeArm
              } // End of Armature_mixamorig_LeftArm
            } // End of Armature_mixamorig_LeftShoulder
            Frame Armature_mixamorig_Neck {
              FrameTransformMatrix {
                 0.999735, 0.020556, 0.010387, 0.000000,
                -0.020861, 0.999328, 0.030133, 0.000000,
                -0.009761,-0.030341, 0.999492, 0.000000,
                 0.000000, 0.175600,-0.000000, 1.000000;;
              }
              Frame Armature_mixamorig_Head {
                FrameTransformMatrix {
                   0.999201,-0.039509, 0.006066, 0.000000,
                   0.039969, 0.985953,-0.162169, 0.000000,
                   0.000427, 0.162282, 0.986744, 0.000000,
                   0.000000, 0.090200, 0.041700, 1.000000;;
                }
                Frame Armature_mixamorig_HeadTop_End {
                  FrameTransformMatrix {
                     1.000000, 0.000000, 0.000000, 0.000000,
                    -0.000000, 1.000000,-0.000000, 0.000000,
                     0.000000, 0.000000, 1.000000, 0.000000,
                    -0.000000, 0.226500, 0.104700, 1.000000;;
                  }
                } // End of Armature_mixamorig_HeadTop_End
              } // End of Armature_mixamorig_Head
            } // End of Armature_mixamorig_Neck
            Frame Armature_mixamorig_RightShoulder {
              FrameTransformMatrix {
                 0.047731,-0.009107, 0.998819, 0.000000,
                -0.900648,-0.432786, 0.039093, 0.000000,
                 0.431919,-0.901451,-0.028860, 0.000000,
                -0.074900, 0.139900,-0.004800, 1.000000;;
              }
              Frame Armature_mixamorig_RightArm {
                FrameTransformMatrix {
                   0.908540,-0.179061, 0.377481, 0.000000,
                  -0.013684, 0.890264, 0.455239, 0.000000,
                  -0.417573,-0.418769, 0.806390, 0.000000,
                   0.000000, 0.167200, 0.000000, 1.000000;;
                }
                Frame Armature_mixamorig_RightForeArm {
                  FrameTransformMatrix {
                     0.083840,-0.983020,-0.163227, 0.000000,
                     0.982250, 0.053945, 0.179650, 0.000000,
                    -0.167795,-0.175391, 0.970094, 0.000000,
                    -0.000000, 0.222600,-0.000000, 1.000000;;
                  }
                  Frame Armature_mixamorig_RightHand {
                    FrameTransformMatrix {
                       0.994425,-0.089426,-0.055868, 0.000000,
                       0.080991, 0.987066,-0.138351, 0.000000,
                       0.067518, 0.133055, 0.988806, 0.000000,
                      -0.000000, 0.266200, 0.000000, 1.000000;;
                    }
                    Frame Armature_mixamorig_RightHandIndex1 {
                      FrameTransformMatrix {
                         0.997898,-0.060363, 0.023598, 0.000000,
                         0.018655, 0.616209, 0.787362, 0.000000,
                        -0.062069,-0.785266, 0.616039, 0.000000,
                         0.033400, 0.116100, 0.000800, 1.000000;;
                      }
                      Frame Armature_mixamorig_RightHandIndex2 {
                        FrameTransformMatrix {
                           0.999048, 0.039846, 0.017787, 0.000000,
                          -0.039846, 0.666886, 0.744094, 0.000000,
                           0.017787,-0.744094, 0.667838, 0.000000,
                          -0.000000, 0.037600, 0.000000, 1.000000;;
                        }
                        Frame Armature_mixamorig_RightHandIndex3 {
                          FrameTransformMatrix {
                             0.998948, 0.041414, 0.019696, 0.000000,
                            -0.042556, 0.677114, 0.734646, 0.000000,
                             0.017088,-0.734711, 0.678164, 0.000000,
                            -0.000000, 0.035900, 0.000000, 1.000000;;
                          }
                          Frame Armature_mixamorig_RightHandIndex4 {
                            FrameTransformMatrix {
                               1.000000,-0.000000,-0.000000, 0.000000,
                              -0.000000, 1.000000, 0.000000, 0.000000,
                              -0.000000,-0.000000, 1.000000, 0.000000,
                               0.000100, 0.031100,-0.000000, 1.000000;;
                            }
                          } // End of Armature_mixamorig_RightHandIndex4
                        } // End of Armature_mixamorig_RightHandIndex3
                      } // End of Armature_mixamorig_RightHandIndex2
                    } // End of Armature_mixamorig_RightHandIndex1
                    Frame Armature_mixamorig_RightHandMiddle1 {
                      FrameTransformMatrix {
                         0.999252, 0.001545, 0.038640, 0.000000,
                        -0.033175, 0.547667, 0.836038, 0.000000,
                        -0.019870,-0.836695, 0.547309, 0.000000,
                         0.011100, 0.122300,-0.000700, 1.000000;;
                      }
                      Frame Armature_mixamorig_RightHandMiddle2 {
                        FrameTransformMatrix {
                           0.999815, 0.018831, 0.003854, 0.000000,
                          -0.018821, 0.918426, 0.395145, 0.000000,
                           0.003901,-0.395144, 0.918611, 0.000000,
                           0.000100, 0.037700,-0.000000, 1.000000;;
                        }
                        Frame Armature_mixamorig_RightHandMiddle3 {
                          FrameTransformMatrix {
                             0.999727, 0.023128, 0.003351, 0.000000,
                            -0.022653, 0.923873, 0.382027, 0.000000,
                             0.005739,-0.381999, 0.924145, 0.000000,
                            -0.000100, 0.035100,-0.000000, 1.000000;;
                          }
                          Frame Armature_mixamorig_RightHandMiddle4 {
                            FrameTransformMatrix {
                               1.000000, 0.000000,-0.000000, 0.000000,
                               0.000000, 1.000000,-0.000000, 0.000000,
                               0.000000, 0.000000, 1.000000, 0.000000,
                              -0.000100, 0.030500,-0.000000, 1.000000;;
                            }
                          } // End of Armature_mixamorig_RightHandMiddle4
                        } // End of Armature_mixamorig_RightHandMiddle3
                      } // End of Armature_mixamorig_RightHandMiddle2
                    } // End of Armature_mixamorig_RightHandMiddle1
                    Frame Armature_mixamorig_RightHandPinky1 {
                      FrameTransformMatrix {
                         0.987203, 0.123390, 0.101026, 0.000000,
                        -0.143591, 0.412172, 0.899720, 0.000000,
                         0.069376,-0.902712, 0.424615, 0.000000,
                        -0.031800, 0.104700, 0.002400, 1.000000;;
                      }
                      Frame Armature_mixamorig_RightHandPinky2 {
                        FrameTransformMatrix {
                           0.997206, 0.063795, 0.038860, 0.000000,
                          -0.063795, 0.456712, 0.887324, 0.000000,
                           0.038859,-0.887324, 0.459506, 0.000000,
                           0.000000, 0.028700,-0.000000, 1.000000;;
                        }
                        Frame Armature_mixamorig_RightHandPinky3 {
                          FrameTransformMatrix {
                             0.997600, 0.060586, 0.033514, 0.000000,
                            -0.058165, 0.470764, 0.880340, 0.000000,
                             0.037559,-0.880176, 0.473159, 0.000000,
                            -0.000000, 0.024300, 0.000000, 1.000000;;
                          }
                          Frame Armature_mixamorig_RightHandPinky4 {
                            FrameTransformMatrix {
                               1.000000, 0.000000, 0.000000, 0.000000,
                              -0.000000, 1.000000, 0.000000, 0.000000,
                              -0.000000,-0.000000, 1.000000, 0.000000,
                              -0.000100, 0.019500, 0.000000, 1.000000;;
                            }
                          } // End of Armature_mixamorig_RightHandPinky4
                        } // End of Armature_mixamorig_RightHandPinky3
                      } // End of Armature_mixamorig_RightHandPinky2
                    } // End of Armature_mixamorig_RightHandPinky1
                    Frame Armature_mixamorig_RightHandRing1 {
                      FrameTransformMatrix {
                         0.995069, 0.053371, 0.083604, 0.000000,
                        -0.098864, 0.465689, 0.879408, 0.000000,
                         0.008001,-0.883337, 0.468669, 0.000000,
                        -0.012700, 0.114700,-0.002300, 1.000000;;
                      }
                      Frame Armature_mixamorig_RightHandRing2 {
                        FrameTransformMatrix {
                           0.996651, 0.071871, 0.038995, 0.000000,
                          -0.070522, 0.514164, 0.854788, 0.000000,
                           0.041385,-0.854676, 0.517510, 0.000000,
                          -0.000000, 0.036200,-0.000000, 1.000000;;
                        }
                        Frame Armature_mixamorig_RightHandRing3 {
                          FrameTransformMatrix {
                             0.996102, 0.077121, 0.042824, 0.000000,
                            -0.077357, 0.530340, 0.844249, 0.000000,
                             0.042398,-0.844270, 0.534238, 0.000000,
                            -0.000100, 0.034400,-0.000000, 1.000000;;
                          }
                          Frame Armature_mixamorig_RightHandRing4 {
                            FrameTransformMatrix {
                               1.000000,-0.000000, 0.000000, 0.000000,
                               0.000000, 1.000000,-0.000000, 0.000000,
                              -0.000000,-0.000000, 1.000000, 0.000000,
                               0.000100, 0.029900,-0.000000, 1.000000;;
                            }
                          } // End of Armature_mixamorig_RightHandRing4
                        } // End of Armature_mixamorig_RightHandRing3
                      } // End of Armature_mixamorig_RightHandRing2
                    } // End of Armature_mixamorig_RightHandRing1
                    Frame Armature_mixamorig_RightHandThumb1 {
                      FrameTransformMatrix {
                         0.805562,-0.589222, 0.062346, 0.000000,
                         0.541121, 0.774473, 0.327689, 0.000000,
                        -0.241367,-0.230237, 0.942726, 0.000000,
                         0.033800, 0.036700, 0.010800, 1.000000;;
                      }
                      Frame Armature_mixamorig_RightHandThumb2 {
                        FrameTransformMatrix {
                           0.885631, 0.462976, 0.036212, 0.000000,
                          -0.463800, 0.885742, 0.018745, 0.000000,
                          -0.023396,-0.033396, 0.999168, 0.000000,
                           0.000600, 0.040800, 0.000000, 1.000000;;
                        }
                        Frame Armature_mixamorig_RightHandThumb3 {
                          FrameTransformMatrix {
                             0.996639, 0.078773, 0.022486, 0.000000,
                            -0.070384, 0.963854,-0.256966, 0.000000,
                            -0.041915, 0.254519, 0.966159, 0.000000,
                             0.002900, 0.042400,-0.000000, 1.000000;;
                          }
                          Frame Armature_mixamorig_RightHandThumb4 {
                            FrameTransformMatrix {
                               1.000000, 0.000000,-0.000000, 0.000000,
                              -0.000000, 1.000000,-0.000000, 0.000000,
                               0.000000, 0.000000, 1.000000, 0.000000,
                              -0.003600, 0.035300, 0.000000, 1.000000;;
                            }
                          } // End of Armature_mixamorig_RightHandThumb4
                        } // End of Armature_mixamorig_RightHandThumb3
                      } // End of Armature_mixamorig_RightHandThumb2
                    } // End of Armature_mixamorig_RightHandThumb1
                  } // End of Armature_mixamorig_RightHand
                } // End of Armature_mixamorig_RightForeArm
              } // End of Armature_mixamorig_RightArm
            } // End of Armature_mixamorig_RightShoulder
          } // End of Armature_mixamorig_Spine2
        } // End of Armature_mixamorig_Spine1
      } // End of Armature_mixamorig_Spine
    } // End of Armature_mixamorig_Hips
  } // End of Armature
} // End of Root
AnimationSet Global {
  Animation {
    {Armature}
    AnimationKey { // Rotation
      0;
      44;
      0;4;-0.707107, 0.707107, 0.000000, 0.000000;;,
      1;4;-0.707107, 0.707107, 0.000000, 0.000000;;,
      2;4;-0.707107, 0.707107, 0.000000, 0.000000;;,
      3;4;-0.707107, 0.707107, 0.000000, 0.000000;;,
      4;4;-0.707107, 0.707107, 0.000000, 0.000000;;,
      5;4;-0.707107, 0.707107, 0.000000, 0.000000;;,
      6;4;-0.707107, 0.707107, 0.000000, 0.000000;;,
      7;4;-0.707107, 0.707107, 0.000000, 0.000000;;,
      8;4;-0.707107, 0.707107, 0.000000, 0.000000;;,
      9;4;-0.707107, 0.707107, 0.000000, 0.000000;;,
      10;4;-0.707107, 0.707107, 0.000000, 0.000000;;,
      11;4;-0.707107, 0.707107, 0.000000, 0.000000;;,
      12;4;-0.707107, 0.707107, 0.000000, 0.000000;;,
      13;4;-0.707107, 0.707107, 0.000000, 0.000000;;,
      14;4;-0.707107, 0.707107, 0.000000, 0.000000;;,
      15;4;-0.707107, 0.707107, 0.000000, 0.000000;;,
      16;4;-0.707107, 0.707107, 0.000000, 0.000000;;,
      17;4;-0.707107, 0.707107, 0.000000, 0.000000;;,
      18;4;-0.707107, 0.707107, 0.000000, 0.000000;;,
      19;4;-0.707107, 0.707107, 0.000000, 0.000000;;,
      20;4;-0.707107, 0.707107, 0.000000, 0.000000;;,
      21;4;-0.707107, 0.707107, 0.000000, 0.000000;;,
      22;4;-0.707107, 0.707107, 0.000000, 0.000000;;,
      23;4;-0.707107, 0.707107, 0.000000, 0.000000;;,
      24;4;-0.707107, 0.707107, 0.000000, 0.000000;;,
      25;4;-0.707107, 0.707107, 0.000000, 0.000000;;,
      26;4;-0.707107, 0.707107, 0.000000, 0.000000;;,
      27;4;-0.707107, 0.707107, 0.000000, 0.000000;;,
      28;4;-0.707107, 0.707107, 0.000000, 0.000000;;,
      29;4;-0.707107, 0.707107, 0.000000, 0.000000;;,
      30;4;-0.707107, 0.707107, 0.000000, 0.000000;;,
      31;4;-0.707107, 0.707107, 0.000000, 0.000000;;,
      32;4;-0.707107, 0.707107, 0.000000, 0.000000;;,
      33;4;-0.707107, 0.707107, 0.000000, 0.000000;;,
      34;4;-0.707107, 0.707107, 0.000000, 0.000000;;,
      35;4;-0.707107, 0.707107, 0.000000, 0.000000;;,
      36;4;-0.707107, 0.707107, 0.000000, 0.000000;;,
      37;4;-0.707107, 0.707107, 0.000000, 0.000000;;,
      38;4;-0.707107, 0.707107, 0.000000, 0.000000;;,
      39;4;-0.707107, 0.707107, 0.000000, 0.000000;;,
      40;4;-0.707107, 0.707107, 0.000000, 0.000000;;,
      41;4;-0.707107, 0.707107, 0.000000, 0.000000;;,
      42;4;-0.707107, 0.707107, 0.000000, 0.000000;;,
      43;4;-0.707107, 0.707107, 0.000000, 0.000000;;;
    }
    AnimationKey { // Scale
      1;
      44;
      0;3; 1.000000, 1.000000, 1.000000;;,
      1;3; 1.000000, 1.000000, 1.000000;;,
      2;3; 1.000000, 1.000000, 1.000000;;,
      3;3; 1.000000, 1.000000, 1.000000;;,
      4;3; 1.000000, 1.000000, 1.000000;;,
      5;3; 1.000000, 1.000000, 1.000000;;,
      6;3; 1.000000, 1.000000, 1.000000;;,
      7;3; 1.000000, 1.000000, 1.000000;;,
      8;3; 1.000000, 1.000000, 1.000000;;,
      9;3; 1.000000, 1.000000, 1.000000;;,
      10;3; 1.000000, 1.000000, 1.000000;;,
      11;3; 1.000000, 1.000000, 1.000000;;,
      12;3; 1.000000, 1.000000, 1.000000;;,
      13;3; 1.000000, 1.000000, 1.000000;;,
      14;3; 1.000000, 1.000000, 1.000000;;,
      15;3; 1.000000, 1.000000, 1.000000;;,
      16;3; 1.000000, 1.000000, 1.000000;;,
      17;3; 1.000000, 1.000000, 1.000000;;,
      18;3; 1.000000, 1.000000, 1.000000;;,
      19;3; 1.000000, 1.000000, 1.000000;;,
      20;3; 1.000000, 1.000000, 1.000000;;,
      21;3; 1.000000, 1.000000, 1.000000;;,
      22;3; 1.000000, 1.000000, 1.000000;;,
      23;3; 1.000000, 1.000000, 1.000000;;,
      24;3; 1.000000, 1.000000, 1.000000;;,
      25;3; 1.000000, 1.000000, 1.000000;;,
      26;3; 1.000000, 1.000000, 1.000000;;,
      27;3; 1.000000, 1.000000, 1.000000;;,
      28;3; 1.000000, 1.000000, 1.000000;;,
      29;3; 1.000000, 1.000000, 1.000000;;,
      30;3; 1.000000, 1.000000, 1.000000;;,
      31;3; 1.000000, 1.000000, 1.000000;;,
      32;3; 1.000000, 1.000000, 1.000000;;,
      33;3; 1.000000, 1.000000, 1.000000;;,
      34;3; 1.000000, 1.000000, 1.000000;;,
      35;3; 1.000000, 1.000000, 1.000000;;,
      36;3; 1.000000, 1.000000, 1.000000;;,
      37;3; 1.000000, 1.000000, 1.000000;;,
      38;3; 1.000000, 1.000000, 1.000000;;,
      39;3; 1.000000, 1.000000, 1.000000;;,
      40;3; 1.000000, 1.000000, 1.000000;;,
      41;3; 1.000000, 1.000000, 1.000000;;,
      42;3; 1.000000, 1.000000, 1.000000;;,
      43;3; 1.000000, 1.000000, 1.000000;;;
    }
    AnimationKey { // Position
      2;
      44;
      0;3; 0.000000, 0.000000, 0.000000;;,
      1;3; 0.000000, 0.000000, 0.000000;;,
      2;3; 0.000000, 0.000000, 0.000000;;,
      3;3; 0.000000, 0.000000, 0.000000;;,
      4;3; 0.000000, 0.000000, 0.000000;;,
      5;3; 0.000000, 0.000000, 0.000000;;,
      6;3; 0.000000, 0.000000, 0.000000;;,
      7;3; 0.000000, 0.000000, 0.000000;;,
      8;3; 0.000000, 0.000000, 0.000000;;,
      9;3; 0.000000, 0.000000, 0.000000;;,
      10;3; 0.000000, 0.000000, 0.000000;;,
      11;3; 0.000000, 0.000000, 0.000000;;,
      12;3; 0.000000, 0.000000, 0.000000;;,
      13;3; 0.000000, 0.000000, 0.000000;;,
      14;3; 0.000000, 0.000000, 0.000000;;,
      15;3; 0.000000, 0.000000, 0.000000;;,
      16;3; 0.000000, 0.000000, 0.000000;;,
      17;3; 0.000000, 0.000000, 0.000000;;,
      18;3; 0.000000, 0.000000, 0.000000;;,
      19;3; 0.000000, 0.000000, 0.000000;;,
      20;3; 0.000000, 0.000000, 0.000000;;,
      21;3; 0.000000, 0.000000, 0.000000;;,
      22;3; 0.000000, 0.000000, 0.000000;;,
      23;3; 0.000000, 0.000000, 0.000000;;,
      24;3; 0.000000, 0.000000, 0.000000;;,
      25;3; 0.000000, 0.000000, 0.000000;;,
      26;3; 0.000000, 0.000000, 0.000000;;,
      27;3; 0.000000, 0.000000, 0.000000;;,
      28;3; 0.000000, 0.000000, 0.000000;;,
      29;3; 0.000000, 0.000000, 0.000000;;,
      30;3; 0.000000, 0.000000, 0.000000;;,
      31;3; 0.000000, 0.000000, 0.000000;;,
      32;3; 0.000000, 0.000000, 0.000000;;,
      33;3; 0.000000, 0.000000, 0.000000;;,
      34;3; 0.000000, 0.000000, 0.000000;;,
      35;3; 0.000000, 0.000000, 0.000000;;,
      36;3; 0.000000, 0.000000, 0.000000;;,
      37;3; 0.000000, 0.000000, 0.000000;;,
      38;3; 0.000000, 0.000000, 0.000000;;,
      39;3; 0.000000, 0.000000, 0.000000;;,
      40;3; 0.000000, 0.000000, 0.000000;;,
      41;3; 0.000000, 0.000000, 0.000000;;,
      42;3; 0.000000, 0.000000, 0.000000;;,
      43;3; 0.000000, 0.000000, 0.000000;;;
    }
  }
  Animation {
    {Armature_mixamorig_Hips}
    AnimationKey { // Rotation
      0;
      44;
      0;4;-0.985470, 0.161221,-0.034296, 0.040994;;,
      1;4;-0.986264, 0.157021,-0.029300, 0.042051;;,
      2;4;-0.986627, 0.155096,-0.026669, 0.042439;;,
      3;4;-0.986740, 0.152639,-0.023243, 0.050051;;,
      4;4;-0.987323, 0.146143,-0.014943, 0.060100;;,
      5;4;-0.987816, 0.139304,-0.005915, 0.069125;;,
      6;4;-0.987227, 0.136440, 0.001727, 0.082249;;,
      7;4;-0.986584, 0.140918, 0.004685, 0.082291;;,
      8;4;-0.986707, 0.145857, 0.002501, 0.071616;;,
      9;4;-0.987903, 0.145776,-0.001120, 0.052869;;,
      10;4;-0.989724, 0.140502,-0.004774, 0.026138;;,
      11;4;-0.991237, 0.131798,-0.006974, 0.005492;;,
      12;4;-0.992503, 0.122005,-0.006868,-0.002514;;,
      13;4;-0.993495, 0.113821,-0.003039,-0.001957;;,
      14;4;-0.994015, 0.109215, 0.000513, 0.002371;;,
      15;4;-0.993965, 0.109611, 0.001806, 0.004057;;,
      16;4;-0.993313, 0.115275, 0.002450, 0.005871;;,
      17;4;-0.992306, 0.123474, 0.003063, 0.008572;;,
      18;4;-0.991281, 0.131198, 0.003041, 0.011842;;,
      19;4;-0.990463, 0.136917, 0.001993, 0.015237;;,
      20;4;-0.989865, 0.140894, 0.000306, 0.017749;;,
      21;4;-0.989432, 0.143891,-0.001695, 0.017780;;,
      22;4;-0.989219, 0.145640,-0.004680, 0.014573;;,
      23;4;-0.989298, 0.145315,-0.009345, 0.009293;;,
      24;4;-0.989557, 0.143414,-0.014422, 0.001526;;,
      25;4;-0.989560, 0.142362,-0.015975,-0.015777;;,
      26;4;-0.988685, 0.144238,-0.013355,-0.038984;;,
      27;4;-0.987357, 0.148650,-0.010638,-0.054008;;,
      28;4;-0.986118, 0.154140,-0.008909,-0.061097;;,
      29;4;-0.985285, 0.158746,-0.007596,-0.062898;;,
      30;4;-0.985334, 0.160422,-0.008135,-0.057583;;,
      31;4;-0.986232, 0.158367,-0.011999,-0.046072;;,
      32;4;-0.987639, 0.153153,-0.014967,-0.029819;;,
      33;4;-0.988931, 0.146980,-0.013133,-0.015466;;,
      34;4;-0.989560, 0.142403,-0.019981,-0.009623;;,
      35;4;-0.989695, 0.140700,-0.026588, 0.001125;;,
      36;4;-0.989026, 0.143509,-0.032597, 0.013073;;,
      37;4;-0.987814, 0.150049,-0.037574, 0.017238;;,
      38;4;-0.986595, 0.156740,-0.040910, 0.019751;;,
      39;4;-0.985744, 0.161184,-0.042286, 0.023260;;,
      40;4;-0.985294, 0.163269,-0.041747, 0.028232;;,
      41;4;-0.985087, 0.163994,-0.039809, 0.033537;;,
      42;4;-0.985107, 0.163590,-0.037320, 0.037544;;,
      43;4;-0.985470, 0.161221,-0.034296, 0.040994;;;
    }
    AnimationKey { // Scale
      1;
      44;
      0;3; 1.000000, 1.000000, 1.000000;;,
      1;3; 1.000000, 1.000000, 1.000000;;,
      2;3; 1.000000, 1.000000, 1.000000;;,
      3;3; 1.000000, 1.000000, 1.000000;;,
      4;3; 1.000000, 1.000000, 1.000000;;,
      5;3; 1.000000, 1.000000, 1.000000;;,
      6;3; 1.000000, 1.000000, 1.000000;;,
      7;3; 1.000000, 1.000000, 1.000000;;,
      8;3; 1.000000, 1.000000, 1.000000;;,
      9;3; 1.000000, 1.000000, 1.000000;;,
      10;3; 1.000000, 1.000000, 1.000000;;,
      11;3; 1.000000, 1.000000, 1.000000;;,
      12;3; 1.000000, 1.000000, 1.000000;;,
      13;3; 1.000000, 1.000000, 1.000000;;,
      14;3; 1.000000, 1.000000, 1.000000;;,
      15;3; 1.000000, 1.000000, 1.000000;;,
      16;3; 1.000000, 1.000000, 1.000000;;,
      17;3; 1.000000, 1.000000, 1.000000;;,
      18;3; 1.000000, 1.000000, 1.000000;;,
      19;3; 1.000000, 1.000000, 1.000000;;,
      20;3; 1.000000, 1.000000, 1.000000;;,
      21;3; 1.000000, 1.000000, 1.000000;;,
      22;3; 1.000000, 1.000000, 1.000000;;,
      23;3; 1.000000, 1.000000, 1.000000;;,
      24;3; 1.000000, 1.000000, 1.000000;;,
      25;3; 1.000000, 1.000000, 1.000000;;,
      26;3; 1.000000, 1.000000, 1.000000;;,
      27;3; 1.000000, 1.000000, 1.000000;;,
      28;3; 1.000000, 1.000000, 1.000000;;,
      29;3; 1.000000, 1.000000, 1.000000;;,
      30;3; 1.000000, 1.000000, 1.000000;;,
      31;3; 1.000000, 1.000000, 1.000000;;,
      32;3; 1.000000, 1.000000, 1.000000;;,
      33;3; 1.000000, 1.000000, 1.000000;;,
      34;3; 1.000000, 1.000000, 1.000000;;,
      35;3; 1.000000, 1.000000, 1.000000;;,
      36;3; 1.000000, 1.000000, 1.000000;;,
      37;3; 1.000000, 1.000000, 1.000000;;,
