xof 0303txt 0032

Frame Root {
  FrameTransformMatrix {
     1.000000, 0.000000, 0.000000, 0.000000,
     0.000000,-0.000000,-1.000000, 0.000000,
     0.000000, 1.000000,-0.000000, 0.000000,
     0.000000, 0.000000, 0.000000, 1.000000;;
  }
  Frame Armature {
    FrameTransformMatrix {
       1.000000, 0.000000, 0.000000, 0.000000,
       0.000000,-0.000000, 1.000000, 0.000000,
       0.000000,-1.000000,-0.000000, 0.000000,
       0.000000, 0.000000, 0.000000, 1.000000;;
    }
    Frame Armature_mixamorig_Hips {
      FrameTransformMatrix {
         0.998758,-0.003319, 0.049702, 0.000000,
        -0.001114, 0.996039, 0.088905, 0.000000,
        -0.049800,-0.088850, 0.994799, 0.000000,
         0.001869, 1.056285,-0.000224, 1.000000;;
      }
      Frame Armature_mixamorig_LeftUpLeg {
        FrameTransformMatrix {
          -0.966780,-0.126649, 0.222025, 0.000000,
           0.159446,-0.977714, 0.136572, 0.000000,
           0.199781, 0.167437, 0.965426, 0.000000,
           0.125300,-0.064400,-0.000000, 1.000000;;
        }
        Frame Armature_mixamorig_LeftLeg {
          FrameTransformMatrix {
             0.995854, 0.057301, 0.070645, 0.000000,
            -0.042147, 0.978915,-0.199873, 0.000000,
            -0.080609, 0.196067, 0.977272, 0.000000,
            -0.000000, 0.468500,-0.000000, 1.000000;;
          }
          Frame Armature_mixamorig_LeftFoot {
            FrameTransformMatrix {
               0.994836,-0.090346, 0.046237, 0.000000,
              -0.008950, 0.375704, 0.926696, 0.000000,
              -0.101095,-0.922325, 0.372956, 0.000000,
              -0.000000, 0.427200,-0.000000, 1.000000;;
            }
            Frame Armature_mixamorig_LeftToeBase {
              FrameTransformMatrix {
                 0.982119,-0.001287, 0.188256, 0.000000,
                -0.086619, 0.884755, 0.457935, 0.000000,
                -0.167150,-0.466054, 0.868824, 0.000000,
                 0.000000, 0.228901, 0.000000, 1.000000;;
              }
              Frame Armature_mixamorig_LeftToe_End {
                FrameTransformMatrix {
                   1.000000,-0.000000,-0.000000, 0.000000,
                   0.000000, 1.000000, 0.000000, 0.000000,
                   0.000000,-0.000000, 1.000000, 0.000000,
                   0.000000, 0.092100, 0.000000, 1.000000;;
                }
              } // End of Armature_mixamorig_LeftToe_End
            } // End of Armature_mixamorig_LeftToeBase
          } // End of Armature_mixamorig_LeftFoot
        } // End of Armature_mixamorig_LeftLeg
      } // End of Armature_mixamorig_LeftUpLeg
      Frame Armature_mixamorig_RightUpLeg {
        FrameTransformMatrix {
          -0.978344, 0.124778,-0.165150, 0.000000,
          -0.148900,-0.978488, 0.142792, 0.000000,
          -0.143780, 0.164290, 0.975879, 0.000000,
          -0.125300,-0.064400,-0.000500, 1.000000;;
        }
        Frame Armature_mixamorig_RightLeg {
          FrameTransformMatrix {
             0.998439,-0.053462, 0.016136, 0.000000,
             0.055090, 0.990262,-0.127851, 0.000000,
            -0.009144, 0.128540, 0.991662, 0.000000,
             0.000000, 0.467700,-0.000000, 1.000000;;
          }
          Frame Armature_mixamorig_RightFoot {
            FrameTransformMatrix {
               0.995144, 0.089028,-0.041986, 0.000000,
               0.001095, 0.416510, 0.909130, 0.000000,
               0.098426,-0.904761, 0.414390, 0.000000,
               0.000000, 0.427200,-0.000000, 1.000000;;
            }
            Frame Armature_mixamorig_RightToeBase {
              FrameTransformMatrix {
                 0.980919, 0.001642,-0.194409, 0.000000,
                 0.087475, 0.889300, 0.448880, 0.000000,
                 0.173625,-0.457321, 0.872188, 0.000000,
                 0.000000, 0.232200, 0.000000, 1.000000;;
              }
              Frame Armature_mixamorig_RightToe_End {
                FrameTransformMatrix {
                   1.000000, 0.000000,-0.000000, 0.000000,
                   0.000000, 1.000000,-0.000000, 0.000000,
                   0.000000, 0.000000, 1.000000, 0.000000,
                   0.000000, 0.092100,-0.000000, 1.000000;;
                }
              } // End of Armature_mixamorig_RightToe_End
            } // End of Armature_mixamorig_RightToeBase
          } // End of Armature_mixamorig_RightFoot
        } // End of Armature_mixamorig_RightLeg
      } // End of Armature_mixamorig_RightUpLeg
      Frame Armature_mixamorig_Spine {
        FrameTransformMatrix {
           0.999956,-0.002246,-0.009145, 0.000000,
           0.000936, 0.990039,-0.140793, 0.000000,
           0.009370, 0.140778, 0.989997, 0.000000,
           0.000000, 0.115900,-0.016800, 1.000000;;
        }
        Frame Armature_mixamorig_Spine1 {
          FrameTransformMatrix {
             0.999872, 0.002812,-0.015780, 0.000000,
            -0.002681, 0.999962, 0.008316, 0.000000,
             0.015803,-0.008273, 0.999841, 0.000000,
            -0.000000, 0.136600, 0.000000, 1.000000;;
          }
          Frame Armature_mixamorig_Spine2 {
            FrameTransformMatrix {
               0.999873, 0.002728,-0.015726, 0.000000,
              -0.002598, 0.999962, 0.008273, 0.000000,
               0.015748,-0.008231, 0.999842, 0.000000,
              -0.000000, 0.156100, 0.000000, 1.000000;;
            }
            Frame Armature_mixamorig_LeftShoulder {
              FrameTransformMatrix {
                 0.141378, 0.026796,-0.989593, 0.000000,
                 0.875822,-0.469359, 0.112415, 0.000000,
                -0.461462,-0.882601,-0.089825, 0.000000,
                 0.074900, 0.140000,-0.005500, 1.000000;;
              }
              Frame Armature_mixamorig_LeftArm {
                FrameTransformMatrix {
                   0.979657, 0.090372,-0.179177, 0.000000,
                   0.079864, 0.643531, 0.761242, 0.000000,
                   0.184101,-0.760066, 0.623223, 0.000000,
                   0.000000, 0.167200, 0.000000, 1.000000;;
                }
                Frame Armature_mixamorig_LeftForeArm {
                  FrameTransformMatrix {
                     0.968481, 0.249069, 0.002984, 0.000000,
                    -0.248946, 0.967462, 0.045201, 0.000000,
                     0.008371,-0.044519, 0.998973, 0.000000,
                    -0.000000, 0.222500, 0.000000, 1.000000;;
                  }
                  Frame Armature_mixamorig_LeftHand {
                    FrameTransformMatrix {
                       0.938147,-0.059506,-0.341085, 0.000000,
                       0.095394, 0.991415, 0.089416, 0.000000,
                       0.332837,-0.116423, 0.935770, 0.000000,
                      -0.000000, 0.264700, 0.000000, 1.000000;;
                    }
                    Frame Armature_mixamorig_LeftHandIndex1 {
                      FrameTransformMatrix {
                         0.999745, 0.017051,-0.014784, 0.000000,
                        -0.010843, 0.937462, 0.347919, 0.000000,
                         0.019792,-0.347670, 0.937408, 0.000000,
                        -0.033700, 0.119900, 0.001000, 1.000000;;
                      }
                      Frame Armature_mixamorig_LeftHandIndex2 {
                        FrameTransformMatrix {
                           0.998767,-0.047506,-0.014417, 0.000000,
                           0.047919, 0.846571, 0.530115, 0.000000,
                          -0.012979,-0.530152, 0.847803, 0.000000,
                          -0.000100, 0.036300,-0.000000, 1.000000;;
                        }
                        Frame Armature_mixamorig_LeftHandIndex3 {
                          FrameTransformMatrix {
                             0.999495,-0.031311,-0.005430, 0.000000,
                             0.031138, 0.930802, 0.364195, 0.000000,
                            -0.006349,-0.364180, 0.931307, 0.000000,
                            -0.000000, 0.034900,-0.000000, 1.000000;;
                          }
                          Frame Armature_mixamorig_LeftHandIndex4 {
                            FrameTransformMatrix {
                               1.000000, 0.000000,-0.000000, 0.000000,
                               0.000000, 1.000000,-0.000000, 0.000000,
                               0.000000,-0.000000, 1.000000, 0.000000,
                               0.000100, 0.029500, 0.000000, 1.000000;;
                            }
                          } // End of Armature_mixamorig_LeftHandIndex4
                        } // End of Armature_mixamorig_LeftHandIndex3
                      } // End of Armature_mixamorig_LeftHandIndex2
                    } // End of Armature_mixamorig_LeftHandIndex1
                    Frame Armature_mixamorig_LeftHandMiddle1 {
                      FrameTransformMatrix {
                         0.996821,-0.063258,-0.048438, 0.000000,
                         0.077152, 0.918124, 0.388710, 0.000000,
                         0.019883,-0.391211, 0.920086, 0.000000,
                        -0.010400, 0.123900,-0.000800, 1.000000;;
                      }
                      Frame Armature_mixamorig_LeftHandMiddle2 {
                        FrameTransformMatrix {
                           0.997955,-0.059540,-0.023242, 0.000000,
                           0.059508, 0.732837, 0.677796, 0.000000,
                          -0.023323,-0.677794, 0.734882, 0.000000,
                          -0.000100, 0.037200, 0.000000, 1.000000;;
                        }
                        Frame Armature_mixamorig_LeftHandMiddle3 {
                          FrameTransformMatrix {
                             0.999291,-0.037106,-0.006342, 0.000000,
                             0.036612, 0.918797, 0.393030, 0.000000,
                            -0.008756,-0.392983, 0.919504, 0.000000,
                             0.000100, 0.035100, 0.000000, 1.000000;;
                          }
                          Frame Armature_mixamorig_LeftHandMiddle4 {
                            FrameTransformMatrix {
                               1.000000,-0.000000,-0.000000, 0.000000,
                               0.000000, 1.000000, 0.000000, 0.000000,
                               0.000000,-0.000000, 1.000000, 0.000000,
                               0.000100, 0.030300,-0.000000, 1.000000;;
                            }
                          } // End of Armature_mixamorig_LeftHandMiddle4
                        } // End of Armature_mixamorig_LeftHandMiddle3
                      } // End of Armature_mixamorig_LeftHandMiddle2
                    } // End of Armature_mixamorig_LeftHandMiddle1
                    Frame Armature_mixamorig_LeftHandPinky1 {
                      FrameTransformMatrix {
                         0.983296,-0.172735,-0.057368, 0.000000,
                         0.162779, 0.693549, 0.701778, 0.000000,
                        -0.081435,-0.699394, 0.710082, 0.000000,
                         0.031000, 0.107500, 0.000700, 1.000000;;
                      }
                      Frame Armature_mixamorig_LeftHandPinky2 {
                        FrameTransformMatrix {
                           0.997757,-0.064583,-0.017585, 0.000000,
                           0.064583, 0.859862, 0.506424, 0.000000,
                          -0.017585,-0.506425, 0.862105, 0.000000,
                           0.000000, 0.028500,-0.000000, 1.000000;;
                        }
                        Frame Armature_mixamorig_LeftHandPinky3 {
                          FrameTransformMatrix {
                             0.999621,-0.027294,-0.003501, 0.000000,
                             0.027482, 0.983717, 0.177612, 0.000000,
                            -0.001403,-0.177641, 0.984094, 0.000000,
                             0.000000, 0.024000,-0.000000, 1.000000;;
                          }
                          Frame Armature_mixamorig_LeftHandPinky4 {
                            FrameTransformMatrix {
                               1.000000, 0.000000,-0.000000, 0.000000,
                               0.000000, 1.000000, 0.000000, 0.000000,
                               0.000000,-0.000000, 1.000000, 0.000000,
                              -0.000100, 0.020700,-0.000000, 1.000000;;
                            }
                          } // End of Armature_mixamorig_LeftHandPinky4
                        } // End of Armature_mixamorig_LeftHandPinky3
                      } // End of Armature_mixamorig_LeftHandPinky2
                    } // End of Armature_mixamorig_LeftHandPinky1
                    Frame Armature_mixamorig_LeftHandRing1 {
                      FrameTransformMatrix {
                         0.993357,-0.092816,-0.068026, 0.000000,
                         0.114989, 0.823590, 0.555407, 0.000000,
                         0.004475,-0.559540, 0.828791, 0.000000,
                         0.013100, 0.116600,-0.000200, 1.000000;;
                      }
                      Frame Armature_mixamorig_LeftHandRing2 {
                        FrameTransformMatrix {
                           0.997772,-0.062919,-0.022211, 0.000000,
                           0.063419, 0.790781, 0.608805, 0.000000,
                          -0.020741,-0.608857, 0.793009, 0.000000,
                          -0.000100, 0.035000, 0.000000, 1.000000;;
                        }
                        Frame Armature_mixamorig_LeftHandRing3 {
                          FrameTransformMatrix {
                             0.998947,-0.044840,-0.009751, 0.000000,
                             0.044840, 0.908688, 0.415060, 0.000000,
                            -0.009751,-0.415060, 0.909742, 0.000000,
                            -0.000000, 0.034400, 0.000000, 1.000000;;
                          }
                          Frame Armature_mixamorig_LeftHandRing4 {
                            FrameTransformMatrix {
                               1.000000,-0.000000,-0.000000, 0.000000,
                              -0.000000, 1.000000,-0.000000, 0.000000,
                               0.000000, 0.000000, 1.000000, 0.000000,
                               0.000000, 0.029800, 0.000000, 1.000000;;
                            }
                          } // End of Armature_mixamorig_LeftHandRing4
                        } // End of Armature_mixamorig_LeftHandRing3
                      } // End of Armature_mixamorig_LeftHandRing2
                    } // End of Armature_mixamorig_LeftHandRing1
                    Frame Armature_mixamorig_LeftHandThumb1 {
                      FrameTransformMatrix {
                         0.759713, 0.614186,-0.213570, 0.000000,
                        -0.590961, 0.789161, 0.167305, 0.000000,
                         0.271297,-0.000892, 0.962495, 0.000000,
                        -0.035000, 0.038900, 0.009500, 1.000000;;
                      }
                      Frame Armature_mixamorig_LeftHandThumb2 {
                        FrameTransformMatrix {
                           0.866879,-0.486030,-0.110887, 0.000000,
                           0.494087, 0.867241, 0.061405, 0.000000,
                           0.066321,-0.108019, 0.991934, 0.000000,
                          -0.000600, 0.042600,-0.000000, 1.000000;;
                        }
                        Frame Armature_mixamorig_LeftHandThumb3 {
                          FrameTransformMatrix {
                             0.993756, 0.091863,-0.063326, 0.000000,
                            -0.091781, 0.995770, 0.004216, 0.000000,
                             0.063446, 0.001623, 0.997984, 0.000000,
                            -0.002100, 0.042700, 0.000000, 1.000000;;
                          }
                          Frame Armature_mixamorig_LeftHandThumb4 {
                            FrameTransformMatrix {
                               1.000000,-0.000000,-0.000000, 0.000000,
                               0.000000, 1.000000,-0.000000, 0.000000,
                              -0.000000, 0.000000, 1.000000, 0.000000,
                               0.002700, 0.037000, 0.000000, 1.000000;;
                            }
                          } // End of Armature_mixamorig_LeftHandThumb4
                        } // End of Armature_mixamorig_LeftHandThumb3
                      } // End of Armature_mixamorig_LeftHandThumb2
                    } // End of Armature_mixamorig_LeftHandThumb1
                  } // End of Armature_mixamorig_LeftHand
                } // End of Armature_mixamorig_LeftForeArm
              } // End of Armature_mixamorig_LeftArm
            } // End of Armature_mixamorig_LeftShoulder
            Frame Armature_mixamorig_Neck {
              FrameTransformMatrix {
                 0.998944, 0.041767, 0.019130, 0.000000,
                -0.039500, 0.993522,-0.106551, 0.000000,
                -0.023457, 0.105683, 0.994123, 0.000000,
                 0.000000, 0.175600, 0.000000, 1.000000;;
              }
              Frame Armature_mixamorig_Head {
                FrameTransformMatrix {
                   0.997460,-0.040500,-0.058589, 0.000000,
                   0.048687, 0.988111, 0.145833, 0.000000,
                   0.051986,-0.148315, 0.987573, 0.000000,
                   0.000000, 0.090200, 0.041700, 1.000000;;
                }
                Frame Armature_mixamorig_HeadTop_End {
                  FrameTransformMatrix {
                     1.000000,-0.000000,-0.000000, 0.000000,
                    -0.000000, 1.000000, 0.000000, 0.000000,
                    -0.000000,-0.000000, 1.000000, 0.000000,
                    -0.000000, 0.226500, 0.104700, 1.000000;;
                  }
                } // End of Armature_mixamorig_HeadTop_End
              } // End of Armature_mixamorig_Head
            } // End of Armature_mixamorig_Neck
            Frame Armature_mixamorig_RightShoulder {
              FrameTransformMatrix {
                 0.180828,-0.036796, 0.982826, 0.000000,
                -0.861021,-0.488887, 0.140114, 0.000000,
                 0.475335,-0.871571,-0.120086, 0.000000,
                -0.074900, 0.139900,-0.004800, 1.000000;;
              }
              Frame Armature_mixamorig_RightArm {
                FrameTransformMatrix {
                   0.995753, 0.090622, 0.016257, 0.000000,
                  -0.072400, 0.661643, 0.746315, 0.000000,
                   0.056877,-0.744322, 0.665394, 0.000000,
                  -0.000000, 0.167200,-0.000000, 1.000000;;
                }
                Frame Armature_mixamorig_RightForeArm {
                  FrameTransformMatrix {
                     0.965410,-0.260728,-0.001990, 0.000000,
                     0.260524, 0.964291, 0.047649, 0.000000,
                    -0.010504,-0.046519, 0.998862, 0.000000,
                     0.000000, 0.222600,-0.000000, 1.000000;;
                  }
                  Frame Armature_mixamorig_RightHand {
                    FrameTransformMatrix {
                       0.919708, 0.176406, 0.350740, 0.000000,
                      -0.218335, 0.972295, 0.083497, 0.000000,
                      -0.326294,-0.153372, 0.932743, 0.000000,
                      -0.000000, 0.266200,-0.000000, 1.000000;;
                    }
                    Frame Armature_mixamorig_RightHandIndex1 {
                      FrameTransformMatrix {
                         0.998563,-0.050408, 0.018217, 0.000000,
                         0.042394, 0.950760, 0.307015, 0.000000,
                        -0.032796,-0.305802, 0.951530, 0.000000,
                         0.033400, 0.116100, 0.000800, 1.000000;;
                      }
                      Frame Armature_mixamorig_RightHandIndex2 {
                        FrameTransformMatrix {
                           0.999641, 0.025953, 0.006710, 0.000000,
                          -0.025953, 0.874327, 0.484644, 0.000000,
                           0.006711,-0.484644, 0.874686, 0.000000,
                           0.000000, 0.037600,-0.000000, 1.000000;;
                        }
                        Frame Armature_mixamorig_RightHandIndex3 {
                          FrameTransformMatrix {
                             0.999844, 0.017426, 0.002967, 0.000000,
                            -0.017583, 0.963172, 0.268310, 0.000000,
                             0.001817,-0.268320, 0.963328, 0.000000,
                            -0.000000, 0.035900,-0.000000, 1.000000;;
                          }
                          Frame Armature_mixamorig_RightHandIndex4 {
                            FrameTransformMatrix {
                               1.000000,-0.000000,-0.000000, 0.000000,
                               0.000000, 1.000000, 0.000000, 0.000000,
                               0.000000, 0.000000, 1.000000, 0.000000,
                               0.000100, 0.031100,-0.000000, 1.000000;;
                            }
                          } // End of Armature_mixamorig_RightHandIndex4
                        } // End of Armature_mixamorig_RightHandIndex3
                      } // End of Armature_mixamorig_RightHandIndex2
                    } // End of Armature_mixamorig_RightHandIndex1
                    Frame Armature_mixamorig_RightHandMiddle1 {
                      FrameTransformMatrix {
                         0.996196,-0.086946,-0.005837, 0.000000,
                         0.084225, 0.943506, 0.320471, 0.000000,
                        -0.022356,-0.319744, 0.947240, 0.000000,
                         0.011100, 0.122300,-0.000700, 1.000000;;
                      }
                      Frame Armature_mixamorig_RightHandMiddle2 {
                        FrameTransformMatrix {
                           0.999438, 0.031796, 0.010599, 0.000000,
                          -0.031767, 0.797793, 0.602094, 0.000000,
                           0.010688,-0.602092, 0.798355, 0.000000,
                           0.000100, 0.037700, 0.000000, 1.000000;;
                        }
                        Frame Armature_mixamorig_RightHandMiddle3 {
                          FrameTransformMatrix {
                             0.999562, 0.029013, 0.005774, 0.000000,
                            -0.028262, 0.878938, 0.476097, 0.000000,
                             0.008738,-0.476052, 0.879374, 0.000000,
                            -0.000100, 0.035100, 0.000000, 1.000000;;
                          }
                          Frame Armature_mixamorig_RightHandMiddle4 {
                            FrameTransformMatrix {
                               1.000000, 0.000000,-0.000000, 0.000000,
                               0.000000, 1.000000, 0.000000, 0.000000,
                              -0.000000, 0.000000, 1.000000, 0.000000,
                              -0.000100, 0.030500, 0.000000, 1.000000;;
                            }
                          } // End of Armature_mixamorig_RightHandMiddle4
                        } // End of Armature_mixamorig_RightHandMiddle3
                      } // End of Armature_mixamorig_RightHandMiddle2
                    } // End of Armature_mixamorig_RightHandMiddle1
                    Frame Armature_mixamorig_RightHandPinky1 {
                      FrameTransformMatrix {
                         0.995919,-0.080408,-0.040983, 0.000000,
                         0.089437, 0.818490, 0.567517, 0.000000,
                        -0.012089,-0.568866, 0.822341, 0.000000,
                        -0.031800, 0.104700, 0.002400, 1.000000;;
                      }
                      Frame Armature_mixamorig_RightHandPinky2 {
                        FrameTransformMatrix {
                           0.999339, 0.035172, 0.009194, 0.000000,
                          -0.035172, 0.871458, 0.489207, 0.000000,
                           0.009194,-0.489207, 0.872119, 0.000000,
                           0.000000, 0.028700,-0.000000, 1.000000;;
                        }
                        Frame Armature_mixamorig_RightHandPinky3 {
                          FrameTransformMatrix {
                             0.999923, 0.012357, 0.001207, 0.000000,
                            -0.012282, 0.970160, 0.242153, 0.000000,
                             0.001821,-0.242149, 0.970237, 0.000000,
                             0.000000, 0.024300,-0.000000, 1.000000;;
                          }
                          Frame Armature_mixamorig_RightHandPinky4 {
                            FrameTransformMatrix {
                               1.000000,-0.000000,-0.000000, 0.000000,
                               0.000000, 1.000000, 0.000000, 0.000000,
                              -0.000000,-0.000000, 1.000000, 0.000000,
                              -0.000100, 0.019500, 0.000000, 1.000000;;
                            }
                          } // End of Armature_mixamorig_RightHandPinky4
                        } // End of Armature_mixamorig_RightHandPinky3
                      } // End of Armature_mixamorig_RightHandPinky2
                    } // End of Armature_mixamorig_RightHandPinky1
                    Frame Armature_mixamorig_RightHandRing1 {
                      FrameTransformMatrix {
                         0.998267,-0.049019,-0.032561, 0.000000,
                         0.058834, 0.819322, 0.570307, 0.000000,
                        -0.001278,-0.571234, 0.820786, 0.000000,
                        -0.012700, 0.114700,-0.002300, 1.000000;;
                      }
                      Frame Armature_mixamorig_RightHandRing2 {
                        FrameTransformMatrix {
                           0.999399, 0.033935, 0.007004, 0.000000,
                          -0.033685, 0.904110, 0.425970, 0.000000,
                           0.008123,-0.425950, 0.904710, 0.000000,
                          -0.000000, 0.036200, 0.000000, 1.000000;;
                        }
                        Frame Armature_mixamorig_RightHandRing3 {
                          FrameTransformMatrix {
                             0.999266, 0.037594, 0.007293, 0.000000,
                            -0.037638, 0.929046, 0.368044, 0.000000,
                             0.007060,-0.368049, 0.929779, 0.000000,
                            -0.000100, 0.034400,-0.000000, 1.000000;;
                          }
                          Frame Armature_mixamorig_RightHandRing4 {
                            FrameTransformMatrix {
                               1.000000, 0.000000,-0.000000, 0.000000,
                              -0.000000, 1.000000, 0.000000, 0.000000,
                               0.000000,-0.000000, 1.000000, 0.000000,
                               0.000100, 0.029900,-0.000000, 1.000000;;
                            }
                          } // End of Armature_mixamorig_RightHandRing4
                        } // End of Armature_mixamorig_RightHandRing3
                      } // End of Armature_mixamorig_RightHandRing2
                    } // End of Armature_mixamorig_RightHandRing1
                    Frame Armature_mixamorig_RightHandThumb1 {
                      FrameTransformMatrix {
                         0.905889,-0.400677,-0.137199, 0.000000,
                         0.423514, 0.857799, 0.291233, 0.000000,
                         0.000999,-0.321931, 0.946763, 0.000000,
                         0.033800, 0.036700, 0.010800, 1.000000;;
                      }
                      Frame Armature_mixamorig_RightHandThumb2 {
                        FrameTransformMatrix {
                           0.858415, 0.500250, 0.113461, 0.000000,
                          -0.503070, 0.864235,-0.004323, 0.000000,
                          -0.100220,-0.053368, 0.993533, 0.000000,
                           0.000600, 0.040800, 0.000000, 1.000000;;
                        }
                        Frame Armature_mixamorig_RightHandThumb3 {
                          FrameTransformMatrix {
                             0.986739, 0.115287, 0.114263, 0.000000,
                            -0.100864, 0.987035,-0.124851, 0.000000,
                            -0.127175, 0.111670, 0.985574, 0.000000,
                             0.002900, 0.042400,-0.000000, 1.000000;;
                          }
                          Frame Armature_mixamorig_RightHandThumb4 {
                            FrameTransformMatrix {
                               1.000000, 0.000000,-0.000000, 0.000000,
                              -0.000000, 1.000000,-0.000000, 0.000000,
                               0.000000, 0.000000, 1.000000, 0.000000,
                              -0.003600, 0.035300, 0.000000, 1.000000;;
                            }
                          } // End of Armature_mixamorig_RightHandThumb4
                        } // End of Armature_mixamorig_RightHandThumb3
                      } // End of Armature_mixamorig_RightHandThumb2
                    } // End of Armature_mixamorig_RightHandThumb1
                  } // End of Armature_mixamorig_RightHand
                } // End of Armature_mixamorig_RightForeArm
              } // End of Armature_mixamorig_RightArm
            } // End of Armature_mixamorig_RightShoulder
          } // End of Armature_mixamorig_Spine2
        } // End of Armature_mixamorig_Spine1
      } // End of Armature_mixamorig_Spine
    } // End of Armature_mixamorig_Hips
  } // End of Armature
} // End of Root
AnimationSet Global {
  Animation {
    {Armature}
    AnimationKey { // Rotation
      0;
      45;
      0;4;-0.707107, 0.707107, 0.000000, 0.000000;;,
      1;4;-0.707107, 0.707107, 0.000000, 0.000000;;,
      2;4;-0.707107, 0.707107, 0.000000, 0.000000;;,
      3;4;-0.707107, 0.707107, 0.000000, 0.000000;;,
      4;4;-0.707107, 0.707107, 0.000000, 0.000000;;,
      5;4;-0.707107, 0.707107, 0.000000, 0.000000;;,
      6;4;-0.707107, 0.707107, 0.000000, 0.000000;;,
      7;4;-0.707107, 0.707107, 0.000000, 0.000000;;,
      8;4;-0.707107, 0.707107, 0.000000, 0.000000;;,
      9;4;-0.707107, 0.707107, 0.000000, 0.000000;;,
      10;4;-0.707107, 0.707107, 0.000000, 0.000000;;,
      11;4;-0.707107, 0.707107, 0.000000, 0.000000;;,
      12;4;-0.707107, 0.707107, 0.000000, 0.000000;;,
      13;4;-0.707107, 0.707107, 0.000000, 0.000000;;,
      14;4;-0.707107, 0.707107, 0.000000, 0.000000;;,
      15;4;-0.707107, 0.707107, 0.000000, 0.000000;;,
      16;4;-0.707107, 0.707107, 0.000000, 0.000000;;,
      17;4;-0.707107, 0.707107, 0.000000, 0.000000;;,
      18;4;-0.707107, 0.707107, 0.000000, 0.000000;;,
      19;4;-0.707107, 0.707107, 0.000000, 0.000000;;,
      20;4;-0.707107, 0.707107, 0.000000, 0.000000;;,
      21;4;-0.707107, 0.707107, 0.000000, 0.000000;;,
      22;4;-0.707107, 0.707107, 0.000000, 0.000000;;,
      23;4;-0.707107, 0.707107, 0.000000, 0.000000;;,
      24;4;-0.707107, 0.707107, 0.000000, 0.000000;;,
      25;4;-0.707107, 0.707107, 0.000000, 0.000000;;,
      26;4;-0.707107, 0.707107, 0.000000, 0.000000;;,
      27;4;-0.707107, 0.707107, 0.000000, 0.000000;;,
      28;4;-0.707107, 0.707107, 0.000000, 0.000000;;,
      29;4;-0.707107, 0.707107, 0.000000, 0.000000;;,
      30;4;-0.707107, 0.707107, 0.000000, 0.000000;;,
      31;4;-0.707107, 0.707107, 0.000000, 0.000000;;,
      32;4;-0.707107, 0.707107, 0.000000, 0.000000;;,
      33;4;-0.707107, 0.707107, 0.000000, 0.000000;;,
      34;4;-0.707107, 0.707107, 0.000000, 0.000000;;,
      35;4;-0.707107, 0.707107, 0.000000, 0.000000;;,
      36;4;-0.707107, 0.707107, 0.000000, 0.000000;;,
      37;4;-0.707107, 0.707107, 0.000000, 0.000000;;,
      38;4;-0.707107, 0.707107, 0.000000, 0.000000;;,
      39;4;-0.707107, 0.707107, 0.000000, 0.000000;;,
      40;4;-0.707107, 0.707107, 0.000000, 0.000000;;,
      41;4;-0.707107, 0.707107, 0.000000, 0.000000;;,
      42;4;-0.707107, 0.707107, 0.000000, 0.000000;;,
      43;4;-0.707107, 0.707107, 0.000000, 0.000000;;,
      44;4;-0.707107, 0.707107, 0.000000, 0.000000;;;
    }
    AnimationKey { // Scale
      1;
      45;
      0;3; 1.000000, 1.000000, 1.000000;;,
      1;3; 1.000000, 1.000000, 1.000000;;,
      2;3; 1.000000, 1.000000, 1.000000;;,
      3;3; 1.000000, 1.000000, 1.000000;;,
      4;3; 1.000000, 1.000000, 1.000000;;,
      5;3; 1.000000, 1.000000, 1.000000;;,
      6;3; 1.000000, 1.000000, 1.000000;;,
      7;3; 1.000000, 1.000000, 1.000000;;,
      8;3; 1.000000, 1.000000, 1.000000;;,
      9;3; 1.000000, 1.000000, 1.000000;;,
      10;3; 1.000000, 1.000000, 1.000000;;,
      11;3; 1.000000, 1.000000, 1.000000;;,
      12;3; 1.000000, 1.000000, 1.000000;;,
      13;3; 1.000000, 1.000000, 1.000000;;,
      14;3; 1.000000, 1.000000, 1.000000;;,
      15;3; 1.000000, 1.000000, 1.000000;;,
      16;3; 1.000000, 1.000000, 1.000000;;,
      17;3; 1.000000, 1.000000, 1.000000;;,
      18;3; 1.000000, 1.000000, 1.000000;;,
      19;3; 1.000000, 1.000000, 1.000000;;,
      20;3; 1.000000, 1.000000, 1.000000;;,
      21;3; 1.000000, 1.000000, 1.000000;;,
      22;3; 1.000000, 1.000000, 1.000000;;,
      23;3; 1.000000, 1.000000, 1.000000;;,
      24;3; 1.000000, 1.000000, 1.000000;;,
      25;3; 1.000000, 1.000000, 1.000000;;,
      26;3; 1.000000, 1.000000, 1.000000;;,
      27;3; 1.000000, 1.000000, 1.000000;;,
      28;3; 1.000000, 1.000000, 1.000000;;,
      29;3; 1.000000, 1.000000, 1.000000;;,
      30;3; 1.000000, 1.000000, 1.000000;;,
      31;3; 1.000000, 1.000000, 1.000000;;,
      32;3; 1.000000, 1.000000, 1.000000;;,
      33;3; 1.000000, 1.000000, 1.000000;;,
      34;3; 1.000000, 1.000000, 1.000000;;,
      35;3; 1.000000, 1.000000, 1.000000;;,
      36;3; 1.000000, 1.000000, 1.000000;;,
      37;3; 1.000000, 1.000000, 1.000000;;,
      38;3; 1.000000, 1.000000, 1.000000;;,
      39;3; 1.000000, 1.000000, 1.000000;;,
      40;3; 1.000000, 1.000000, 1.000000;;,
      41;3; 1.000000, 1.000000, 1.000000;;,
      42;3; 1.000000, 1.000000, 1.000000;;,
      43;3; 1.000000, 1.000000, 1.000000;;,
      44;3; 1.000000, 1.000000, 1.000000;;;
    }
    AnimationKey { // Position
      2;
      45;
      0;3; 0.000000, 0.000000, 0.000000;;,
      1;3; 0.000000, 0.000000, 0.000000;;,
      2;3; 0.000000, 0.000000, 0.000000;;,
      3;3; 0.000000, 0.000000, 0.000000;;,
      4;3; 0.000000, 0.000000, 0.000000;;,
      5;3; 0.000000, 0.000000, 0.000000;;,
      6;3; 0.000000, 0.000000, 0.000000;;,
      7;3; 0.000000, 0.000000, 0.000000;;,
      8;3; 0.000000, 0.000000, 0.000000;;,
      9;3; 0.000000, 0.000000, 0.000000;;,
      10;3; 0.000000, 0.000000, 0.000000;;,
      11;3; 0.000000, 0.000000, 0.000000;;,
      12;3; 0.000000, 0.000000, 0.000000;;,
      13;3; 0.000000, 0.000000, 0.000000;;,
      14;3; 0.000000, 0.000000, 0.000000;;,
      15;3; 0.000000, 0.000000, 0.000000;;,
      16;3; 0.000000, 0.000000, 0.000000;;,
      17;3; 0.000000, 0.000000, 0.000000;;,
      18;3; 0.000000, 0.000000, 0.000000;;,
      19;3; 0.000000, 0.000000, 0.000000;;,
      20;3; 0.000000, 0.000000, 0.000000;;,
      21;3; 0.000000, 0.000000, 0.000000;;,
      22;3; 0.000000, 0.000000, 0.000000;;,
      23;3; 0.000000, 0.000000, 0.000000;;,
      24;3; 0.000000, 0.000000, 0.000000;;,
      25;3; 0.000000, 0.000000, 0.000000;;,
      26;3; 0.000000, 0.000000, 0.000000;;,
      27;3; 0.000000, 0.000000, 0.000000;;,
      28;3; 0.000000, 0.000000, 0.000000;;,
      29;3; 0.000000, 0.000000, 0.000000;;,
      30;3; 0.000000, 0.000000, 0.000000;;,
      31;3; 0.000000, 0.000000, 0.000000;;,
      32;3; 0.000000, 0.000000, 0.000000;;,
      33;3; 0.000000, 0.000000, 0.000000;;,
      34;3; 0.000000, 0.000000, 0.000000;;,
      35;3; 0.000000, 0.000000, 0.000000;;,
      36;3; 0.000000, 0.000000, 0.000000;;,
      37;3; 0.000000, 0.000000, 0.000000;;,
      38;3; 0.000000, 0.000000, 0.000000;;,
      39;3; 0.000000, 0.000000, 0.000000;;,
      40;3; 0.000000, 0.000000, 0.000000;;,
      41;3; 0.000000, 0.000000, 0.000000;;,
      42;3; 0.000000, 0.000000, 0.000000;;,
      43;3; 0.000000, 0.000000, 0.000000;;,
      44;3; 0.000000, 0.000000, 0.000000;;;
    }
  }
  Animation {
    {Armature_mixamorig_Hips}
    AnimationKey { // Rotation
      0;
      45;
      0;4;-0.989246, 0.141727,-0.026856,-0.024173;;,
      1;4;-0.989232, 0.141760,-0.027351,-0.024009;;,
      2;4;-0.989119, 0.142468,-0.027770,-0.023982;;,
      3;4;-0.988872, 0.144135,-0.027834,-0.024148;;,
      4;4;-0.988495, 0.146702,-0.027416,-0.024585;;,
      5;4;-0.988053, 0.149676,-0.026601,-0.025322;;,
      6;4;-0.987640, 0.152386,-0.025619,-0.026262;;,
      7;4;-0.987323, 0.154412,-0.024715,-0.027193;;,
      8;4;-0.987107, 0.155772,-0.024035,-0.027887;;,
      9;4;-0.986962, 0.156697,-0.023580,-0.028210;;,
      10;4;-0.986888, 0.157230,-0.023247,-0.028126;;,
      11;4;-0.986934, 0.157065,-0.022939,-0.027656;;,
      12;4;-0.987167, 0.155785,-0.022598,-0.026879;;,
      13;4;-0.987599, 0.153234,-0.022184,-0.025989;;,
      14;4;-0.988182, 0.149625,-0.021658,-0.025278;;,
      15;4;-0.988848, 0.145312,-0.020998,-0.024956;;,
      16;4;-0.989549, 0.140570,-0.020233,-0.024967;;,
      17;4;-0.990254, 0.135622,-0.019446,-0.024998;;,
      18;4;-0.990929, 0.130762,-0.018730,-0.024716;;,
      19;4;-0.991539, 0.126274,-0.018118,-0.024002;;,
      20;4;-0.992077, 0.122256,-0.017562,-0.022992;;,
      21;4;-0.992558, 0.118577,-0.016958,-0.021942;;,
      22;4;-0.993006, 0.115044,-0.016203,-0.021019;;,
      23;4;-0.993434, 0.111568,-0.015264,-0.020230;;,
      24;4;-0.993844, 0.108127,-0.014261,-0.019455;;,
      25;4;-0.994252, 0.104583,-0.013439,-0.018568;;,
      26;4;-0.994685, 0.100615,-0.012987,-0.017582;;,
      27;4;-0.995161, 0.095965,-0.012890,-0.016702;;,
      28;4;-0.995656, 0.090777,-0.012967,-0.016109;;,
      29;4;-0.996118, 0.085623,-0.013045,-0.015734;;,
      30;4;-0.996507, 0.081057,-0.013061,-0.015255;;,
      31;4;-0.996828, 0.077189,-0.012987,-0.014358;;,
      32;4;-0.997108, 0.073781,-0.012740,-0.012991;;,
      33;4;-0.997368, 0.070609,-0.012238,-0.011070;;,
      34;4;-0.997597, 0.067653,-0.011700,-0.009289;;,
      35;4;-0.997790, 0.064985,-0.011449,-0.007831;;,
      36;4;-0.997947, 0.062614,-0.011728,-0.006656;;,
      37;4;-0.998077, 0.060431,-0.012542,-0.005697;;,
      38;4;-0.998196, 0.058258,-0.013670,-0.004841;;,
      39;4;-0.998313, 0.055985,-0.014855,-0.004028;;,
      40;4;-0.998428, 0.053625,-0.016012,-0.003125;;,
      41;4;-0.998532, 0.051269,-0.017334,-0.002200;;,
      42;4;-0.998615, 0.048978,-0.019170,-0.001512;;,
      43;4;-0.998671, 0.046730,-0.021731,-0.000983;;,
      44;4;-0.998699, 0.044497,-0.024908,-0.000552;;;
    }
    AnimationKey { // Scale
      1;
      45;
      0;3; 1.000000, 1.000000, 1.000000;;,
      1;3; 1.000000, 1.000000, 1.000000;;,
      2;3; 1.000000, 1.000000, 1.000000;;,
      3;3; 1.000000, 1.000000, 1.000000;;,
      4;3; 1.000000, 1.000000, 1.000000;;,
      5;3; 1.000000, 1.000000, 1.000000;;,
      6;3; 1.000000, 1.000000, 1.000000;;,
      7;3; 1.000000, 1.000000, 1.000000;;,
      8;3; 1.000000, 1.000000, 1.000000;;,
      9;3; 1.000000, 1.000000, 1.000000;;,
      10;3; 1.000000, 1.000000, 1.000000;;,
      11;3; 1.000000, 1.000000, 1.000000;;,
      12;3; 1.000000, 1.000000, 1.000000;;,
      13;3; 1.000000, 1.000000, 1.000000;;,
      14;3; 1.000000, 1.000000, 1.000000;;,
      15;3; 1.000000, 1.000000, 1.000000;;,
      16;3; 1.000000, 1.000000, 1.000000;;,
      17;3; 1.000000, 1.000000, 1.000000;;,
      18;3; 1.000000, 1.000000, 1.000000;;,
      19;3; 1.000000, 1.000000, 1.000000;;,
      20;3; 1.000000, 1.000000, 1.000000;;,
      21;3; 1.000000, 1.000000, 1.000000;;,
      22;3; 1.000000, 1.000000, 1.000000;;,
      23;3; 1.000000, 1.000000, 1.000000;;,
      24;3; 1.000000, 1.000000, 1.000000;;,
      25;3; 1.000000, 1.000000, 1.000000;;,
      26;3; 1.000000, 1.000000, 1.000000;;,
      27;3; 1.000000, 1.000000, 1.000000;;,
      28;3; 1.000000, 1.000000, 1.000000;;,
      29;3; 1.000000, 1.000000, 1.000000;;,
      30;3; 1.000000, 1.000000, 1.000000;;,
      31;3; 1.000000, 1.000000, 1.000000;;,
      32;3; 1.000000, 1.000000, 1.000000;;,
      33;3; 1.000000, 1.000000, 1.000000;;,
