xof 0303txt 0032

Frame Root {
  FrameTransformMatrix {
     1.000000, 0.000000, 0.000000, 0.000000,
     0.000000,-0.000000,-1.000000, 0.000000,
     0.000000, 1.000000,-0.000000, 0.000000,
     0.000000, 0.000000, 0.000000, 1.000000;;
  }
  Frame Armature {
    FrameTransformMatrix {
       1.000000, 0.000000, 0.000000, 0.000000,
       0.000000,-0.000000, 1.000000, 0.000000,
       0.000000,-1.000000,-0.000000, 0.000000,
       0.000000, 0.000000, 0.000000, 1.000000;;
    }
    Frame Armature_mixamorig_Hips {
      FrameTransformMatrix {
         0.997784,-0.005655, 0.066302, 0.000000,
         0.001091, 0.997638, 0.068677, 0.000000,
        -0.066533,-0.068452, 0.995433, 0.000000,
        -0.000944, 1.056292,-0.003197, 1.000000;;
      }
      Frame Armature_mixamorig_LeftUpLeg {
        FrameTransformMatrix {
          -0.964377,-0.135170, 0.227388, 0.000000,
           0.164674,-0.979486, 0.116143, 0.000000,
           0.207025, 0.149451, 0.966851, 0.000000,
           0.125300,-0.064400,-0.000000, 1.000000;;
        }
        Frame Armature_mixamorig_LeftLeg {
          FrameTransformMatrix {
             0.995135, 0.060497, 0.077757, 0.000000,
            -0.043378, 0.977691,-0.205521, 0.000000,
            -0.088455, 0.201148, 0.975559, 0.000000,
             0.000000, 0.468500,-0.000000, 1.000000;;
          }
          Frame Armature_mixamorig_LeftFoot {
            FrameTransformMatrix {
               0.994668,-0.091974, 0.046642, 0.000000,
              -0.008949, 0.373601, 0.927547, 0.000000,
              -0.102736,-0.923019, 0.370786, 0.000000,
               0.000000, 0.427200, 0.000000, 1.000000;;
            }
            Frame Armature_mixamorig_LeftToeBase {
              FrameTransformMatrix {
                 0.982383,-0.000767, 0.186877, 0.000000,
                -0.086839, 0.883598, 0.460123, 0.000000,
                -0.165477,-0.468245, 0.867965, 0.000000,
                 0.000000, 0.228901,-0.000000, 1.000000;;
              }
              Frame Armature_mixamorig_LeftToe_End {
                FrameTransformMatrix {
                   1.000000,-0.000000,-0.000000, 0.000000,
                   0.000000, 1.000000, 0.000000, 0.000000,
                   0.000000,-0.000000, 1.000000, 0.000000,
                   0.000000, 0.092100,-0.000000, 1.000000;;
                }
              } // End of Armature_mixamorig_LeftToe_End
            } // End of Armature_mixamorig_LeftToeBase
          } // End of Armature_mixamorig_LeftFoot
        } // End of Armature_mixamorig_LeftLeg
      } // End of Armature_mixamorig_LeftUpLeg
      Frame Armature_mixamorig_RightUpLeg {
        FrameTransformMatrix {
          -0.979330, 0.120673,-0.162333, 0.000000,
          -0.141969,-0.981730, 0.126694, 0.000000,
          -0.144078, 0.147121, 0.978570, 0.000000,
          -0.125300,-0.064400,-0.000500, 1.000000;;
        }
        Frame Armature_mixamorig_RightLeg {
          FrameTransformMatrix {
             0.998092,-0.054313, 0.029368, 0.000000,
             0.057499, 0.990918,-0.121550, 0.000000,
            -0.022500, 0.123007, 0.992151, 0.000000,
             0.000000, 0.467700,-0.000000, 1.000000;;
          }
          Frame Armature_mixamorig_RightFoot {
            FrameTransformMatrix {
               0.995106, 0.089873,-0.041071, 0.000000,
              -0.000754, 0.422537, 0.906345, 0.000000,
               0.098810,-0.901879, 0.420537, 0.000000,
              -0.000000, 0.427200,-0.000000, 1.000000;;
            }
            Frame Armature_mixamorig_RightToeBase {
              FrameTransformMatrix {
                 0.981117, 0.001265,-0.193412, 0.000000,
                 0.087672, 0.888440, 0.450542, 0.000000,
                 0.172405,-0.458991, 0.871553, 0.000000,
                -0.000000, 0.232200, 0.000000, 1.000000;;
              }
              Frame Armature_mixamorig_RightToe_End {
                FrameTransformMatrix {
                   1.000000,-0.000000,-0.000000, 0.000000,
                   0.000000, 1.000000,-0.000000, 0.000000,
                   0.000000, 0.000000, 1.000000, 0.000000,
                   0.000000, 0.092100, 0.000000, 1.000000;;
                }
              } // End of Armature_mixamorig_RightToe_End
            } // End of Armature_mixamorig_RightToeBase
          } // End of Armature_mixamorig_RightFoot
        } // End of Armature_mixamorig_RightLeg
      } // End of Armature_mixamorig_RightUpLeg
      Frame Armature_mixamorig_Spine {
        FrameTransformMatrix {
           0.999983,-0.001640,-0.005628, 0.000000,
           0.000848, 0.990433,-0.137995, 0.000000,
           0.005800, 0.137988, 0.990417, 0.000000,
           0.000000, 0.115900,-0.016800, 1.000000;;
        }
        Frame Armature_mixamorig_Spine1 {
          FrameTransformMatrix {
             0.999947,-0.001461,-0.010211, 0.000000,
             0.001593, 0.999915, 0.012911, 0.000000,
             0.010191,-0.012926, 0.999865, 0.000000,
             0.000000, 0.136600,-0.000000, 1.000000;;
          }
          Frame Armature_mixamorig_Spine2 {
            FrameTransformMatrix {
               0.999946,-0.001558,-0.010260, 0.000000,
               0.001689, 0.999916, 0.012854, 0.000000,
               0.010239,-0.012871, 0.999865, 0.000000,
               0.000000, 0.156100, 0.000000, 1.000000;;
            }
            Frame Armature_mixamorig_LeftShoulder {
              FrameTransformMatrix {
                 0.125564, 0.027900,-0.991693, 0.000000,
                 0.873537,-0.476958, 0.097185, 0.000000,
                -0.470284,-0.878483,-0.084260, 0.000000,
                 0.074900, 0.140000,-0.005500, 1.000000;;
              }
              Frame Armature_mixamorig_LeftArm {
                FrameTransformMatrix {
                   0.977899, 0.119848,-0.171320, 0.000000,
                   0.045621, 0.677346, 0.734249, 0.000000,
                   0.204041,-0.725837, 0.656908, 0.000000,
                  -0.000000, 0.167200, 0.000000, 1.000000;;
                }
                Frame Armature_mixamorig_LeftForeArm {
                  FrameTransformMatrix {
                     0.971378, 0.237527, 0.002459, 0.000000,
                    -0.237410, 0.970453, 0.043106, 0.000000,
                     0.007853,-0.042456, 0.999067, 0.000000,
                     0.000000, 0.222500, 0.000000, 1.000000;;
                  }
                  Frame Armature_mixamorig_LeftHand {
                    FrameTransformMatrix {
                       0.979071,-0.042699,-0.198988, 0.000000,
                       0.064989, 0.992146, 0.106871, 0.000000,
                       0.192862,-0.117567, 0.974157, 0.000000,
                       0.000000, 0.264700,-0.000000, 1.000000;;
                    }
                    Frame Armature_mixamorig_LeftHandIndex1 {
                      FrameTransformMatrix {
                         0.999805, 0.007190,-0.018365, 0.000000,
                         0.000834, 0.914939, 0.403590, 0.000000,
                         0.019704,-0.403527, 0.914755, 0.000000,
                        -0.033700, 0.119900, 0.001000, 1.000000;;
                      }
                      Frame Armature_mixamorig_LeftHandIndex2 {
                        FrameTransformMatrix {
                           0.998769,-0.047472,-0.014395, 0.000000,
                           0.047884, 0.846799, 0.529754, 0.000000,
                          -0.012958,-0.529791, 0.848029, 0.000000,
                          -0.000100, 0.036300,-0.000000, 1.000000;;
                        }
                        Frame Armature_mixamorig_LeftHandIndex3 {
                          FrameTransformMatrix {
                             0.999609,-0.027630,-0.004224, 0.000000,
                             0.027498, 0.945036, 0.325809, 0.000000,
                            -0.005011,-0.325798, 0.945426, 0.000000,
                             0.000000, 0.034900, 0.000000, 1.000000;;
                          }
                          Frame Armature_mixamorig_LeftHandIndex4 {
                            FrameTransformMatrix {
                               1.000000, 0.000000,-0.000000, 0.000000,
                              -0.000000, 1.000000, 0.000000, 0.000000,
                              -0.000000, 0.000000, 1.000000, 0.000000,
                               0.000100, 0.029500, 0.000000, 1.000000;;
                            }
                          } // End of Armature_mixamorig_LeftHandIndex4
                        } // End of Armature_mixamorig_LeftHandIndex3
                      } // End of Armature_mixamorig_LeftHandIndex2
                    } // End of Armature_mixamorig_LeftHandIndex1
                    Frame Armature_mixamorig_LeftHandMiddle1 {
                      FrameTransformMatrix {
                         0.996117,-0.068998,-0.054678, 0.000000,
                         0.085814, 0.899654, 0.428087, 0.000000,
                         0.019654,-0.431117, 0.902082, 0.000000,
                        -0.010400, 0.123900,-0.000800, 1.000000;;
                      }
                      Frame Armature_mixamorig_LeftHandMiddle2 {
                        FrameTransformMatrix {
                           0.998035,-0.058535,-0.022379, 0.000000,
                           0.058504, 0.742318, 0.667488, 0.000000,
                          -0.022459,-0.667486, 0.744284, 0.000000,
                          -0.000100, 0.037200,-0.000000, 1.000000;;
                        }
                        Frame Armature_mixamorig_LeftHandMiddle3 {
                          FrameTransformMatrix {
                             0.999284,-0.037287,-0.006412, 0.000000,
                             0.036787, 0.917985, 0.394906, 0.000000,
                            -0.008838,-0.394859, 0.918699, 0.000000,
                             0.000100, 0.035100,-0.000000, 1.000000;;
                          }
                          Frame Armature_mixamorig_LeftHandMiddle4 {
                            FrameTransformMatrix {
                               1.000000, 0.000000, 0.000000, 0.000000,
                              -0.000000, 1.000000, 0.000000, 0.000000,
                               0.000000,-0.000000, 1.000000, 0.000000,
                               0.000100, 0.030300, 0.000000, 1.000000;;
                            }
                          } // End of Armature_mixamorig_LeftHandMiddle4
                        } // End of Armature_mixamorig_LeftHandMiddle3
                      } // End of Armature_mixamorig_LeftHandMiddle2
                    } // End of Armature_mixamorig_LeftHandMiddle1
                    Frame Armature_mixamorig_LeftHandPinky1 {
                      FrameTransformMatrix {
                         0.986825,-0.155351,-0.045189, 0.000000,
                         0.142204, 0.699634, 0.700207, 0.000000,
                        -0.077162,-0.697408, 0.712508, 0.000000,
                         0.031000, 0.107500, 0.000700, 1.000000;;
                      }
                      Frame Armature_mixamorig_LeftHandPinky2 {
                        FrameTransformMatrix {
                           0.998146,-0.059107,-0.014540, 0.000000,
                           0.059107, 0.884130, 0.463488, 0.000000,
                          -0.014540,-0.463488, 0.885984, 0.000000,
                           0.000000, 0.028500, 0.000000, 1.000000;;
                        }
                        Frame Armature_mixamorig_LeftHandPinky3 {
                          FrameTransformMatrix {
                             0.999630,-0.026996,-0.003436, 0.000000,
                             0.027181, 0.984148, 0.175252, 0.000000,
                            -0.001350,-0.175281, 0.984518, 0.000000,
                            -0.000000, 0.024000, 0.000000, 1.000000;;
                          }
                          Frame Armature_mixamorig_LeftHandPinky4 {
                            FrameTransformMatrix {
                               1.000000,-0.000000,-0.000000, 0.000000,
                               0.000000, 1.000000,-0.000000, 0.000000,
                               0.000000, 0.000000, 1.000000, 0.000000,
                              -0.000100, 0.020700,-0.000000, 1.000000;;
                            }
                          } // End of Armature_mixamorig_LeftHandPinky4
                        } // End of Armature_mixamorig_LeftHandPinky3
                      } // End of Armature_mixamorig_LeftHandPinky2
                    } // End of Armature_mixamorig_LeftHandPinky1
                    Frame Armature_mixamorig_LeftHandRing1 {
                      FrameTransformMatrix {
                         0.996175,-0.069784,-0.052589, 0.000000,
                         0.087284, 0.823121, 0.561118, 0.000000,
                         0.004130,-0.563561, 0.826064, 0.000000,
                         0.013100, 0.116600,-0.000200, 1.000000;;
                      }
                      Frame Armature_mixamorig_LeftHandRing2 {
                        FrameTransformMatrix {
                           0.998009,-0.059843,-0.019929, 0.000000,
                           0.060287, 0.812142, 0.580337, 0.000000,
                          -0.018543,-0.580382, 0.814133, 0.000000,
                          -0.000100, 0.035000, 0.000000, 1.000000;;
                        }
                        Frame Armature_mixamorig_LeftHandRing3 {
                          FrameTransformMatrix {
                             0.998934,-0.045092,-0.009866, 0.000000,
                             0.045092, 0.907607, 0.417392, 0.000000,
                            -0.009866,-0.417392, 0.908673, 0.000000,
                             0.000000, 0.034400,-0.000000, 1.000000;;
                          }
                          Frame Armature_mixamorig_LeftHandRing4 {
                            FrameTransformMatrix {
                               1.000000,-0.000000, 0.000000, 0.000000,
                              -0.000000, 1.000000,-0.000000, 0.000000,
                               0.000000,-0.000000, 1.000000, 0.000000,
                               0.000000, 0.029800, 0.000000, 1.000000;;
                            }
                          } // End of Armature_mixamorig_LeftHandRing4
                        } // End of Armature_mixamorig_LeftHandRing3
                      } // End of Armature_mixamorig_LeftHandRing2
                    } // End of Armature_mixamorig_LeftHandRing1
                    Frame Armature_mixamorig_LeftHandThumb1 {
                      FrameTransformMatrix {
                         0.759713, 0.614186,-0.213570, 0.000000,
                        -0.590961, 0.789161, 0.167305, 0.000000,
                         0.271297,-0.000892, 0.962495, 0.000000,
                        -0.035000, 0.038900, 0.009500, 1.000000;;
                      }
                      Frame Armature_mixamorig_LeftHandThumb2 {
                        FrameTransformMatrix {
                           0.826783,-0.553065,-0.102708, 0.000000,
                           0.561848, 0.820842, 0.102691, 0.000000,
                           0.027512,-0.142610, 0.989396, 0.000000,
                          -0.000600, 0.042600, 0.000000, 1.000000;;
                        }
                        Frame Armature_mixamorig_LeftHandThumb3 {
                          FrameTransformMatrix {
                             0.990662, 0.103264,-0.089019, 0.000000,
                            -0.106708, 0.993681,-0.034824, 0.000000,
                             0.084860, 0.043998, 0.995421, 0.000000,
                            -0.002100, 0.042700, 0.000000, 1.000000;;
                          }
                          Frame Armature_mixamorig_LeftHandThumb4 {
                            FrameTransformMatrix {
                               1.000000,-0.000000,-0.000000, 0.000000,
                               0.000000, 1.000000,-0.000000, 0.000000,
                              -0.000000, 0.000000, 1.000000, 0.000000,
                               0.002700, 0.037000, 0.000000, 1.000000;;
                            }
                          } // End of Armature_mixamorig_LeftHandThumb4
                        } // End of Armature_mixamorig_LeftHandThumb3
                      } // End of Armature_mixamorig_LeftHandThumb2
                    } // End of Armature_mixamorig_LeftHandThumb1
                  } // End of Armature_mixamorig_LeftHand
                } // End of Armature_mixamorig_LeftForeArm
              } // End of Armature_mixamorig_LeftArm
            } // End of Armature_mixamorig_LeftShoulder
            Frame Armature_mixamorig_Neck {
              FrameTransformMatrix {
                 0.998693, 0.046538, 0.021119, 0.000000,
                -0.044598, 0.995422,-0.084531, 0.000000,
                -0.024956, 0.083479, 0.996197, 0.000000,
                -0.000000, 0.175600, 0.000000, 1.000000;;
              }
              Frame Armature_mixamorig_Head {
                FrameTransformMatrix {
                   0.997520,-0.035605,-0.060717, 0.000000,
                   0.045009, 0.985876, 0.161316, 0.000000,
                   0.054115,-0.163649, 0.985033, 0.000000,
                  -0.000000, 0.090200, 0.041700, 1.000000;;
                }
                Frame Armature_mixamorig_HeadTop_End {
                  FrameTransformMatrix {
                     1.000000, 0.000000,-0.000000, 0.000000,
                    -0.000000, 1.000000,-0.000000, 0.000000,
                     0.000000,-0.000000, 1.000000, 0.000000,
                    -0.000000, 0.226500, 0.104700, 1.000000;;
                  }
                } // End of Armature_mixamorig_HeadTop_End
              } // End of Armature_mixamorig_Head
            } // End of Armature_mixamorig_Neck
            Frame Armature_mixamorig_RightShoulder {
              FrameTransformMatrix {
                 0.191794,-0.034942, 0.980813, 0.000000,
                -0.849478,-0.506421, 0.148071, 0.000000,
                 0.491530,-0.861578,-0.126811, 0.000000,
                -0.074900, 0.139900,-0.004800, 1.000000;;
              }
              Frame Armature_mixamorig_RightArm {
                FrameTransformMatrix {
                   0.997950, 0.059204, 0.024291, 0.000000,
                  -0.057421, 0.660880, 0.748291, 0.000000,
                   0.028248,-0.748152, 0.662925, 0.000000,
                  -0.000000, 0.167200, 0.000000, 1.000000;;
                }
                Frame Armature_mixamorig_RightForeArm {
                  FrameTransformMatrix {
                     0.979718,-0.200380, 0.000626, 0.000000,
                     0.200223, 0.979066, 0.036620, 0.000000,
                    -0.007951,-0.035752, 0.999329, 0.000000,
                     0.000000, 0.222600,-0.000000, 1.000000;;
                  }
                  Frame Armature_mixamorig_RightHand {
                    FrameTransformMatrix {
                       0.932443, 0.103905, 0.346054, 0.000000,
                      -0.138293, 0.987460, 0.076140, 0.000000,
                      -0.333803,-0.118853, 0.935120, 0.000000,
                       0.000000, 0.266200,-0.000000, 1.000000;;
                    }
                    Frame Armature_mixamorig_RightHandIndex1 {
                      FrameTransformMatrix {
                         0.998818,-0.044865, 0.018680, 0.000000,
                         0.036211, 0.943414, 0.329634, 0.000000,
                        -0.032412,-0.328569, 0.943924, 0.000000,
                         0.033400, 0.116100, 0.000800, 1.000000;;
                      }
                      Frame Armature_mixamorig_RightHandIndex2 {
                        FrameTransformMatrix {
                           0.999623, 0.026533, 0.007037, 0.000000,
                          -0.026533, 0.868210, 0.495487, 0.000000,
                           0.007037,-0.495487, 0.868587, 0.000000,
                          -0.000000, 0.037600,-0.000000, 1.000000;;
                        }
                        Frame Armature_mixamorig_RightHandIndex3 {
                          FrameTransformMatrix {
                             0.999843, 0.017477, 0.002985, 0.000000,
                            -0.017635, 0.962901, 0.269278, 0.000000,
                             0.001832,-0.269288, 0.963058, 0.000000,
                             0.000000, 0.035900,-0.000000, 1.000000;;
                          }
                          Frame Armature_mixamorig_RightHandIndex4 {
                            FrameTransformMatrix {
                               1.000000, 0.000000,-0.000000, 0.000000,
                              -0.000000, 1.000000, 0.000000, 0.000000,
                               0.000000, 0.000000, 1.000000, 0.000000,
                               0.000100, 0.031100,-0.000000, 1.000000;;
                            }
                          } // End of Armature_mixamorig_RightHandIndex4
                        } // End of Armature_mixamorig_RightHandIndex3
                      } // End of Armature_mixamorig_RightHandIndex2
                    } // End of Armature_mixamorig_RightHandIndex1
                    Frame Armature_mixamorig_RightHandMiddle1 {
                      FrameTransformMatrix {
                         0.996808,-0.079567,-0.006536, 0.000000,
                         0.076266, 0.924850, 0.372606, 0.000000,
                        -0.023602,-0.371915, 0.927966, 0.000000,
                         0.011100, 0.122300,-0.000700, 1.000000;;
                      }
                      Frame Armature_mixamorig_RightHandMiddle2 {
                        FrameTransformMatrix {
                           0.999445, 0.031618, 0.010478, 0.000000,
                          -0.031589, 0.799921, 0.599273, 0.000000,
                           0.010566,-0.599271, 0.800476, 0.000000,
                           0.000100, 0.037700,-0.000000, 1.000000;;
                        }
                        Frame Armature_mixamorig_RightHandMiddle3 {
                          FrameTransformMatrix {
                             0.999566, 0.028904, 0.005723, 0.000000,
                            -0.028159, 0.879884, 0.474354, 0.000000,
                             0.008675,-0.474309, 0.880316, 0.000000,
                            -0.000100, 0.035100, 0.000000, 1.000000;;
                          }
                          Frame Armature_mixamorig_RightHandMiddle4 {
                            FrameTransformMatrix {
                               1.000000, 0.000000,-0.000000, 0.000000,
                              -0.000000, 1.000000, 0.000000, 0.000000,
                              -0.000000,-0.000000, 1.000000, 0.000000,
                              -0.000100, 0.030500, 0.000000, 1.000000;;
                            }
                          } // End of Armature_mixamorig_RightHandMiddle4
                        } // End of Armature_mixamorig_RightHandMiddle3
                      } // End of Armature_mixamorig_RightHandMiddle2
                    } // End of Armature_mixamorig_RightHandMiddle1
                    Frame Armature_mixamorig_RightHandPinky1 {
                      FrameTransformMatrix {
                         0.995218,-0.083536,-0.050633, 0.000000,
                         0.096502, 0.760445, 0.642192, 0.000000,
                        -0.015143,-0.644007, 0.764870, 0.000000,
                        -0.031800, 0.104700, 0.002400, 1.000000;;
                      }
                      Frame Armature_mixamorig_RightHandPinky2 {
                        FrameTransformMatrix {
                           0.999339, 0.035179, 0.009198, 0.000000,
                          -0.035179, 0.871402, 0.489306, 0.000000,
                           0.009198,-0.489306, 0.872064, 0.000000,
                          -0.000000, 0.028700,-0.000000, 1.000000;;
                        }
                        Frame Armature_mixamorig_RightHandPinky3 {
                          FrameTransformMatrix {
                             0.999932, 0.011628, 0.001084, 0.000000,
                            -0.011562, 0.972612, 0.232146, 0.000000,
                             0.001645,-0.232143, 0.972680, 0.000000,
                             0.000000, 0.024300, 0.000000, 1.000000;;
                          }
                          Frame Armature_mixamorig_RightHandPinky4 {
                            FrameTransformMatrix {
                               1.000000,-0.000000,-0.000000, 0.000000,
                              -0.000000, 1.000000,-0.000000, 0.000000,
                              -0.000000, 0.000000, 1.000000, 0.000000,
                              -0.000100, 0.019500, 0.000000, 1.000000;;
                            }
                          } // End of Armature_mixamorig_RightHandPinky4
                        } // End of Armature_mixamorig_RightHandPinky3
                      } // End of Armature_mixamorig_RightHandPinky2
                    } // End of Armature_mixamorig_RightHandPinky1
                    Frame Armature_mixamorig_RightHandRing1 {
                      FrameTransformMatrix {
                         0.998244,-0.046356,-0.036875, 0.000000,
                         0.059224, 0.769669, 0.635690, 0.000000,
                        -0.001086,-0.636758, 0.771063, 0.000000,
                        -0.012700, 0.114700,-0.002300, 1.000000;;
                      }
                      Frame Armature_mixamorig_RightHandRing2 {
                        FrameTransformMatrix {
                           0.999524, 0.030345, 0.005554, 0.000000,
                          -0.030145, 0.922523, 0.384764, 0.000000,
                           0.006552,-0.384748, 0.922998, 0.000000,
                           0.000000, 0.036200,-0.000000, 1.000000;;
                        }
                        Frame Armature_mixamorig_RightHandRing3 {
                          FrameTransformMatrix {
                             0.999296, 0.036857, 0.006972, 0.000000,
                            -0.036899, 0.932484, 0.359322, 0.000000,
                             0.006742,-0.359326, 0.933188, 0.000000,
                            -0.000100, 0.034400, 0.000000, 1.000000;;
                          }
                          Frame Armature_mixamorig_RightHandRing4 {
                            FrameTransformMatrix {
                               1.000000,-0.000000,-0.000000, 0.000000,
                               0.000000, 1.000000, 0.000000, 0.000000,
                               0.000000,-0.000000, 1.000000, 0.000000,
                               0.000100, 0.029900,-0.000000, 1.000000;;
                            }
                          } // End of Armature_mixamorig_RightHandRing4
                        } // End of Armature_mixamorig_RightHandRing3
                      } // End of Armature_mixamorig_RightHandRing2
                    } // End of Armature_mixamorig_RightHandRing1
                    Frame Armature_mixamorig_RightHandThumb1 {
                      FrameTransformMatrix {
                         0.905889,-0.400677,-0.137199, 0.000000,
                         0.423514, 0.857799, 0.291233, 0.000000,
                         0.000999,-0.321931, 0.946763, 0.000000,
                         0.033800, 0.036700, 0.010800, 1.000000;;
                      }
                      Frame Armature_mixamorig_RightHandThumb2 {
                        FrameTransformMatrix {
                           0.858809, 0.499621, 0.113253, 0.000000,
                          -0.502381, 0.864633,-0.004762, 0.000000,
                          -0.100301,-0.052807, 0.993555, 0.000000,
                           0.000600, 0.040800,-0.000000, 1.000000;;
                        }
                        Frame Armature_mixamorig_RightHandThumb3 {
                          FrameTransformMatrix {
                             0.979131, 0.039844, 0.199284, 0.000000,
                             0.019358, 0.957849,-0.286619, 0.000000,
                            -0.202304, 0.284495, 0.937089, 0.000000,
                             0.002900, 0.042400,-0.000000, 1.000000;;
                          }
                          Frame Armature_mixamorig_RightHandThumb4 {
                            FrameTransformMatrix {
                               1.000000, 0.000000,-0.000000, 0.000000,
                              -0.000000, 1.000000,-0.000000, 0.000000,
                               0.000000, 0.000000, 1.000000, 0.000000,
                              -0.003600, 0.035300, 0.000000, 1.000000;;
                            }
                          } // End of Armature_mixamorig_RightHandThumb4
                        } // End of Armature_mixamorig_RightHandThumb3
                      } // End of Armature_mixamorig_RightHandThumb2
                    } // End of Armature_mixamorig_RightHandThumb1
                  } // End of Armature_mixamorig_RightHand
                } // End of Armature_mixamorig_RightForeArm
              } // End of Armature_mixamorig_RightArm
            } // End of Armature_mixamorig_RightShoulder
          } // End of Armature_mixamorig_Spine2
        } // End of Armature_mixamorig_Spine1
      } // End of Armature_mixamorig_Spine
    } // End of Armature_mixamorig_Hips
  } // End of Armature
} // End of Root
AnimationSet Global {
  Animation {
    {Armature}
    AnimationKey { // Rotation
      0;
      50;
      0;4;-0.707107, 0.707107, 0.000000, 0.000000;;,
      1;4;-0.707107, 0.707107, 0.000000, 0.000000;;,
      2;4;-0.707107, 0.707107, 0.000000, 0.000000;;,
      3;4;-0.707107, 0.707107, 0.000000, 0.000000;;,
      4;4;-0.707107, 0.707107, 0.000000, 0.000000;;,
      5;4;-0.707107, 0.707107, 0.000000, 0.000000;;,
      6;4;-0.707107, 0.707107, 0.000000, 0.000000;;,
      7;4;-0.707107, 0.707107, 0.000000, 0.000000;;,
      8;4;-0.707107, 0.707107, 0.000000, 0.000000;;,
      9;4;-0.707107, 0.707107, 0.000000, 0.000000;;,
      10;4;-0.707107, 0.707107, 0.000000, 0.000000;;,
      11;4;-0.707107, 0.707107, 0.000000, 0.000000;;,
      12;4;-0.707107, 0.707107, 0.000000, 0.000000;;,
      13;4;-0.707107, 0.707107, 0.000000, 0.000000;;,
      14;4;-0.707107, 0.707107, 0.000000, 0.000000;;,
      15;4;-0.707107, 0.707107, 0.000000, 0.000000;;,
      16;4;-0.707107, 0.707107, 0.000000, 0.000000;;,
      17;4;-0.707107, 0.707107, 0.000000, 0.000000;;,
      18;4;-0.707107, 0.707107, 0.000000, 0.000000;;,
      19;4;-0.707107, 0.707107, 0.000000, 0.000000;;,
      20;4;-0.707107, 0.707107, 0.000000, 0.000000;;,
      21;4;-0.707107, 0.707107, 0.000000, 0.000000;;,
      22;4;-0.707107, 0.707107, 0.000000, 0.000000;;,
      23;4;-0.707107, 0.707107, 0.000000, 0.000000;;,
      24;4;-0.707107, 0.707107, 0.000000, 0.000000;;,
      25;4;-0.707107, 0.707107, 0.000000, 0.000000;;,
      26;4;-0.707107, 0.707107, 0.000000, 0.000000;;,
      27;4;-0.707107, 0.707107, 0.000000, 0.000000;;,
      28;4;-0.707107, 0.707107, 0.000000, 0.000000;;,
      29;4;-0.707107, 0.707107, 0.000000, 0.000000;;,
      30;4;-0.707107, 0.707107, 0.000000, 0.000000;;,
      31;4;-0.707107, 0.707107, 0.000000, 0.000000;;,
      32;4;-0.707107, 0.707107, 0.000000, 0.000000;;,
      33;4;-0.707107, 0.707107, 0.000000, 0.000000;;,
      34;4;-0.707107, 0.707107, 0.000000, 0.000000;;,
      35;4;-0.707107, 0.707107, 0.000000, 0.000000;;,
      36;4;-0.707107, 0.707107, 0.000000, 0.000000;;,
      37;4;-0.707107, 0.707107, 0.000000, 0.000000;;,
      38;4;-0.707107, 0.707107, 0.000000, 0.000000;;,
      39;4;-0.707107, 0.707107, 0.000000, 0.000000;;,
      40;4;-0.707107, 0.707107, 0.000000, 0.000000;;,
      41;4;-0.707107, 0.707107, 0.000000, 0.000000;;,
      42;4;-0.707107, 0.707107, 0.000000, 0.000000;;,
      43;4;-0.707107, 0.707107, 0.000000, 0.000000;;,
      44;4;-0.707107, 0.707107, 0.000000, 0.000000;;,
      45;4;-0.707107, 0.707107, 0.000000, 0.000000;;,
      46;4;-0.707107, 0.707107, 0.000000, 0.000000;;,
      47;4;-0.707107, 0.707107, 0.000000, 0.000000;;,
      48;4;-0.707107, 0.707107, 0.000000, 0.000000;;,
      49;4;-0.707107, 0.707107, 0.000000, 0.000000;;;
    }
    AnimationKey { // Scale
      1;
      50;
      0;3; 1.000000, 1.000000, 1.000000;;,
      1;3; 1.000000, 1.000000, 1.000000;;,
      2;3; 1.000000, 1.000000, 1.000000;;,
      3;3; 1.000000, 1.000000, 1.000000;;,
      4;3; 1.000000, 1.000000, 1.000000;;,
      5;3; 1.000000, 1.000000, 1.000000;;,
      6;3; 1.000000, 1.000000, 1.000000;;,
      7;3; 1.000000, 1.000000, 1.000000;;,
      8;3; 1.000000, 1.000000, 1.000000;;,
      9;3; 1.000000, 1.000000, 1.000000;;,
      10;3; 1.000000, 1.000000, 1.000000;;,
      11;3; 1.000000, 1.000000, 1.000000;;,
      12;3; 1.000000, 1.000000, 1.000000;;,
      13;3; 1.000000, 1.000000, 1.000000;;,
      14;3; 1.000000, 1.000000, 1.000000;;,
      15;3; 1.000000, 1.000000, 1.000000;;,
      16;3; 1.000000, 1.000000, 1.000000;;,
      17;3; 1.000000, 1.000000, 1.000000;;,
      18;3; 1.000000, 1.000000, 1.000000;;,
      19;3; 1.000000, 1.000000, 1.000000;;,
      20;3; 1.000000, 1.000000, 1.000000;;,
      21;3; 1.000000, 1.000000, 1.000000;;,
      22;3; 1.000000, 1.000000, 1.000000;;,
      23;3; 1.000000, 1.000000, 1.000000;;,
      24;3; 1.000000, 1.000000, 1.000000;;,
      25;3; 1.000000, 1.000000, 1.000000;;,
      26;3; 1.000000, 1.000000, 1.000000;;,
      27;3; 1.000000, 1.000000, 1.000000;;,
      28;3; 1.000000, 1.000000, 1.000000;;,
      29;3; 1.000000, 1.000000, 1.000000;;,
      30;3; 1.000000, 1.000000, 1.000000;;,
      31;3; 1.000000, 1.000000, 1.000000;;,
      32;3; 1.000000, 1.000000, 1.000000;;,
      33;3; 1.000000, 1.000000, 1.000000;;,
      34;3; 1.000000, 1.000000, 1.000000;;,
      35;3; 1.000000, 1.000000, 1.000000;;,
      36;3; 1.000000, 1.000000, 1.000000;;,
      37;3; 1.000000, 1.000000, 1.000000;;,
      38;3; 1.000000, 1.000000, 1.000000;;,
      39;3; 1.000000, 1.000000, 1.000000;;,
      40;3; 1.000000, 1.000000, 1.000000;;,
      41;3; 1.000000, 1.000000, 1.000000;;,
      42;3; 1.000000, 1.000000, 1.000000;;,
      43;3; 1.000000, 1.000000, 1.000000;;,
      44;3; 1.000000, 1.000000, 1.000000;;,
      45;3; 1.000000, 1.000000, 1.000000;;,
      46;3; 1.000000, 1.000000, 1.000000;;,
      47;3; 1.000000, 1.000000, 1.000000;;,
      48;3; 1.000000, 1.000000, 1.000000;;,
      49;3; 1.000000, 1.000000, 1.000000;;;
    }
    AnimationKey { // Position
      2;
      50;
      0;3; 0.000000, 0.000000, 0.000000;;,
      1;3; 0.000000, 0.000000, 0.000000;;,
      2;3; 0.000000, 0.000000, 0.000000;;,
      3;3; 0.000000, 0.000000, 0.000000;;,
      4;3; 0.000000, 0.000000, 0.000000;;,
      5;3; 0.000000, 0.000000, 0.000000;;,
      6;3; 0.000000, 0.000000, 0.000000;;,
      7;3; 0.000000, 0.000000, 0.000000;;,
      8;3; 0.000000, 0.000000, 0.000000;;,
      9;3; 0.000000, 0.000000, 0.000000;;,
      10;3; 0.000000, 0.000000, 0.000000;;,
      11;3; 0.000000, 0.000000, 0.000000;;,
      12;3; 0.000000, 0.000000, 0.000000;;,
      13;3; 0.000000, 0.000000, 0.000000;;,
      14;3; 0.000000, 0.000000, 0.000000;;,
      15;3; 0.000000, 0.000000, 0.000000;;,
      16;3; 0.000000, 0.000000, 0.000000;;,
      17;3; 0.000000, 0.000000, 0.000000;;,
      18;3; 0.000000, 0.000000, 0.000000;;,
      19;3; 0.000000, 0.000000, 0.000000;;,
      20;3; 0.000000, 0.000000, 0.000000;;,
      21;3; 0.000000, 0.000000, 0.000000;;,
      22;3; 0.000000, 0.000000, 0.000000;;,
      23;3; 0.000000, 0.000000, 0.000000;;,
      24;3; 0.000000, 0.000000, 0.000000;;,
      25;3; 0.000000, 0.000000, 0.000000;;,
      26;3; 0.000000, 0.000000, 0.000000;;,
      27;3; 0.000000, 0.000000, 0.000000;;,
      28;3; 0.000000, 0.000000, 0.000000;;,
      29;3; 0.000000, 0.000000, 0.000000;;,
      30;3; 0.000000, 0.000000, 0.000000;;,
      31;3; 0.000000, 0.000000, 0.000000;;,
      32;3; 0.000000, 0.000000, 0.000000;;,
      33;3; 0.000000, 0.000000, 0.000000;;,
      34;3; 0.000000, 0.000000, 0.000000;;,
      35;3; 0.000000, 0.000000, 0.000000;;,
      36;3; 0.000000, 0.000000, 0.000000;;,
      37;3; 0.000000, 0.000000, 0.000000;;,
      38;3; 0.000000, 0.000000, 0.000000;;,
      39;3; 0.000000, 0.000000, 0.000000;;,
      40;3; 0.000000, 0.000000, 0.000000;;,
      41;3; 0.000000, 0.000000, 0.000000;;,
      42;3; 0.000000, 0.000000, 0.000000;;,
      43;3; 0.000000, 0.000000, 0.000000;;,
      44;3; 0.000000, 0.000000, 0.000000;;,
      45;3; 0.000000, 0.000000, 0.000000;;,
      46;3; 0.000000, 0.000000, 0.000000;;,
      47;3; 0.000000, 0.000000, 0.000000;;,
      48;3; 0.000000, 0.000000, 0.000000;;,
      49;3; 0.000000, 0.000000, 0.000000;;;
    }
  }
  Animation {
    {Armature_mixamorig_Hips}
    AnimationKey { // Rotation
      0;
      50;
      0;4;-0.998924, 0.033311,-0.032217,-0.002029;;,
      1;4;-0.998889, 0.033811,-0.032769,-0.001824;;,
      2;4;-0.998856, 0.034321,-0.033247,-0.001688;;,
      3;4;-0.998818, 0.035031,-0.033650,-0.001668;;,
      4;4;-0.998762, 0.036231,-0.034029,-0.001734;;,
      5;4;-0.998679, 0.038060,-0.034485,-0.001852;;,
      6;4;-0.998569, 0.040300,-0.035104,-0.001958;;,
      7;4;-0.998454, 0.042428,-0.035843,-0.001954;;,
      8;4;-0.998365, 0.043973,-0.036478,-0.001873;;,
      9;4;-0.998313, 0.044946,-0.036716,-0.001911;;,
      10;4;-0.998277, 0.045972,-0.036380,-0.002303;;,
      11;4;-0.998212, 0.047962,-0.035547,-0.003140;;,
      12;4;-0.998061, 0.051630,-0.034510,-0.004277;;,
      13;4;-0.997783, 0.057158,-0.033631,-0.005482;;,
      14;4;-0.997370, 0.064101,-0.033185,-0.006550;;,
      15;4;-0.996848, 0.071600,-0.033326,-0.007568;;,
      16;4;-0.996278, 0.078790,-0.033944,-0.008347;;,
      17;4;-0.995715, 0.085263,-0.034697,-0.008821;;,
      18;4;-0.995179, 0.091138,-0.035091,-0.009036;;,
      19;4;-0.994666, 0.096682,-0.034757,-0.009124;;,
      20;4;-0.994180, 0.101905,-0.033711,-0.009276;;,
      21;4;-0.993738, 0.106513,-0.032336,-0.009723;;,
      22;4;-0.993364, 0.110220,-0.031089,-0.010653;;,
      23;4;-0.993053, 0.113096,-0.030157,-0.012069;;,
      24;4;-0.992767, 0.115609,-0.029327,-0.013717;;,
      25;4;-0.992465, 0.118268,-0.028176,-0.015235;;,
      26;4;-0.992144, 0.121166,-0.026437,-0.016418;;,
      27;4;-0.991844, 0.123909,-0.024327,-0.017359;;,
      28;4;-0.991608, 0.125984,-0.022492,-0.018318;;,
      29;4;-0.991453, 0.127194,-0.021553,-0.019467;;,
      30;4;-0.991347, 0.127800,-0.021629,-0.020727;;,
      31;4;-0.991228, 0.128431,-0.022270,-0.021843;;,
      32;4;-0.991014, 0.129828,-0.022851,-0.022647;;,
      33;4;-0.990661, 0.132368,-0.023019,-0.023226;;,
      34;4;-0.990193, 0.135758,-0.022822,-0.023815;;,
      35;4;-0.989691, 0.139291,-0.022547,-0.024532;;,
      36;4;-0.989234, 0.142382,-0.022461,-0.025262;;,
      37;4;-0.988856, 0.144867,-0.022619,-0.025799;;,
      38;4;-0.988552, 0.146852,-0.022854,-0.026036;;,
      39;4;-0.988319, 0.148395,-0.022952,-0.026038;;,
      40;4;-0.988172, 0.149395,-0.022836,-0.025984;;,
      41;4;-0.988126, 0.149736,-0.022641,-0.025956;;,
      42;4;-0.988173, 0.149422,-0.022614,-0.025992;;,
      43;4;-0.988295, 0.148556,-0.022979,-0.026006;;,
      44;4;-0.988467, 0.147308,-0.023722,-0.025902;;,
      45;4;-0.988661, 0.145887,-0.024629,-0.025678;;,
      46;4;-0.988849, 0.144522,-0.025424,-0.025374;;,
      47;4;-0.989008, 0.143402,-0.025944,-0.025039;;,
      48;4;-0.989125, 0.142596,-0.026235,-0.024711;;,
      49;4;-0.989204, 0.142050,-0.026484,-0.024417;;;
    }
    AnimationKey { // Scale
      1;
      50;
      0;3; 1.000000, 1.000000, 1.000000;;,
      1;3; 1.000000, 1.000000, 1.000000;;,
      2;3; 1.000000, 1.000000, 1.000000;;,
      3;3; 1.000000, 1.000000, 1.000000;;,
      4;3; 1.000000, 1.000000, 1.000000;;,
      5;3; 1.000000, 1.000000, 1.000000;;,
      6;3; 1.000000, 1.000000, 1.000000;;,
      7;3; 1.000000, 1.000000, 1.000000;;,
      8;3; 1.000000, 1.000000, 1.000000;;,
      9;3; 1.000000, 1.000000, 1.000000;;,
      10;3; 1.000000, 1.000000, 1.000000;;,
      11;3; 1.000000, 1.000000, 1.000000;;,
